level_0,index,in_x0,in_y0,in_x1,in_y1,word,block_no,line_no,word_no,page_num,genus,draw_genus,epithet,draw_epithet,author,draw_author,infra,draw_infra,taxon rank,error_check,x0,y0,x1,y1,col_no,indent_group
0,3,22.559999465942383,162.6429901123047,48.0665397644043,174.6490020751953,Acacia,2,0,0,703,Acacia,Acacia,,,,,,,genus,,93.99999777475993,677.6791254679362,200.27724901835123,727.7041753133138,0.0,0.0
1,4,36.47999954223633,172.4829864501953,59.70595932006836,184.48899841308594,albida,3,0,0,703,Acacia,Acacia,albida,Acacia_albida_3_0,Del. ,,,,species,,151.99999809265137,718.6791102091471,248.77483050028482,768.7041600545248,0.0,1.0
2,5,63.699501037597656,172.4829864501953,79.3646011352539,184.48899841308594,Del.,3,0,1,703,,Acacia,,,,author_3_0,,,,,265.4145876566569,718.6791102091471,330.6858380635579,768.7041600545248,0.0,1.0
3,6,36.0,183.00099182128906,80.88373565673828,193.989990234375,cyanophylla,3,1,0,703,Acacia,Acacia,cyanophylla,Acacia_cyanophylla_3_1,Lindl. ,,,,species,,150.0,762.5041325887045,337.0155652364095,808.2916259765625,0.0,1.0
4,7,82.38368225097656,182.08299255371094,105.8050765991211,194.08900451660156,Lindl.,3,1,1,703,,Acacia,,,,author_3_1,,,,,343.26534271240234,758.6791356404623,440.8544858296712,808.7041854858398,0.0,1.0
5,8,36.0,192.1630096435547,74.45901489257812,204.1690216064453,farnesiana,3,2,0,703,Acacia,Acacia,farnesiana,Acacia_farnesiana_3_2,(L.) Willd. ,,,,species,,150.0,800.6792068481445,310.2458953857422,850.7042566935221,0.0,1.0
6,9,79.08885192871094,192.1630096435547,92.94806671142578,204.1690216064453,(L.),3,2,1,703,,Acacia,,,,author_3_2,,,,,329.5368830362956,800.6792068481445,387.2836112976074,850.7042566935221,0.0,1.0
7,10,97.57792663574219,192.1630096435547,121.61709594726562,204.1690216064453,Willd.,3,2,2,703,,Acacia,,,,author_3_2,,,,,406.57469431559247,800.6792068481445,506.73789978027344,850.7042566935221,0.0,1.0
8,11,35.7599983215332,202.6809844970703,54.5860595703125,213.66998291015625,seyal,3,3,0,703,Acacia,Acacia,seyal,Acacia_seyal_3_3,Del. ,,,,species,,148.99999300638834,844.5041020711263,227.4419148763021,890.2915954589844,0.0,1.0
9,12,56.08644104003906,201.7629852294922,71.87406921386719,213.7689971923828,Del.,3,3,1,703,,Acacia,,,,author_3_3,,,,,233.6935043334961,840.6791051228842,299.4752883911133,890.7041549682617,0.0,1.0
10,13,36.2400016784668,212.28099060058594,76.7415542602539,223.26998901367188,spirocarpa,3,4,0,703,Acacia,Acacia,spirocarpa,Acacia_spirocarpa_3_4,Hochstt. ,,,,species,,151.00000699361166,884.5041275024414,319.7564760843913,930.2916208902994,0.0,1.0
11,14,78.24160766601562,211.3629913330078,110.61332702636719,223.36900329589844,Hochstt.,3,4,1,703,,Acacia,,,,author_3_4,,,,,326.00669860839844,880.6791305541992,460.8888626098633,930.7041803995768,0.0,1.0
12,15,36.2400016784668,221.88099670410156,60.852291107177734,232.8699951171875,tortilis,3,5,0,703,Acacia,Acacia,tortilis,Acacia_tortilis_3_5,Hayne ,,,,species,,151.00000699361166,924.5041529337565,253.55121294657388,970.2916463216146,0.0,1.0
13,16,62.35186767578125,220.96299743652344,87.54021453857422,232.96900939941406,Hayne,3,5,1,703,,Acacia,,,,author_3_5,,,,,259.79944864908856,920.6791559855143,364.7508939107259,970.704205830892,0.0,1.0
14,17,22.31999969482422,230.56300354003906,40.351531982421875,242.5690155029297,Acer,4,0,0,703,Acer,Acer,,,,,,,genus,,92.99999872843425,960.6791814168295,168.13138326009116,1010.704231262207,0.0,0.0
15,18,36.0,239.68299865722656,81.90462493896484,251.6890106201172,hermoneum,5,0,0,703,Acer,Acer,hermoneum,Acer_hermoneum_5_0,Bornm. et Schw. ,,,,species,,150.0,998.6791610717773,341.2692705790202,1048.704210917155,0.0,1.0
16,19,85.71656799316406,239.68299865722656,113.9067153930664,251.6890106201172,Bornm.,5,0,1,703,,Acer,,,,author_5_0,,,,,357.1523666381836,998.6791610717773,474.6113141377767,1048.704210917155,0.0,1.0
17,20,118.43354034423828,239.68299865722656,125.07429504394531,251.6890106201172,et,5,0,2,703,,Acer,,,,author_5_0,,,,,493.4730847676595,998.6791610717773,521.1428960164388,1048.704210917155,0.0,1.0
18,21,128.8860321044922,239.68299865722656,151.36460876464844,251.6890106201172,Schw.,5,0,3,703,,Acer,,,,author_5_0,,,,,537.0251337687174,998.6791610717773,630.6858698527018,1048.704210917155,0.0,1.0
19,22,35.52000045776367,250.2010040283203,71.89417266845703,261.19000244140625,kyrcanum,5,1,0,703,Acer,Acer,kyrcanum,Acer_kyrcanum_5_1,Fisch. et Mey. ,,,,species,,148.00000190734863,1042.5041834513347,299.5590527852376,1088.2916768391926,0.0,1.0
20,23,74.09395599365234,249.2830047607422,96.07963562011719,261.28900146484375,Fisch.,5,1,1,703,,Acer,,,,author_5_1,,,,,308.7248166402181,1038.6791865030925,400.3318150838216,1088.7041727701824,0.0,1.0
21,24,98.57231140136719,249.2830047607422,105.16963195800781,261.28900146484375,et,5,1,2,703,,Acer,,,,author_5_1,,,,,410.7179641723633,1038.6791865030925,438.20679982503253,1088.7041727701824,0.0,1.0
22,25,107.3694076538086,249.2830047607422,126.6462631225586,261.28900146484375,Mey.,5,1,3,703,,Acer,,,,author_5_1,,,,,447.37253189086914,1038.6791865030925,527.6927630106608,1088.7041727701824,0.0,1.0
23,26,36.0,259.8009948730469,98.98091125488281,270.78997802734375,monspessulanum,5,2,0,703,Acer,Acer,monspessulanum,Acer_monspessulanum_5_2,L. ,,,,species,,150.0,1082.504145304362,412.4204635620117,1128.2915751139324,0.0,1.0
24,27,100.48125457763672,258.88299560546875,108.51862335205078,270.88897705078125,L.,5,2,1,703,,Acer,,,,author_5_2,,,,,418.6718940734863,1078.6791483561199,452.1609306335449,1128.7040710449219,0.0,1.0
25,28,36.0,268.9630126953125,69.80470275878906,280.968994140625,syriacum,5,3,0,703,Acer,Acer,syriacum,Acer_syriacum_5_3,Boiss. et Gaill. ,,,,species,,150.0,1120.679219563802,290.8529281616211,1170.7041422526042,0.0,1.0
26,29,73.67906188964844,268.9630126953125,94.98197937011719,280.968994140625,Boiss.,5,3,1,703,,Acer,,,,author_5_3,,,,,306.99609120686847,1120.679219563802,395.7582473754883,1170.7041422526042,0.0,1.0
27,30,99.58252716064453,268.9630126953125,106.16873931884766,280.968994140625,et,5,3,2,703,,Acer,,,,author_5_3,,,,,414.92719650268555,1120.679219563802,442.36974716186523,1170.7041422526042,0.0,1.0
28,31,110.28558349609375,268.9630126953125,131.4481964111328,280.968994140625,Gaill.,5,3,3,703,,Acer,,,,author_5_3,,,,,459.5232645670573,1120.679219563802,547.7008183797201,1170.7041422526042,0.0,1.0
29,32,36.0,278.0830078125,77.0231704711914,290.0889892578125,tauricolum,5,4,0,703,Acer,Acer,tauricolum,Acer_tauricolum_5_4,Boiss. et Bal. ,,,,species,,150.0,1158.67919921875,320.92987696329754,1208.704121907552,0.0,1.0
30,33,79.93499755859375,278.0830078125,101.4399185180664,290.0889892578125,Boiss.,5,4,1,703,,Acer,,,,author_5_4,,,,,333.06248982747394,1158.67919921875,422.66632715861004,1208.704121907552,0.0,1.0
31,34,105.07996368408203,278.0830078125,111.66819763183594,290.0889892578125,et,5,4,2,703,,Acer,,,,author_5_4,,,,,437.8331820170085,1158.67919921875,465.2841567993164,1208.704121907552,0.0,1.0
32,35,114.58002471923828,278.0830078125,129.76638793945312,290.0889892578125,Bal.,5,4,3,703,,Acer,,,,author_5_4,,,,,477.41676966349286,1158.67919921875,540.6932830810547,1208.704121907552,0.0,1.0
33,36,22.31999969482422,287.6830139160156,78.58912658691406,299.6889953613281,ACERACEAE,6,0,0,703,,,,,,,,,,,92.99999872843425,1198.6792246500652,327.4546941121419,1248.7041473388672,0.0,0.0
34,37,22.079999923706055,297.28302001953125,65.50293731689453,309.28900146484375,Actinolema,6,1,0,703,Actinolema,Actinolema,,,,,,,genus,,91.99999968210857,1238.6792500813801,272.92890548706055,1288.7041727701824,0.0,0.0
35,38,35.7599983215332,306.88299560546875,78.37593841552734,318.88897705078125,eryngioides,7,0,0,703,Actinolema,Actinolema,eryngioides,Actinolema_eryngioides_7_0,Fenzl ,,,,species,,148.99999300638834,1278.6791483561199,326.56641006469727,1328.7040710449219,0.0,1.0
36,39,82.9105453491211,306.88299560546875,103.86360168457031,318.88897705078125,Fenzl,7,0,1,703,,Actinolema,,,,author_7_0,,,,,345.4606056213379,1278.6791483561199,432.76500701904297,1328.7040710449219,0.0,1.0
37,40,35.7599983215332,316.4830017089844,77.47199249267578,328.4889831542969,macrolema,7,1,0,703,Actinolema,Actinolema,macrolema,Actinolema_macrolema_7_1,Boiss. ,,,,species,,148.99999300638834,1318.6791737874348,322.7999687194824,1368.704096476237,0.0,1.0
38,41,81.62006378173828,316.4830017089844,103.12498474121094,328.4889831542969,Boiss.,7,1,1,703,,Actinolema,,,,author_7_1,,,,,340.0835990905762,1318.6791737874348,429.6874364217122,1368.704096476237,0.0,1.0
39,42,22.31999969482422,326.0830078125,71.60194396972656,338.0889892578125,Adenocarpus,8,0,0,703,Adenocarpus,Adenocarpus,,,,,,,genus,,92.99999872843425,1358.67919921875,298.34143320719403,1408.704121907552,0.0,0.0
40,43,36.0,335.6830139160156,81.57867431640625,347.6889953613281,complicatus,9,0,0,703,Adenocarpus,Adenocarpus,complicatus,Adenocarpus_complicatus_9_0,(L.) J. Gay ,,,,species,,150.0,1398.6792246500652,339.91114298502606,1448.7041473388672,0.0,1.0
41,44,86.31253814697266,335.6830139160156,100.1717529296875,347.6889953613281,(L.),9,0,1,703,,Adenocarpus,,,,author_9_0,,,,,359.63557561238605,1398.6792246500652,417.38230387369794,1448.7041473388672,0.0,1.0
42,45,103.85420989990234,335.6830139160156,109.93541717529297,347.6889953613281,J.,9,0,2,703,,Adenocarpus,,,,author_9_0,,,,,432.72587458292645,1398.6792246500652,458.0642382303874,1448.7041473388672,0.0,1.0
43,46,114.40669250488281,335.6830139160156,129.89605712890625,347.6889953613281,Gay,9,0,3,703,,Adenocarpus,,,,author_9_0,,,,,476.6945521036784,1398.6792246500652,541.2335713704427,1448.7041473388672,0.0,1.0
44,47,36.0,346.2010192871094,77.51250457763672,357.19000244140625,divaricatus,9,1,0,703,Adenocarpus,Adenocarpus,divaricatus,Adenocarpus_divaricatus_9_1,(L'Hér.) Boiss. ,,,,species,,150.0,1442.5042470296223,322.9687690734863,1488.2916768391926,0.0,1.0
45,48,79.24475860595703,345.28302001953125,110.57080078125,357.28900146484375,(L'Hér.),9,1,1,703,,Adenocarpus,,,,author_9_1,,,,,330.1864941914876,1438.6792500813801,460.711669921875,1488.7041727701824,0.0,1.0
46,49,112.30294799804688,345.28302001953125,133.60586547851562,357.28900146484375,Boiss.,9,1,2,703,,Adenocarpus,,,,author_9_1,,,,,467.928949991862,1438.6792500813801,556.6911061604818,1488.7041727701824,0.0,1.0
47,50,36.0,355.8009948730469,79.27485656738281,366.78997802734375,intermedius,9,2,0,703,Adenocarpus,Adenocarpus,intermedius,Adenocarpus_intermedius_9_2,D.C. ,,,,species,,150.0,1482.504145304362,330.31190236409503,1528.2915751139324,0.0,1.0
48,51,80.7747802734375,354.88299560546875,98.99995422363281,366.88897705078125,D.C.,9,2,1,703,,Adenocarpus,,,,author_9_2,,,,,336.56158447265625,1478.6791483561199,412.4998092651367,1528.7040710449219,0.0,1.0
49,52,22.079999923706055,365.4010009765625,62.568519592285156,376.3899841308594,Adenotrias,10,0,0,703,Adenotrias,Adenotrias,,,,,,,genus,,91.99999968210857,1522.504170735677,260.7021649678548,1568.2916005452473,0.0,0.0
50,53,35.52000045776367,374.7610168457031,65.23372650146484,385.75,kotsckyi,11,0,0,703,Adenotrias,Adenotrias,kotsckyi,Adenotrias_kotsckyi_11_0,Jaub. et Spach ,,,,species,,148.00000190734863,1561.5042368570964,271.8071937561035,1607.2916666666667,0.0,1.0
51,54,67.52743530273438,373.843017578125,89.17274475097656,385.8489990234375,Jaub.,11,0,1,703,,Adenotrias,,,,author_11_0,,,,,281.36431376139325,1557.6792399088542,371.55310312906903,1607.7041625976562,0.0,1.0
52,55,91.4664535522461,373.843017578125,98.23042297363281,385.8489990234375,et,11,0,2,703,,Adenotrias,,,,author_11_0,,,,,381.1102231343587,1557.6792399088542,409.2934290568034,1607.7041625976562,0.0,1.0
53,56,100.52413177490234,373.843017578125,123.17236328125,385.8489990234375,Spach,11,0,3,703,,Adenotrias,,,,author_11_0,,,,,418.8505490620931,1557.6792399088542,513.2181803385416,1607.7041625976562,0.0,1.0
54,57,34.79999923706055,384.60101318359375,63.07899475097656,395.5899963378906,phrygia,11,1,0,703,Adenotrias,Adenotrias,phrygia,Adenotrias_phrygia_11_1,Jaub. et Spach ,,,,species,,144.9999968210856,1602.5042215983074,262.82914479573566,1648.2916514078777,0.0,1.0
55,58,65.56157684326172,383.6830139160156,87.01700592041016,395.6889953613281,Jaub.,11,1,1,703,,Adenotrias,,,,author_11_1,,,,,273.1732368469238,1598.6792246500652,362.570858001709,1648.7041473388672,0.0,1.0
56,59,90.94792175292969,383.6830139160156,97.73007202148438,395.6889953613281,et,11,1,2,703,,Adenotrias,,,,author_11_1,,,,,378.94967397054035,1598.6792246500652,407.20863342285156,1648.7041473388672,0.0,1.0
57,60,101.24689483642578,383.6830139160156,123.89512634277344,395.6889953613281,Spach,11,1,3,703,,Adenotrias,,,,author_11_1,,,,,421.86206181844074,1598.6792246500652,516.2296930948893,1648.7041473388672,0.0,1.0
58,61,21.84000015258789,393.76300048828125,48.55550765991211,405.76898193359375,Adonis,12,0,0,703,Adonis,Adonis,,,,,,,genus,,91.00000063578288,1640.6791687011719,202.3146152496338,1690.7040913899739,0.0,0.0
59,62,35.52000045776367,402.88299560546875,69.41661834716797,414.88897705078125,aestivalis,13,0,0,703,Adonis,Adonis,aestivalis,Adonis_aestivalis_13_0,L. ,,,,species,,148.00000190734863,1678.6791483561199,289.2359097798665,1728.7040710449219,0.0,1.0
60,63,73.59600067138672,402.88299560546875,81.5255126953125,414.88897705078125,L.,13,0,1,703,,Adonis,,,,author_13_0,,,,,306.65000279744464,1678.6791483561199,339.68963623046875,1728.7040710449219,0.0,1.0
61,64,35.7599983215332,412.4830322265625,66.87506866455078,424.489013671875,aleppica,13,1,0,703,Adonis,Adonis,aleppica,Adonis_aleppica_13_1,Boiss. ,,,,species,,148.99999300638834,1718.6793009440105,278.64611943562824,1768.7042236328125,0.0,1.0
62,65,71.06050872802734,412.4830322265625,92.5654296875,424.489013671875,Boiss.,13,1,1,703,,Adonis,,,,author_13_1,,,,,296.08545303344727,1718.6793009440105,385.6892903645833,1768.7042236328125,0.0,1.0
63,66,35.7599983215332,422.0830078125,58.84456253051758,434.0889892578125,annua,13,2,0,703,Adonis,Adonis,annua,Adonis_annua_13_2,L. ,,,,species,,148.99999300638834,1758.67919921875,245.1856772104899,1808.704121907552,0.0,1.0
64,67,63.527931213378906,422.0830078125,71.68569946289062,434.0889892578125,L.,13,2,1,703,,Adonis,,,,author_13_2,,,,,264.6997133890788,1758.67919921875,298.69041442871094,1808.704121907552,0.0,1.0
65,68,35.52000045776367,432.60101318359375,76.49031829833984,443.5899963378906,autumnalis,13,3,0,703,Adonis,Adonis,autumnalis,Adonis_autumnalis_13_3,L. ,,,,species,,148.00000190734863,1802.5042215983074,318.709659576416,1848.2916514078777,0.0,1.0
66,69,77.99066162109375,431.6830139160156,86.02803039550781,443.6889953613281,L.,13,3,1,703,,Adonis,,,,author_13_3,,,,,324.9610900878906,1798.6792246500652,358.4501266479492,1848.7041473388672,0.0,1.0
67,70,35.279998779296875,441.72100830078125,73.8871078491211,452.7099914550781,cupatdana,13,4,0,703,Adonis,Adonis,cupatdana,Adonis_cupatdana_13_4,Guss. ,,,,species,,146.99999491373697,1840.5042012532551,307.8629493713379,1886.2916310628254,0.0,1.0
68,71,75.38676452636719,440.8030090332031,95.90447235107422,452.8089904785156,Guss.,13,4,1,703,,Adonis,,,,author_13_4,,,,,314.1115188598633,1836.679204305013,399.6019681294759,1886.7041269938152,0.0,1.0
69,72,35.279998779296875,450.40301513671875,63.57413864135742,462.40899658203125,dentata,13,5,0,703,Adonis,Adonis,dentata,Adonis_dentata_13_5,Del. ,,,,species,,146.99999491373697,1876.6792297363281,264.89224433898926,1926.7041524251301,0.0,1.0
70,73,68.26053619384766,450.40301513671875,83.9256362915039,462.40899658203125,Del.,13,5,1,703,,Adonis,,,,author_13_5,,,,,284.41890080769855,1876.6792297363281,349.6901512145996,1926.7041524251301,0.0,1.0
71,74,35.52000045776367,460.4830322265625,80.64275360107422,472.489013671875,eriocalycina,13,6,0,703,Adonis,Adonis,eriocalycina,Adonis_eriocalycina_13_6,Boiss. ,,,,species,,148.00000190734863,1918.6793009440105,336.01147333780926,1968.7042236328125,0.0,1.0
72,75,85.69982147216797,460.4830322265625,107.20474243164062,472.489013671875,Boiss.,13,6,1,703,,Adonis,,,,author_13_6,,,,,357.0825894673665,1918.6793009440105,446.6864267985026,1968.7042236328125,0.0,1.0
73,76,35.279998779296875,470.0830078125,70.073486328125,482.0889892578125,flammea,13,7,0,703,Adonis,Adonis,flammea,Adonis_flammea_13_7,Jacqu. ,,,,species,,146.99999491373697,1958.67919921875,291.9728597005208,2008.704121907552,0.0,1.0
74,77,71.66524505615234,470.0830078125,97.12532806396484,482.0889892578125,Jacqu.,13,7,1,703,,Adonis,,,,author_13_7,,,,,298.6051877339681,1958.67919921875,404.68886693318683,2008.704121907552,0.0,1.0
75,78,35.52000045776367,479.6830139160156,78.0702896118164,491.6889953613281,microcarpa,13,8,0,703,Adonis,Adonis,microcarpa,Adonis_microcarpa_13_8,D.C. ,,,,species,,148.00000190734863,1998.6792246500652,325.29287338256836,2048.704147338867,0.0,1.0
76,79,83.31017303466797,479.6830139160156,101.20535278320312,491.6889953613281,D.C.,13,8,1,703,,Adonis,,,,author_13_8,,,,,347.1257209777832,1998.6792246500652,421.688969930013,2048.704147338867,0.0,1.0
77,80,21.600000381469727,489.28302001953125,54.60295104980469,501.28900146484375,Aegilops,14,0,0,703,Aegilops,Aegilops,,,,,,,genus,,90.0000015894572,2038.6792500813801,227.51229604085287,2088.704172770182,0.0,0.0
78,81,35.52000045776367,499.8009948730469,71.45425415039062,510.78997802734375,biuncialis,15,0,0,703,Aegilops,Aegilops,biuncialis,Aegilops_biuncialis_15_0,Vis. ,,,,species,,148.00000190734863,2082.504145304362,297.72605895996094,2128.291575113932,0.0,1.0
79,82,72.95417022705078,498.88299560546875,88.11122131347656,510.88897705078125,Vis.,15,0,1,703,,Aegilops,,,,author_15_0,,,,,303.97570927937824,2078.6791483561196,367.13008880615234,2128.704071044922,0.0,1.0
80,83,35.279998779296875,508.4830322265625,62.33992385864258,520.489013671875,lorentii,15,1,0,703,Aegilops,Aegilops,lorentii,Aegilops_lorentii_15_1,Hochstt. ,,,,species,,146.99999491373697,2118.6793009440103,259.74968274434406,2168.7042236328125,0.0,1.0
81,84,67.1929702758789,508.4830322265625,99.28572082519531,520.489013671875,Hochstt.,15,1,1,703,,Aegilops,,,,author_15_1,,,,,279.9707094828288,2118.6793009440103,413.6905034383138,2168.7042236328125,0.0,1.0
82,85,35.279998779296875,519.0009765625,72.66484069824219,529.989990234375,squarrosa,15,2,0,703,Aegilops,Aegilops,squarrosa,Aegilops_squarrosa_15_2,L. ,,,,species,,146.99999491373697,2162.5040690104165,302.7701695760091,2208.2916259765625,0.0,1.0
83,86,74.16519165039062,518.0830078125,82.261962890625,530.0889892578125,L.,15,2,1,703,,Aegilops,,,,author_15_2,,,,,309.0216318766276,2158.67919921875,342.7581787109375,2208.7041219075522,0.0,1.0
84,87,35.52000045776367,527.2030029296875,64.49185180664062,539.208984375,tauschii,15,3,0,703,Aegilops,Aegilops,tauschii,Aegilops_tauschii_15_3,Cosson ,,,,species,,148.00000190734863,2196.6791788736978,268.71604919433594,2246.7041015625,0.0,1.0
85,88,69.10250091552734,527.2030029296875,95.08474731445312,539.208984375,Cosson,15,3,1,703,,Aegilops,,,,author_15_3,,,,,287.9270871480306,2196.6791788736978,396.1864471435547,2246.7041015625,0.0,1.0
86,89,21.600000381469727,536.8030395507812,67.3499755859375,548.8090209960938,Aethionema,16,0,0,703,Aethionema,Aethionema,,,,,,,genus,,90.0000015894572,2236.6793314615884,280.62489827473956,2286.7042541503906,0.0,0.0
87,90,35.52000045776367,546.6430053710938,71.03362274169922,558.6489868164062,arabicum,17,0,0,703,Aethionema,Aethionema,arabicum,Aethionema_arabicum_17_0,(L.) Cràntz ,,,,species,,148.00000190734863,2277.679189046224,295.9734280904134,2327.704111735026,0.0,1.0
88,91,76.45934295654297,546.6430053710938,90.31855773925781,558.6489868164062,(L.),17,0,1,703,,Aethionema,,,,author_17_0,,,,,318.5805956522624,2277.679189046224,376.3273239135742,2327.704111735026,0.0,1.0
89,92,96.00320434570312,546.6430053710938,121.8270492553711,558.6489868164062,Cràntz,17,0,2,703,,Aethionema,,,,author_17_0,,,,,400.0133514404297,2277.679189046224,507.6127052307129,2327.704111735026,0.0,1.0
90,93,35.279998779296875,556.2429809570312,71.77716827392578,568.2489624023438,armenum,17,1,0,703,Aethionema,Aethionema,armenum,Aethionema_armenum_17_1,Boiss. ,,,,species,,146.99999491373697,2317.6790873209634,299.07153447469074,2367.7040100097656,0.0,1.0
91,94,76.30197143554688,556.2429809570312,97.60488891601562,568.2489624023438,Boiss.,17,1,1,703,,Aethionema,,,,author_17_1,,,,,317.9248809814453,2317.6790873209634,406.6870371500651,2367.7040100097656,0.0,1.0
92,95,35.279998779296875,567.0009765625,74.17398834228516,577.989990234375,buxbaumii,17,2,0,703,Aethionema,Aethionema,buxbaumii,Aethionema_buxbaumii_17_2,Fisch. ,,,,species,,146.99999491373697,2362.5040690104165,309.0582847595215,2408.2916259765625,0.0,1.0
93,96,75.67353057861328,566.0830078125,98.1544189453125,578.0889892578125,Fisch.,17,2,1,703,,Aethionema,,,,author_17_2,,,,,315.3063774108887,2358.67919921875,408.97674560546875,2408.7041219075522,0.0,1.0
94,97,35.040000915527344,576.6009521484375,91.97689819335938,587.5899658203125,campylopterum,17,3,0,703,Aethionema,Aethionema,campylopterum,Aethionema_campylopterum_17_3,Boiss. ,,,,species,,146.00000381469727,2402.5039672851562,383.23707580566406,2448.2915242513022,0.0,1.0
95,98,93.47687530517578,575.6829833984375,115.12935638427734,587.68896484375,Boiss.,17,3,1,703,,Aethionema,,,,author_17_3,,,,,389.4869804382324,2398.6790974934897,479.7056516011556,2448.7040201822915,0.0,1.0
96,99,35.279998779296875,585.7630004882812,73.34487915039062,597.7689819335938,capitatum,17,4,0,703,Aethionema,Aethionema,capitatum,Aethionema_capitatum_17_4,Boiss. et Bal. ,,,,species,,146.99999491373697,2440.679168701172,305.6036631266276,2490.704091389974,0.0,1.0
97,100,77.77372741699219,585.7630004882812,99.07664489746094,597.7689819335938,Boiss.,17,4,1,703,,Aethionema,,,,author_17_4,,,,,324.0571975708008,2440.679168701172,412.8193537394206,2490.704091389974,0.0,1.0
98,101,104.24380493164062,585.7630004882812,110.8754653930664,597.7689819335938,et,17,4,2,703,,Aethionema,,,,author_17_4,,,,,434.34918721516925,2440.679168701172,461.98110580444336,2490.704091389974,0.0,1.0
99,102,115.05888366699219,585.7630004882812,130.24525451660156,597.7689819335938,Bal.,17,4,3,703,,Aethionema,,,,author_17_4,,,,,479.4120152791341,2440.679168701172,542.6885604858398,2490.704091389974,0.0,1.0
100,103,35.279998779296875,594.8829956054688,67.97067260742188,606.8889770507812,carneum,17,5,0,703,Aethionema,Aethionema,carneum,Aethionema_carneum_17_5,(Banks et Sol.) Fisch ,,,,species,,146.99999491373697,2478.6791483561196,283.2111358642578,2528.704071044922,0.0,1.0
101,104,72.81462860107422,594.8829956054688,98.066650390625,606.8889770507812,(Banks,17,5,1,703,,Aethionema,,,,author_17_5,,,,,303.39428583780926,2478.6791483561196,408.6110432942708,2528.704071044922,0.0,1.0
102,105,102.14604187011719,594.8829956054688,108.74235534667969,606.8889770507812,et,17,5,2,703,,Aethionema,,,,author_17_5,,,,,425.60850779215497,2478.6791483561196,453.09314727783203,2528.704071044922,0.0,1.0
103,106,112.56621551513672,594.8829956054688,129.7816619873047,606.8889770507812,Sol.),17,5,3,703,,Aethionema,,,,author_17_5,,,,,469.0258979797363,2478.6791483561196,540.7569249471029,2528.704071044922,0.0,1.0
104,107,134.8811492919922,594.8829956054688,154.37716674804688,606.8889770507812,Fisch,17,5,4,703,,Aethionema,,,,author_17_5,,,,,562.0047887166342,2478.6791483561196,643.2381947835287,2528.704071044922,0.0,1.0
105,161,242.16000366210938,144.6429901123047,278.1543884277344,156.6490020751953,cordatum,29,0,0,703,Aethionema,Aethionema,cordatum,Aethionema_cordatum_29_0,(Desf.) Boiss. ,,,,species,,1009.0000152587891,602.6791254679362,1158.9766184488933,652.7041753133138,1.0,2.0
106,162,282.50042724609375,144.6429901123047,306.69195556640625,156.6490020751953,(Desf.),29,0,1,703,,Aethionema,,,,author_29_0,,,,,1177.0851135253906,602.6791254679362,1277.8831481933594,652.7041753133138,1.0,2.0
107,163,310.782470703125,144.6429901123047,332.08538818359375,156.6490020751953,Boiss.,29,0,2,703,,Aethionema,,,,author_29_0,,,,,1294.9269612630208,602.6791254679362,1383.6891174316406,652.7041753133138,1.0,2.0
108,164,242.16000366210938,153.04298400878906,287.4989013671875,165.0489959716797,coridifolium,29,1,0,703,Aethionema,Aethionema,coridifolium,Aethionema_coridifolium_29_1,D.C. ,,,,species,,1009.0000152587891,637.6791000366211,1197.912089029948,687.7041498819987,1.0,2.0
109,165,292.94989013671875,153.04298400878906,311.2056579589844,165.0489959716797,D.C.,29,1,1,703,,Aethionema,,,,author_29_1,,,,,1220.6245422363281,637.6791000366211,1296.6902414957683,687.7041498819987,1.0,2.0
110,166,242.16000366210938,162.8829803466797,295.1904602050781,174.8889923095703,heterocarpum,29,2,0,703,Aethionema,Aethionema,heterocarpum,Aethionema_heterocarpum_29_2,J. Gay ,,,,species,,1009.0000152587891,678.679084777832,1229.9602508544922,728.7041346232096,1.0,2.0
111,167,298.27093505859375,162.8829803466797,304.4814147949219,174.8889923095703,J.,29,2,1,703,,Aethionema,,,,author_29_2,,,,,1242.7955627441406,678.679084777832,1268.6725616455078,728.7041346232096,1.0,2.0
112,168,312.8856506347656,162.8829803466797,328.3750305175781,174.8889923095703,Gay,29,2,2,703,,Aethionema,,,,author_29_2,,,,,1303.6902109781902,678.679084777832,1368.2292938232422,728.7041346232096,1.0,2.0
113,169,242.16000366210938,173.40098571777344,275.9880676269531,184.38998413085938,lignosum,29,3,0,703,Aethionema,Aethionema,lignosum,Aethionema_lignosum_29_3,Boiss. et Hausskn. ,,,,species,,1009.0000152587891,722.5041071573893,1149.9502817789714,768.2916005452474,1.0,2.0
114,170,278.7039489746094,172.4829864501953,300.0068664550781,184.48899841308594,Boiss.,29,3,1,703,,Aethionema,,,,author_29_3,,,,,1161.2664540608723,718.6791102091471,1250.0286102294922,768.7041600545248,1.0,2.0
115,171,303.0429382324219,172.4829864501953,309.6109619140625,184.48899841308594,et,29,3,2,703,,Aethionema,,,,author_29_3,,,,,1262.6789093017578,718.6791102091471,1290.045674641927,768.7041600545248,1.0,2.0
116,172,312.32684326171875,172.4829864501953,346.7254333496094,184.48899841308594,Hausskn.,29,3,3,703,,Aethionema,,,,author_29_3,,,,,1301.3618469238281,718.6791102091471,1444.6893056233723,768.7041600545248,1.0,2.0
117,173,242.16000366210938,182.08299255371094,285.9344482421875,194.08900451660156,longistylum,29,4,0,703,Aethionema,Aethionema,longistylum,Aethionema_longistylum_29_4,Post ,,,,species,,1009.0000152587891,758.6791356404623,1191.393534342448,808.7041854858398,1.0,2.0
118,174,291.8146667480469,182.08299255371094,307.42218017578125,194.08900451660156,Post,29,4,1,703,,Aethionema,,,,author_29_4,,,,,1215.8944447835286,758.6791356404623,1280.9257507324219,808.7041854858398,1.0,2.0
119,175,242.16000366210938,192.1630096435547,295.3194274902344,204.1690216064453,oppositifolium,29,5,0,703,Aethionema,Aethionema,oppositifolium,Aethionema_oppositifolium_29_5,(Lab.) Boiss. ,,,,species,,1009.0000152587891,800.6792068481445,1230.4976145426433,850.7042566935221,1.0,2.0
120,176,301.8884582519531,192.1630096435547,324.8548583984375,204.1690216064453,(Lab.),29,5,1,703,,Aethionema,,,,author_29_5,,,,,1257.8685760498047,800.6792068481445,1353.5619099934895,850.7042566935221,1.0,2.0
121,177,331.42388916015625,192.1630096435547,352.726806640625,204.1690216064453,Boiss.,29,5,2,703,,Aethionema,,,,author_29_5,,,,,1380.9328715006511,800.6792068481445,1469.6950276692708,850.7042566935221,1.0,2.0
122,178,241.1999969482422,202.6809844970703,288.01873779296875,213.66998291015625,polygaloides,29,6,0,703,Aethionema,Aethionema,polygaloides,Aethionema_polygaloides_29_6,Ledeb. ,,,,species,,1004.9999872843424,844.5041020711263,1200.0780741373699,890.2915954589844,1.0,2.0
123,179,289.5190124511719,201.7629852294922,315.810302734375,213.7689971923828,Ledeb.,29,6,1,703,,Aethionema,,,,author_29_6,,,,,1206.3292185465496,840.6791051228842,1315.8762613932292,890.7041549682617,1.0,2.0
124,180,241.9199981689453,212.28099060058594,275.2314453125,223.26998901367188,spicatum,29,7,0,703,Aethionema,Aethionema,spicatum,Aethionema_spicatum_29_7,Post ,,,,species,,1007.9999923706055,884.5041275024414,1146.7976888020833,930.2916208902994,1.0,2.0
125,181,276.73101806640625,211.3629913330078,292.3919982910156,223.36900329589844,Post,29,7,1,703,,Aethionema,,,,author_29_7,,,,,1153.0459086100261,880.6791305541992,1218.2999928792317,930.7041803995768,1.0,2.0
126,182,242.16000366210938,220.96299743652344,275.9647216796875,232.96900939941406,syriacum,29,8,0,703,Aethionema,Aethionema,syriacum,Aethionema_syriacum_29_8,(Boiss.) Hd.-Mz. ,,,,species,,1009.0000152587891,920.6791559855143,1149.853006998698,970.704205830892,1.0,2.0
127,183,282.1883544921875,220.96299743652344,308.63623046875,232.96900939941406,(Boiss.),29,8,1,703,,Aethionema,,,,author_29_8,,,,,1175.7848103841145,920.6791559855143,1285.9842936197917,970.704205830892,1.0,2.0
128,184,314.85986328125,220.96299743652344,348.16558837890625,232.96900939941406,Hd.-Mz.,29,8,2,703,,Aethionema,,,,author_29_8,,,,,1311.9160970052083,920.6791559855143,1450.6899515787761,970.704205830892,1.0,2.0
129,185,228.47999572753906,230.56300354003906,268.8204040527344,242.5690155029297,Agrimonia,30,0,0,703,Agrimonia,Agrimonia,,,,,,,genus,,951.9999821980795,960.6791814168295,1120.0850168863933,1010.704231262207,1.0,3.0
130,186,241.9199981689453,239.68299865722656,277.4083557128906,251.6890106201172,eupatoria,31,0,0,703,Agrimonia,Agrimonia,eupatoria,Agrimonia_eupatoria_31_0,L. ,,,,species,,1007.9999923706055,998.6791610717773,1155.868148803711,1048.704210917155,1.0,2.0
131,187,282.0553894042969,239.68299865722656,290.08587646484375,251.6890106201172,L.,31,0,1,703,,Agrimonia,,,,author_31_0,,,,,1175.2307891845703,998.6791610717773,1208.6911519368489,1048.704210917155,1.0,2.0
132,188,241.67999267578125,249.2830047607422,270.5225524902344,261.28900146484375,odorata,31,1,0,703,Agrimonia,Agrimonia,odorata,Agrimonia_odorata_31_1,Mill. ,,,,species,,1006.9999694824219,1038.6791865030925,1127.1773020426433,1088.7041727701824,1.0,2.0
133,189,275.2756042480469,249.2830047607422,293.9252014160156,261.28900146484375,Mill.,31,1,1,703,,Agrimonia,,,,author_31_1,,,,,1146.981684366862,1038.6791865030925,1224.6883392333984,1088.7041727701824,1.0,2.0
134,190,228.24000549316406,258.88299560546875,268.87030029296875,270.88897705078125,Agropyron,32,0,0,703,Agropyron,Agropyron,,,,,,,genus,,951.0000228881836,1078.6791483561199,1120.2929178873699,1128.7040710449219,1.0,3.0
135,191,241.9199981689453,269.8810119628906,269.8805236816406,280.8699951171875,aucheri,33,0,0,703,Agropyron,Agropyron,aucheri,Agropyron_aucheri_33_0,Boiss. ,,,,species,,1007.9999923706055,1124.5042165120442,1124.502182006836,1170.2916463216145,1.0,2.0
136,192,271.3804931640625,268.9630126953125,292.8295593261719,280.968994140625,Boiss.,33,0,1,703,,Agropyron,,,,author_33_0,,,,,1130.7520548502605,1120.679219563802,1220.1231638590496,1170.7041422526042,1.0,2.0
137,193,242.16000366210938,278.0830078125,293.7679748535156,290.0889892578125,trichophorum,33,1,0,703,Agropyron,Agropyron,trichophorum,Agropyron_trichophorum_33_1,(Link) Richt. ,,,,species,,1009.0000152587891,1158.67919921875,1224.0332285563152,1208.704121907552,1.0,2.0
138,194,300.5440673828125,278.0830078125,323.64276123046875,290.0889892578125,(Link),33,1,1,703,,Agropyron,,,,author_33_1,,,,,1252.2669474283855,1158.67919921875,1348.5115051269531,1208.704121907552,1.0,2.0
139,195,330.14715576171875,278.0830078125,353.4458923339844,290.0889892578125,Richt.,33,1,2,703,,Agropyron,,,,author_33_1,,,,,1375.6131490071614,1158.67919921875,1472.6912180582683,1208.704121907552,1.0,2.0
140,196,228.24000549316406,288.60101318359375,258.99615478515625,299.5899963378906,Agrostis,34,0,0,703,Agrostis,Agrostis,,,,,,,genus,,951.0000228881836,1202.5042215983074,1079.1506449381511,1248.2916514078777,1.0,3.0
141,197,241.67999267578125,298.2010192871094,299.0935974121094,309.19000244140625,semiverticillata,35,0,0,703,Agrostis,Agrostis,semiverticillata,Agrostis_semiverticillata_35_0,(Forssk.) Christ. ,,,,species,,1006.9999694824219,1242.5042470296223,1246.2233225504558,1288.2916768391926,1.0,2.0
142,198,300.59356689453125,297.28302001953125,332.7699279785156,309.28900146484375,(Forssk.),35,0,1,703,,Agrostis,,,,author_35_0,,,,,1252.4731953938801,1238.6792500813801,1386.5413665771484,1288.7041727701824,1.0,2.0
143,199,334.2699279785156,297.28302001953125,359.9747009277344,309.28900146484375,Christ.,35,0,2,703,,Agrostis,,,,author_35_0,,,,,1392.7913665771484,1238.6792500813801,1499.8945871988933,1288.7041727701824,1.0,2.0
144,200,228.24000549316406,306.88299560546875,264.8191833496094,318.88897705078125,Ailanthus,36,0,0,703,Ailanthus,Ailanthus,,,,,,,genus,,951.0000228881836,1278.6791483561199,1103.4132639567058,1328.7040710449219,1.0,3.0
145,201,241.9199981689453,316.4830017089844,274.3248291015625,328.4889831542969,altissima,37,0,0,703,Ailanthus,Ailanthus,altissima,Ailanthus_altissima_37_0,(Mill.) Swingle ,,,,species,,1007.9999923706055,1318.6791737874348,1143.0201212565105,1368.704096476237,1.0,2.0
146,202,279.56573486328125,316.4830017089844,303.7845153808594,328.4889831542969,(Mill.),37,0,1,703,,Ailanthus,,,,author_37_0,,,,,1164.8572285970051,1318.6791737874348,1265.768814086914,1368.704096476237,1.0,2.0
147,203,309.2879943847656,316.4830017089844,338.90325927734375,328.4889831542969,Swingle,37,0,2,703,,Ailanthus,,,,author_37_0,,,,,1288.6999766031902,1318.6791737874348,1412.0969136555989,1368.704096476237,1.0,2.0
148,204,241.44000244140625,327.0010070800781,282.445068359375,337.989990234375,glandulosa,37,1,0,703,Ailanthus,Ailanthus,glandulosa,Ailanthus_glandulosa_37_1,Desf. ,,,,species,,1006.000010172526,1362.5041961669922,1176.8544514973958,1408.2916259765625,1.0,2.0
149,205,283.9451599121094,326.0830078125,302.5167236328125,338.0889892578125,Desf.,37,1,1,703,,Ailanthus,,,,author_37_1,,,,,1183.1048329671223,1358.67919921875,1260.486348470052,1408.704121907552,1.0,2.0
150,206,228.24000549316406,335.6830139160156,274.0495910644531,347.6889953613281,Ainsworthia,38,0,0,703,Ainsworthia,Ainsworthia,,,,,,,genus,,951.0000228881836,1398.6792246500652,1141.873296101888,1448.7041473388672,1.0,3.0
151,207,241.9199981689453,345.28302001953125,270.0838623046875,357.28900146484375,cordata,39,0,0,703,Ainsworthia,Ainsworthia,cordata,Ainsworthia_cordata_39_0,(Jacqu.) Boiss. ,,,,species,,1007.9999923706055,1438.6792500813801,1125.3494262695312,1488.7041727701824,1.0,2.0
152,208,274.9631652832031,345.28302001953125,305.6136474609375,357.28900146484375,(Jacqu.),39,0,1,703,,Ainsworthia,,,,author_39_0,,,,,1145.6798553466797,1438.6792500813801,1273.3901977539062,1488.7041727701824,1.0,2.0
153,209,311.2625732421875,345.28302001953125,332.56549072265625,357.28900146484375,Boiss.,39,0,2,703,,Ainsworthia,,,,author_39_0,,,,,1296.9273885091145,1438.6792500813801,1385.6895446777344,1488.7041727701824,1.0,2.0
154,210,242.16000366210938,354.88299560546875,286.7980041503906,366.88897705078125,trachycarpa,39,1,0,703,Ainsworthia,Ainsworthia,trachycarpa,Ainsworthia_trachycarpa_39_1,Boiss. ,,,,species,,1009.0000152587891,1478.6791483561199,1194.991683959961,1528.7040710449219,1.0,2.0
155,211,290.1421203613281,354.88299560546875,311.4450378417969,366.88897705078125,Boiss.,39,1,1,703,,Ainsworthia,,,,author_39_1,,,,,1208.925501505534,1478.6791483561199,1297.6876576741536,1528.7040710449219,1.0,2.0
156,212,228.24000549316406,364.4830017089844,249.64610290527344,376.4889831542969,Alcea,40,0,0,703,Alcea,Alcea,,,,,,,genus,,951.0000228881836,1518.6791737874348,1040.1920954386394,1568.704096476237,1.0,3.0
157,213,242.16000366210938,373.843017578125,267.7301940917969,385.8489990234375,acaulis,41,0,0,703,Alcea,Alcea,acaulis,Alcea_acaulis_41_0,(Cav.) Alef. ,,,,species,,1009.0000152587891,1557.6792399088542,1115.542475382487,1607.7041625976562,1.0,2.0
158,214,271.34295654296875,373.843017578125,294.39923095703125,385.8489990234375,(Cav.),41,0,1,703,,Alcea,,,,author_41_0,,,,,1130.5956522623699,1557.6792399088542,1226.6634623209636,1607.7041625976562,1.0,2.0
159,215,297.7721252441406,373.843017578125,316.0532531738281,385.8489990234375,Alef.,41,0,2,703,,Alcea,,,,author_41_0,,,,,1240.7171885172527,1557.6792399088542,1316.8885548909504,1607.7041625976562,1.0,2.0
160,216,242.16000366210938,383.6830139160156,286.77777099609375,395.6889953613281,apterocarpa,41,1,0,703,Alcea,Alcea,apterocarpa,Alcea_apterocarpa_41_1,Fenzl ,,,,species,,1009.0000152587891,1598.6792246500652,1194.9073791503906,1648.7041473388672,1.0,2.0
161,217,292.8751525878906,383.6830139160156,313.14178466796875,395.6889953613281,Fenzl,41,1,1,703,,Alcea,,,,author_41_1,,,,,1220.3131357828777,1598.6792246500652,1304.7574361165364,1648.7041473388672,1.0,2.0
162,218,241.67999267578125,393.76300048828125,283.0849304199219,405.76898193359375,chrysantha,41,2,0,703,Alcea,Alcea,chrysantha,Alcea_chrysantha_41_2,(Sam.) Zoh. ,,,,species,,1006.9999694824219,1640.6791687011719,1179.520543416341,1690.7040913899739,1.0,2.0
163,219,289.4964294433594,393.76300048828125,314.38385009765625,405.76898193359375,(Sam.),41,2,1,703,,Alcea,,,,author_41_2,,,,,1206.235122680664,1640.6791687011719,1309.9327087402344,1690.7040913899739,1.0,2.0
164,220,320.79534912109375,393.76300048828125,338.3269348144531,405.76898193359375,Zoh.,41,2,2,703,,Alcea,,,,author_41_2,,,,,1336.6472880045574,1640.6791687011719,1409.695561726888,1690.7040913899739,1.0,2.0
165,221,241.67999267578125,402.88299560546875,282.7052001953125,414.88897705078125,damascena,41,3,0,703,Alcea,Alcea,damascena,Alcea_damascena_41_3,(Mout.) Mout. ,,,,species,,1006.9999694824219,1678.6791483561199,1177.9383341471355,1728.7040710449219,1.0,2.0
166,222,289.2257385253906,402.88299560546875,318.07440185546875,414.88897705078125,(Mout.),41,3,1,703,,Alcea,,,,author_41_3,,,,,1205.1072438557942,1678.6791483561199,1325.3100077311199,1728.7040710449219,1.0,2.0
167,223,324.86767578125,402.88299560546875,347.9249267578125,414.88897705078125,Mout.,41,3,2,703,,Alcea,,,,author_41_3,,,,,1353.6153157552083,1678.6791483561199,1449.6871948242188,1728.7040710449219,1.0,2.0
168,224,241.44000244140625,412.4830322265625,270.5269775390625,424.489013671875,digitata,41,4,0,703,Alcea,Alcea,digitata,Alcea_digitata_41_4,(Boiss.) Alef. ,,,,species,,1006.000010172526,1718.6793009440105,1127.1957397460938,1768.7042236328125,1.0,2.0
169,225,276.51727294921875,412.4830322265625,302.96514892578125,424.489013671875,(Boiss.),41,4,1,703,,Alcea,,,,author_41_4,,,,,1152.1553039550781,1718.6793009440105,1262.3547871907551,1768.7042236328125,1.0,2.0
170,226,309.2271423339844,412.4830322265625,326.0850524902344,424.489013671875,Alef.,41,4,2,703,,Alcea,,,,author_41_4,,,,,1288.4464263916016,1718.6793009440105,1358.6877187093098,1768.7042236328125,1.0,2.0
171,227,241.67999267578125,423.0010070800781,271.40289306640625,433.989990234375,dissecta,41,5,0,703,Alcea,Alcea,dissecta,Alcea_dissecta_41_5,(^aker) Zoh. ,,,,species,,1006.9999694824219,1762.5041961669922,1130.8453877766926,1808.2916259765625,1.0,2.0
172,228,274.3782043457031,422.0830078125,301.78173828125,434.0889892578125,(^aker),41,5,1,703,,Alcea,,,,author_41_5,,,,,1143.2425181070964,1758.67919921875,1257.4239095052083,1808.704121907552,1.0,2.0
173,229,304.8925476074219,422.0830078125,322.2453308105469,434.0889892578125,Zoh.,41,5,2,703,,Alcea,,,,author_41_5,,,,,1270.3856150309246,1758.67919921875,1342.6888783772786,1808.704121907552,1.0,2.0
174,230,241.1999969482422,432.60101318359375,271.3832092285156,443.5899963378906,galilaea,41,6,0,703,Alcea,Alcea,galilaea,Alcea_galilaea_41_6,Zoh. ,,,,species,,1004.9999872843424,1802.5042215983074,1130.7633717854817,1848.2916514078777,1.0,2.0
175,231,272.883056640625,431.6830139160156,290.6418151855469,443.6889953613281,Zoh.,41,6,1,703,,Alcea,,,,author_41_6,,,,,1137.0127360026042,1798.6792246500652,1211.007563273112,1848.7041473388672,1.0,2.0
176,232,241.67999267578125,442.2010192871094,291.5055236816406,453.19000244140625,haussknechtii,41,7,0,703,Alcea,Alcea,haussknechtii,Alcea_haussknechtii_41_7,Boiss. ,,,,species,,1006.9999694824219,1842.5042470296223,1214.6063486735027,1888.2916768391926,1.0,2.0
177,233,293.0054931640625,441.28302001953125,314.4545593261719,453.28900146484375,Boiss.,41,7,1,703,,Alcea,,,,author_41_7,,,,,1220.856221516927,1838.6792500813801,1310.227330525716,1888.7041727701824,1.0,2.0
178,234,241.67999267578125,451.5610046386719,286.6118469238281,462.54998779296875,hohenackeri,41,8,0,703,Alcea,Alcea,hohenackeri,Alcea_hohenackeri_41_8,(Boiss. et Huet) Boiss. ,,,,species,,1006.9999694824219,1881.504185994466,1194.216028849284,1927.2916158040364,1.0,2.0
179,235,289.2055358886719,450.64300537109375,312.92437744140625,462.64898681640625,(Boiss.,41,8,1,703,,Alcea,,,,author_41_8,,,,,1205.0230662027996,1877.6791890462239,1303.8515726725261,1927.7041117350261,1.0,2.0
180,236,315.51806640625,450.64300537109375,322.0264892578125,462.64898681640625,et,41,8,2,703,,Alcea,,,,author_41_8,,,,,1314.6586100260417,1877.6791890462239,1341.7770385742188,1927.7041117350261,1.0,2.0
181,237,324.21112060546875,450.64300537109375,345.86651611328125,462.64898681640625,Huet),41,8,3,703,,Alcea,,,,author_41_8,,,,,1350.8796691894531,1877.6791890462239,1441.1104838053386,1927.7041117350261,1.0,2.0
182,238,348.460205078125,450.64300537109375,369.76312255859375,462.64898681640625,Boiss.,41,8,4,703,,Alcea,,,,author_41_8,,,,,1451.9175211588542,1877.6791890462239,1540.6796773274739,1927.7041117350261,1.0,2.0
183,239,241.67999267578125,460.4830322265625,270.08013916015625,472.489013671875,kurdica,41,9,0,703,Alcea,Alcea,kurdica,Alcea_kurdica_41_9,(Schlecht.) Alef. ,,,,species,,1006.9999694824219,1918.6793009440105,1125.3339131673176,1968.7042236328125,1.0,2.0
184,240,275.4169616699219,460.4830322265625,315.4735412597656,472.489013671875,(Schlecht.),41,9,1,703,,Alcea,,,,author_41_9,,,,,1147.5706736246746,1918.6793009440105,1314.4730885823567,1968.7042236328125,1.0,2.0
185,241,320.81036376953125,460.4830322265625,337.84600830078125,472.489013671875,Alef.,41,9,2,703,,Alcea,,,,author_41_9,,,,,1336.7098490397136,1918.6793009440105,1407.6917012532551,1968.7042236328125,1.0,2.0
186,242,241.9199981689453,471.0010070800781,288.3168029785156,481.989990234375,lavateriflora,41,10,0,703,Alcea,Alcea,lavateriflora,Alcea_lavateriflora_41_10,(D.C.) Boiss. ,,,,species,,1007.9999923706055,1962.5041961669922,1201.3200124104817,2008.2916259765625,1.0,2.0
187,243,289.816650390625,470.0830078125,313.532958984375,482.0889892578125,(D.C.),41,10,1,703,,Alcea,,,,author_41_10,,,,,1207.5693766276042,1958.67919921875,1306.3873291015625,2008.704121907552,1.0,2.0
188,244,315.0328369140625,470.0830078125,336.5386657714844,482.0889892578125,Boiss.,41,10,2,703,,Alcea,,,,author_41_10,,,,,1312.6368204752605,1958.67919921875,1402.2444407145183,2008.704121907552,1.0,2.0
189,245,241.67999267578125,479.6830139160156,276.0048522949219,491.6889953613281,leiocarpa,41,11,0,703,Alcea,Alcea,leiocarpa,Alcea_leiocarpa_41_11,(Sam.) Mout. ,,,,species,,1006.9999694824219,1998.6792246500652,1150.0202178955078,2048.704147338867,1.0,2.0
190,246,281.4972229003906,479.6830139160156,305.99072265625,491.6889953613281,(Sam.),41,11,1,703,,Alcea,,,,author_41_11,,,,,1172.9050954182942,1998.6792246500652,1274.9613444010417,2048.704147338867,1.0,2.0
191,247,311.48309326171875,479.6830139160156,334.72625732421875,491.6889953613281,Mout.,41,11,2,703,,Alcea,,,,author_41_11,,,,,1297.8462219238281,1998.6792246500652,1394.6927388509114,2048.704147338867,1.0,2.0
192,248,241.67999267578125,489.28302001953125,267.5259094238281,501.28900146484375,pallida,41,12,0,703,Alcea,Alcea,pallida,Alcea_pallida_41_12,Waldst. et Kit. ,,,,species,,1006.9999694824219,2038.6792500813801,1114.6912892659504,2088.704172770182,1.0,2.0
193,249,270.968994140625,489.28302001953125,300.0357666015625,501.28900146484375,Waldst.,41,12,1,703,,Alcea,,,,author_41_12,,,,,1129.0374755859375,2038.6792500813801,1250.1490275065105,2088.704172770182,1.0,2.0
194,250,304.538330078125,489.28302001953125,311.2820739746094,501.28900146484375,et,41,12,2,703,,Alcea,,,,author_41_12,,,,,1268.9097086588542,2038.6792500813801,1297.0086415608723,2088.704172770182,1.0,2.0
195,251,314.9897766113281,489.28302001953125,329.92462158203125,501.28900146484375,Kit.,41,12,3,703,,Alcea,,,,author_41_12,,,,,1312.4574025472004,2038.6792500813801,1374.6859232584636,2088.704172770182,1.0,2.0
196,252,241.9199981689453,499.8009948730469,283.9490661621094,510.78997802734375,remotiflora,41,13,0,703,Alcea,Alcea,remotiflora,Alcea_remotiflora_41_13,(Boiss. et Heldr.) Alef. ,,,,species,,1007.9999923706055,2082.504145304362,1183.121109008789,2128.291575113932,1.0,2.0
197,253,286.4942626953125,498.88299560546875,310.83123779296875,510.88897705078125,(Boiss.,41,13,1,703,,Alcea,,,,author_41_13,,,,,1193.726094563802,2078.6791483561196,1295.1301574707031,2128.704071044922,1.0,2.0
198,254,313.3764343261719,498.88299560546875,319.8717346191406,510.88897705078125,et,41,13,2,703,,Alcea,,,,author_41_13,,,,,1305.735143025716,2078.6791483561196,1332.7988942464192,2128.704071044922,1.0,2.0
199,255,321.9924621582031,498.88299560546875,349.7413024902344,510.88897705078125,Heldr.),41,13,3,703,,Alcea,,,,author_41_13,,,,,1341.635258992513,2078.6791483561196,1457.2554270426433,2128.704071044922,1.0,2.0
200,256,352.4268798828125,498.88299560546875,369.2847900390625,510.88897705078125,Alef.,41,13,4,703,,Alcea,,,,author_41_13,,,,,1468.445332845052,2078.6791483561196,1538.6866251627605,2128.704071044922,1.0,2.0
201,257,241.67999267578125,509.4010314941406,280.6278991699219,520.3900146484375,rhyticarpa,41,14,0,703,Alcea,Alcea,rhyticarpa,Alcea_rhyticarpa_41_14,(Trautv.) Iljin ,,,,species,,1006.9999694824219,2122.5042978922525,1169.2829132080078,2168.2917277018228,1.0,2.0
202,258,283.08221435546875,508.4830322265625,317.2989807128906,520.489013671875,(Trautv.),41,14,1,703,,Alcea,,,,author_41_14,,,,,1179.5092264811199,2118.6793009440103,1322.079086303711,2168.7042236328125,1.0,2.0
203,259,320.01214599609375,508.4830322265625,335.56646728515625,520.489013671875,Iljin,41,14,2,703,,Alcea,,,,author_41_14,,,,,1333.3839416503906,2118.6793009440103,1398.1936136881511,2168.7042236328125,1.0,2.0
204,260,241.9199981689453,519.0009765625,262.4005432128906,529.989990234375,rosea,41,15,0,703,Alcea,Alcea,rosea,Alcea_rosea_41_15,L. ,,,,species,,1007.9999923706055,2162.5040690104165,1093.3355967203777,2208.2916259765625,1.0,2.0
205,261,263.9009094238281,518.0830078125,271.9976806640625,530.0889892578125,L.,41,15,1,703,,Alcea,,,,author_41_15,,,,,1099.587122599284,2158.67919921875,1133.3236694335938,2208.7041219075522,1.0,2.0
206,262,241.9199981689453,527.4429931640625,275.0884094238281,539.448974609375,rufescens,41,16,0,703,Alcea,Alcea,rufescens,Alcea_rufescens_41_16,Boiss. ,,,,species,,1007.9999923706055,2197.6791381835938,1146.2017059326172,2247.704060872396,1.0,2.0
207,263,279.8576354980469,527.4429931640625,301.1605529785156,539.448974609375,Boiss.,41,16,1,703,,Alcea,,,,author_41_16,,,,,1166.073481241862,2197.6791381835938,1254.8356374104817,2247.704060872396,1.0,2.0
208,265,241.67999267578125,537.0430297851562,263.5273132324219,549.0490112304688,setosa,42,0,0,703,Alcea,Alcea,setosa,Alcea_setosa_42_0,(Boiss.) Alef. ,,,,species,,1006.9999694824219,2237.6792907714844,1098.0304718017578,2287.7042134602866,1.0,2.0
209,266,269.10552978515625,537.0430297851562,295.55340576171875,549.0490112304688,(Boiss.),42,0,1,703,,Alcea,,,,author_42_0,,,,,1121.2730407714844,2237.6792907714844,1231.4725240071614,2287.7042134602866,1.0,2.0
210,267,301.1316223144531,537.0430297851562,318.1672668457031,549.0490112304688,Alef.,42,0,2,703,,Alcea,,,,author_42_0,,,,,1254.715092976888,2237.6792907714844,1325.6969451904297,2287.7042134602866,1.0,2.0
211,268,241.67999267578125,547.5609741210938,265.423095703125,558.5499877929688,striata,42,1,0,703,Alcea,Alcea,striata,Alcea_striata_42_1,(D.C.) Alef. ,,,,species,,1006.9999694824219,2281.5040588378906,1105.9295654296875,2327.2916158040366,1.0,2.0
212,269,269.23583984375,546.6430053710938,292.7284240722656,558.6489868164062,(D.C.),42,1,1,703,,Alcea,,,,author_42_1,,,,,1121.8159993489583,2277.679189046224,1219.7017669677734,2327.704111735026,1.0,2.0
213,270,296.3290710449219,546.6430053710938,313.3647155761719,558.6489868164062,Alef.,42,1,2,703,,Alcea,,,,author_42_1,,,,,1234.7044626871746,2277.679189046224,1305.686314900716,2327.704111735026,1.0,2.0
214,325,241.67999267578125,557.1609497070312,278.5799560546875,568.1499633789062,sulphured,58,0,0,703,Alcea,Alcea,sulphured,Alcea_sulphured_58_0,'(Boiss. et Hausskn.) Alef. ,,,,species,,1006.9999694824219,2321.5039571126304,1160.7498168945312,2367.291514078776,1.0,2.0
215,326,281.4248046875,556.2429809570312,307.2275695800781,568.2489624023438,'(Boiss.,58,0,1,703,,Alcea,,,,author_58_0,,,,,1172.6033528645833,2317.6790873209634,1280.1148732503254,2367.7040100097656,1.0,2.0
216,327,311.0877990722656,556.2429809570312,317.580078125,568.2489624023438,et,58,0,2,703,,Alcea,,,,author_58_0,,,,,1296.1991628011067,2317.6790873209634,1323.2503255208333,2367.7040100097656,1.0,2.0
217,328,320.8312683105469,556.2429809570312,358.2366027832031,568.2489624023438,Hausskn.),58,0,3,703,,Alcea,,,,author_58_0,,,,,1336.7969512939453,2317.6790873209634,1492.6525115966797,2367.7040100097656,1.0,2.0
218,329,362.0968322753906,556.2429809570312,378.9547424316406,568.2489624023438,Alef.,58,0,4,703,,Alcea,,,,author_58_0,,,,,1508.736801147461,2317.6790873209634,1578.9780934651692,2367.7040100097656,1.0,2.0
219,331,228.0,566.0830078125,268.877685546875,578.0889892578125,Alchemilla,59,0,0,703,Alchemilla,Alchemilla,,,,,,,genus,,950.0,2358.67919921875,1120.3236897786458,2408.7041219075522,1.0,3.0
220,332,241.67999267578125,576.6009521484375,273.25750732421875,587.5899658203125,aphanes,60,0,0,703,Alchemilla,Alchemilla,aphanes,Alchemilla_aphanes_60_0,Desf. ,,,,species,,1006.9999694824219,2402.5039672851562,1138.5729471842449,2448.2915242513022,1.0,2.0
221,333,274.7575988769531,575.6829833984375,293.32916259765625,587.68896484375,Desf.,60,0,1,703,,Alchemilla,,,,author_60_0,,,,,1144.8233286539714,2398.6790974934897,1222.2048441569011,2448.7040201822915,1.0,2.0
222,334,241.67999267578125,585.7630004882812,271.3406677246094,597.7689819335938,arvensis,60,1,0,703,Alchemilla,Alchemilla,arvensis,Alchemilla_arvensis_60_1,(L.) Scop. ,,,,species,,1006.9999694824219,2440.679168701172,1130.5861155192058,2490.704091389974,1.0,2.0
223,335,275.3978576660156,585.7630004882812,289.257080078125,597.7689819335938,(L.),60,1,1,703,,Alchemilla,,,,author_60_1,,,,,1147.4910736083984,2440.679168701172,1205.2378336588542,2490.704091389974,1.0,2.0
224,336,293.31427001953125,585.7630004882812,314.0859069824219,597.7689819335938,Scop.,60,1,2,703,,Alchemilla,,,,author_60_1,,,,,1222.1427917480469,2440.679168701172,1308.6912790934246,2490.704091389974,1.0,2.0
225,337,241.67999267578125,594.8829956054688,281.1649475097656,606.8889770507812,diademata,60,2,0,703,Alchemilla,Alchemilla,diademata,Alchemilla_diademata_60_2,Rothm. ,,,,species,,1006.9999694824219,2478.6791483561196,1171.5206146240234,2528.704071044922,1.0,2.0
226,338,285.9493103027344,594.8829956054688,315.053466796875,606.8889770507812,Rothm.,60,2,1,703,,Alchemilla,,,,author_60_2,,,,,1191.4554595947266,2478.6791483561196,1312.7227783203125,2528.704071044922,1.0,2.0
0,3,43.91999816894531,43.24297332763672,83.83100891113281,55.24897003173828,noribunda,1,0,0,704,Alchemilla,Alchemilla,noribunda,Alchemilla_noribunda_1_0,Murb. ,,,,species,,182.99999237060547,180.17905553181967,349.2958704630534,230.20404179890951,0.0,0.0
1,4,88.169189453125,43.24297332763672,112.71327209472656,55.24897003173828,Murb.,1,0,1,704,,Alchemilla,,,,author_1_0,,,,,367.3716227213542,180.17905553181967,469.63863372802734,230.20404179890951,0.0,0.0
2,5,43.91999816894531,52.36302947998047,86.7860107421875,64.36902618408203,microcarpa,1,1,0,704,Alchemilla,Alchemilla,microcarpa,Alchemilla_microcarpa_1_1,Boiss. et Reut. ,,,,species,,182.99999237060547,218.1792894999186,361.60837809244794,268.2042757670085,0.0,0.0
3,6,91.57266235351562,52.36302947998047,113.07250213623047,64.36902618408203,Boiss.,1,1,1,704,,Alchemilla,,,,author_1_1,,,,,381.5527598063151,218.1792894999186,471.13542556762695,268.2042757670085,0.0,0.0
4,7,118.61551666259766,52.36302947998047,125.23564910888672,64.36902618408203,et,1,1,2,704,,Alchemilla,,,,author_1_1,,,,,494.23131942749023,218.1792894999186,521.8152046203613,268.2042757670085,0.0,0.0
5,8,130.27474975585938,52.36302947998047,151.11126708984375,64.36902618408203,Reut.,1,1,3,704,,Alchemilla,,,,author_1_1,,,,,542.8114573160807,218.1792894999186,629.6302795410156,268.2042757670085,0.0,0.0
6,9,30.239999771118164,61.96300506591797,55.4483642578125,73.96900177001953,Alhagi,2,0,0,704,Alhagi,Alhagi,,,,,,,genus,,125.99999904632568,258.1791877746582,231.03485107421875,308.20417404174805,0.0,1.0
7,10,43.68000030517578,72.4809799194336,84.11511993408203,83.46997833251953,camelorum,3,0,0,704,Alhagi,Alhagi,camelorum,Alhagi_camelorum_3_0,Fisch. ,,,,species,,182.00000127156576,302.00408299763996,350.4796663920085,347.79157638549805,0.0,0.0
8,11,85.61505889892578,71.56298065185547,107.99214172363281,83.56897735595703,Fisch.,3,0,1,704,,Alhagi,,,,author_3_0,,,,,356.7294120788574,298.17908604939777,449.9672571818034,348.2040723164876,0.0,0.0
9,12,43.68000030517578,82.56099700927734,80.67900085449219,93.54999542236328,mannifera,3,1,0,704,Alhagi,Alhagi,mannifera,Alhagi_mannifera_3_1,Desf. ,,,,species,,182.00000127156576,344.00415420532227,336.1625035603841,389.79164759318036,0.0,0.0
10,13,82.17945861816406,81.64299774169922,100.83201599121094,93.64899444580078,Desf.,3,1,1,704,,Alhagi,,,,author_3_1,,,,,342.4144109090169,340.1791572570801,420.1333999633789,390.2041435241699,0.0,0.0
11,14,43.91999816894531,91.24297332763672,84.11598205566406,103.24897003173828,maurorum,3,2,0,704,Alhagi,Alhagi,maurorum,Alhagi_maurorum_3_2,Willd. ,,,,species,,182.99999237060547,380.17905553181964,350.4832585652669,430.2040417989095,0.0,0.0
12,15,89.31083679199219,91.24297332763672,113.43964385986328,103.24897003173828,Willd.,3,2,1,704,,Alhagi,,,,author_3_2,,,,,372.1284866333008,380.17905553181964,472.66518274943036,430.2040417989095,0.0,0.0
13,16,43.68000030517578,100.84300994873047,88.78736877441406,112.84900665283203,pseudalhâgi,3,3,0,704,Alhagi,Alhagi,pseudalhâgi,Alhagi_pseudalhâgi_3_3,(Bieb.) Desf. ,,,,species,,182.00000127156576,420.17920811971027,369.9473698933919,470.2041943868001,0.0,0.0
14,17,94.80953979492188,100.84300994873047,119.6714096069336,112.84900665283203,(Bieb.),3,3,1,704,,Alhagi,,,,author_3_3,,,,,395.0397491455078,420.17920811971027,498.6308733622233,470.2041943868001,0.0,0.0
15,18,125.6935806274414,100.84300994873047,143.67393493652344,112.84900665283203,Desf.,3,3,2,704,,Alhagi,,,,author_3_3,,,,,523.7232526143392,420.17920811971027,598.6413955688477,470.2041943868001,0.0,0.0
16,19,29.760000228881836,110.68297576904297,58.7472038269043,122.68897247314453,Alliaria,4,0,0,704,Alliaria,Alliaria,,,,,,,genus,,124.00000095367432,461.1790657043457,244.78001594543457,511.20405197143555,0.0,1.0
17,20,43.68000030517578,121.20101165771484,79.57379150390625,132.19000244140625,officinalis,5,0,0,704,Alliaria,Alliaria,officinalis,Alliaria_officinalis_5_0,Andrz. ,,,,species,,182.00000127156576,505.0042152404785,331.5574645996094,550.7916768391927,0.0,0.0
18,21,81.073974609375,120.28301239013672,107.58487701416016,132.2890167236328,Andrz.,5,0,1,704,,Alliaria,,,,author_5_0,,,,,337.8082275390625,501.1792182922363,448.270320892334,551.2042363484701,0.0,0.0
19,22,43.68000030517578,130.1230010986328,76.67076873779297,142.12901306152344,petiolata,5,1,0,704,Alliaria,Alliaria,petiolata,Alliaria_petiolata_5_1,(Bieb.) Cav. et Grande ,,,,species,,182.00000127156576,542.1791712443033,319.4615364074707,592.204221089681,0.0,0.0
20,23,81.53364562988281,130.1230010986328,106.39551544189453,142.12901306152344,(Bieb.),5,1,1,704,,Alliaria,,,,author_5_1,,,,,339.72352345784503,542.1791712443033,443.31464767456055,592.204221089681,0.0,0.0
21,24,111.77022552490234,130.1230010986328,129.12095642089844,142.12901306152344,Cav.,5,1,2,704,,Alliaria,,,,author_5_1,,,,,465.70927302042645,542.1791712443033,538.0039850870768,592.204221089681,0.0,0.0
22,25,133.72840881347656,130.1230010986328,140.39407348632812,142.12901306152344,et,5,1,3,704,,Alliaria,,,,author_5_1,,,,,557.2017033894857,542.1791712443033,584.9753061930338,592.204221089681,0.0,0.0
23,26,144.23329162597656,130.1230010986328,172.5789794921875,142.12901306152344,Grande,5,1,4,704,,Alliaria,,,,author_5_1,,,,,600.972048441569,542.1791712443033,719.0790812174479,592.204221089681,0.0,0.0
24,27,30.0,139.96299743652344,56.231040954589844,151.96900939941406,Allium,6,0,0,704,Allium,Allium,,,,,,,genus,,125.0,583.1791559855143,234.29600397745767,633.204205830892,0.0,1.0
25,28,43.68000030517578,149.80299377441406,95.1090087890625,161.8090057373047,asclepiadeum,7,0,0,704,Allium,Allium,asclepiadeum,Allium_asclepiadeum_7_0,Bornm. ,,,,species,,182.00000127156576,624.1791407267252,396.28753662109375,674.2041905721029,0.0,0.0
26,29,99.59073638916016,149.80299377441406,127.83247375488281,161.8090057373047,Bornm.,7,0,1,704,,Allium,,,,author_7_0,,,,,414.96140162150067,624.1791407267252,532.6353073120117,674.2041905721029,0.0,0.0
27,30,43.68000030517578,159.4029998779297,90.2773208618164,171.4090118408203,birkinshawii,7,1,0,704,Allium,Allium,birkinshawii,Allium_birkinshawii_7_1,Moût. ,,,,species,,182.00000127156576,664.1791661580404,376.1555035909017,714.204216003418,0.0,0.0
28,31,95.4690933227539,159.4029998779297,118.95968627929688,171.4090118408203,Moût.,7,1,1,704,,Allium,,,,author_7_1,,,,,397.7878888448079,664.1791661580404,495.6653594970703,714.204216003418,0.0,0.0
29,32,43.439998626708984,169.0030059814453,90.8233642578125,181.00901794433594,myrianthum,7,2,0,704,Allium,Allium,myrianthum,Allium_myrianthum_7_2,Boiss. ,,,,species,,180.9999942779541,704.1791915893555,378.43068440755206,754.204241434733,0.0,0.0
30,33,95.73674011230469,169.0030059814453,117.03362274169922,181.00901794433594,Boiss.,7,2,1,704,,Allium,,,,author_7_2,,,,,398.90308380126953,704.1791915893555,487.6400947570801,754.204241434733,0.0,0.0
31,34,43.439998626708984,178.6029815673828,76.69905090332031,190.60899353027344,orientale,7,3,0,704,Allium,Allium,orientale,Allium_orientale_7_3,Boiss. ,,,,species,,180.9999942779541,744.1790898640951,319.57937876383465,794.2041397094727,0.0,0.0
32,35,80.53372955322266,178.6029815673828,101.90889739990234,190.60899353027344,Boiss.,7,3,1,704,,Allium,,,,author_7_3,,,,,335.55720647176105,744.1790898640951,424.62040583292645,794.2041397094727,0.0,0.0
33,36,29.760000228881836,188.92298889160156,72.38542938232422,200.9290008544922,Alopecurus,8,0,0,704,Alopecurus,Alopecurus,,,,,,,genus,,124.00000095367432,787.1791203816732,301.60595575968426,837.2041702270508,0.0,1.0
34,37,43.20000076293945,199.4409942626953,102.23074340820312,210.42999267578125,anthoxanthoides,9,0,0,704,Alopecurus,Alopecurus,anthoxanthoides,Alopecurus_anthoxanthoides_9_0,Boiss. ,,,,species,,180.0000031789144,831.0041427612305,425.961430867513,876.7916361490885,0.0,0.0
35,38,103.73085021972656,198.5229949951172,125.27693939208984,210.5290069580078,Boiss.,9,0,1,704,,Alopecurus,,,,author_9_0,,,,,432.21187591552734,827.1791458129883,521.987247467041,877.2041956583658,0.0,0.0
36,39,43.20000076293945,207.8829803466797,93.7593002319336,219.8889923095703,arundinaceus,9,1,0,704,Alopecurus,Alopecurus,arundinaceus,Alopecurus_arundinaceus_9_1,Poir. ,,,,species,,180.0000031789144,866.179084777832,390.66375096638996,916.2041346232096,0.0,0.0
37,40,98.61722564697266,207.8829803466797,116.55305480957031,219.8889923095703,Poir.,9,1,1,704,,Alopecurus,,,,author_9_1,,,,,410.90510686238605,866.179084777832,485.63772837320965,916.2041346232096,0.0,0.0
38,41,42.959999084472656,217.72300720214844,83.805419921875,229.72901916503906,utriculatus,9,2,0,704,Alopecurus,Alopecurus,utriculatus,Alopecurus_utriculatus_9_2,Banks et Sol. ,,,,species,,178.99999618530273,907.1791966756185,349.1892496744792,957.2042465209961,0.0,0.0
39,42,88.1673583984375,217.72300720214844,110.7393569946289,229.72901916503906,Banks,9,2,1,704,,Alopecurus,,,,author_9_2,,,,,367.36399332682294,907.1791966756185,461.4139874776204,957.2042465209961,0.0,0.0
40,43,115.1012954711914,217.72300720214844,121.70459747314453,229.72901916503906,et,9,2,2,704,,Alopecurus,,,,author_9_2,,,,,479.5887311299642,907.1791966756185,507.10248947143555,957.2042465209961,0.0,0.0
41,44,126.06622314453125,217.72300720214844,140.30947875976562,229.72901916503906,Sol.,9,2,3,704,,Alopecurus,,,,author_9_2,,,,,525.2759297688802,907.1791966756185,584.6228281656901,957.2042465209961,0.0,0.0
42,45,43.20000076293945,228.24098205566406,83.77849578857422,239.22998046875,ventricosus,9,3,0,704,Alopecurus,Alopecurus,ventricosus,Alopecurus_ventricosus_9_3,Pers. ,,,,species,,180.0000031789144,951.0040918986002,349.0770657857259,996.7915852864584,0.0,0.0
43,46,85.27810668945312,227.32298278808594,103.65350341796875,239.32899475097656,Pers.,9,3,1,704,,Alopecurus,,,,author_9_3,,,,,355.325444539388,947.179094950358,431.8895975748698,997.2041447957357,0.0,0.0
44,47,29.280000686645508,237.4029998779297,58.91466522216797,249.4090118408203,Althaea,10,0,0,704,Althaea,Althaea,,,,,,,genus,,122.00000286102295,989.1791661580404,245.4777717590332,1039.204216003418,0.0,1.0
45,48,42.959999084472656,247.92100524902344,68.88040161132812,258.9100036621094,acaulis,11,0,0,704,Althaea,Althaea,acaulis,Althaea_acaulis_11_0,Cav. ,,,,species,,178.99999618530273,1033.0041885375977,287.0016733805339,1078.7916819254558,0.0,0.0
46,49,70.3807373046875,247.0030059814453,88.03184509277344,259.0090026855469,Cav.,11,0,1,704,,Althaea,,,,author_11_0,,,,,293.25307210286456,1029.1791915893555,366.79935455322266,1079.2041778564453,0.0,0.0
47,50,42.959999084472656,257.7610168457031,87.45600128173828,268.75,apterocarpa,11,1,0,704,Althaea,Althaea,apterocarpa,Althaea_apterocarpa_11_1,Fenzl ,,,,species,,178.99999618530273,1074.0042368570964,364.4000053405762,1119.7916666666667,0.0,0.0
48,51,88.95600128173828,256.843017578125,109.6100082397461,268.8489990234375,Fenzl,11,1,1,704,,Althaea,,,,author_11_1,,,,,370.6500053405762,1070.1792399088542,456.7083676656087,1120.2041625976562,0.0,0.0
49,52,42.959999084472656,266.2030029296875,76.02996826171875,278.208984375,bertrami,11,2,0,704,Althaea,Althaea,bertrami,Althaea_bertrami_11_2,Post et Beauv. ,,,,species,,178.99999618530273,1109.179178873698,316.7915344238281,1159.2041015625,0.0,0.0
50,53,80.11866760253906,266.2030029296875,95.70523071289062,278.208984375,Post,11,2,1,704,,Althaea,,,,author_11_2,,,,,333.8277816772461,1109.179178873698,398.77179463704425,1159.2041015625,0.0,0.0
51,54,99.52168273925781,266.2030029296875,106.17052459716797,278.208984375,et,11,2,2,704,,Althaea,,,,author_11_2,,,,,414.6736780802409,1109.179178873698,442.3771858215332,1159.2041015625,0.0,0.0
52,55,109.98697662353516,266.2030029296875,135.75172424316406,278.208984375,Beauv.,11,2,3,704,,Althaea,,,,author_11_2,,,,,458.2790692647298,1109.179178873698,565.632184346517,1159.2041015625,0.0,0.0
53,56,42.959999084472656,275.8030090332031,82.24913787841797,287.8089904785156,cannabina,11,3,0,704,Althaea,Althaea,cannabina,Althaea_cannabina_11_3,L. ,,,,species,,178.99999618530273,1149.179204305013,342.7047411600749,1199.2041269938152,0.0,0.0
54,57,88.0792465209961,275.8030090332031,96.15269470214844,287.8089904785156,L.,11,3,1,704,,Althaea,,,,author_11_3,,,,,366.9968605041504,1149.179204305013,400.63622792561847,1199.2041269938152,0.0,0.0
55,58,42.720001220703125,286.5610046386719,82.64839935302734,297.54998779296875,chrysantha,11,4,0,704,Althaea,Althaea,chrysantha,Althaea_chrysantha_11_4,Sam. ,,,,species,,178.00000508626303,1194.004185994466,344.36833063761395,1239.7916158040364,0.0,0.0
56,59,84.14886474609375,285.64300537109375,103.2475357055664,297.64898681640625,Sam.,11,4,1,704,,Althaea,,,,author_11_4,,,,,350.6202697753906,1190.1791890462239,430.19806543986004,1240.2041117350261,0.0,0.0
57,60,42.959999084472656,295.9210205078125,83.45100402832031,306.9100036621094,damascena,11,5,0,704,Althaea,Althaea,damascena,Althaea_damascena_11_5,Moût. ,,,,species,,178.99999618530273,1233.0042521158855,347.71251678466797,1278.7916819254558,0.0,0.0
58,61,84.95069122314453,295.0030212402344,108.43048858642578,307.0090026855469,Moût.,11,5,1,704,,Althaea,,,,author_11_5,,,,,353.96121342976886,1229.1792551676433,451.79370244344074,1279.2041778564453,0.0,0.0
59,62,42.0,305.7610168457031,69.72793579101562,316.75,digitala,11,6,0,704,Althaea,Althaea,digitala,Althaea_digitala_11_6,Boiss. ,,,,species,,175.0,1274.0042368570964,290.53306579589844,1319.7916666666667,0.0,0.0
60,63,71.53270721435547,304.843017578125,93.03254699707031,316.8489990234375,Boiss.,11,6,1,704,,Althaea,,,,author_11_6,,,,,298.05294672648114,1270.1792399088542,387.63561248779297,1320.2041625976562,0.0,0.0
61,64,42.720001220703125,315.36102294921875,71.2229995727539,326.3500061035156,disserta,11,7,0,704,Althaea,Althaea,disserta,Althaea_disserta_11_7,Baker ,,,,species,,178.00000508626303,1314.0042622884114,296.7624982198079,1359.7916920979817,0.0,0.0
62,65,72.7229995727539,314.4430236816406,94.45100402832031,326.4490051269531,Baker,11,7,1,704,,Althaea,,,,author_11_7,,,,,303.0124982198079,1310.1792653401692,393.5458501180013,1360.2041880289714,0.0,0.0
63,66,42.47999954223633,324.96099853515625,90.98605346679688,335.9499816894531,haussknechtii,11,8,0,704,Althaea,Althaea,haussknechtii,Althaea_haussknechtii_11_8,(Boiss.) Benth. ,,,,species,,176.99999809265137,1354.0041605631511,379.1085561116536,1399.7915903727214,0.0,0.0
64,67,93.73627471923828,324.0429992675781,120.2148208618164,336.0489807128906,(Boiss.),11,8,1,704,,Althaea,,,,author_11_8,,,,,390.5678113301595,1350.179163614909,500.89508692423504,1400.204086303711,0.0,0.0
65,68,123.10265350341797,324.0429992675781,147.99224853515625,336.0489807128906,Benth.,11,8,2,704,,Althaea,,,,author_11_8,,,,,512.9277229309082,1350.179163614909,616.6343688964844,1400.204086303711,0.0,0.0
66,69,42.47999954223633,333.64300537109375,68.5684814453125,345.64898681640625,hirsuta,11,9,0,704,Althaea,Althaea,hirsuta,Althaea_hirsuta_11_9,L. ,,,,species,,176.99999809265137,1390.1791890462239,285.70200602213544,1440.2041117350261,0.0,0.0
67,70,73.30464172363281,333.64300537109375,81.27315521240234,345.64898681640625,L.,11,9,1,704,,Althaea,,,,author_11_9,,,,,305.4360071818034,1390.1791890462239,338.6381467183431,1440.2041117350261,0.0,0.0
68,71,42.47999954223633,344.1610107421875,86.96700286865234,355.1499938964844,hohenackeri,11,10,0,704,Althaea,Althaea,hohenackeri,Althaea_hohenackeri_11_10,"Boiss, et Huet ",,,,species,,176.99999809265137,1434.0042114257812,362.3625119527181,1479.7916412353516,0.0,0.0
69,72,88.82028198242188,343.2430114746094,110.16665649414062,355.2489929199219,"Boiss,",11,10,1,704,,Althaea,,,,author_11_10,,,,,370.0845082600911,1430.179214477539,459.0277353922526,1480.204137166341,0.0,0.0
70,73,112.39019012451172,343.2430114746094,118.93310546875,355.2489929199219,et,11,10,2,704,,Althaea,,,,author_11_10,,,,,468.29245885213214,1430.179214477539,495.5546061197917,1480.204137166341,0.0,0.0
71,74,120.9101333618164,343.2430114746094,139.6627197265625,355.2489929199219,Huet,11,10,3,704,,Althaea,,,,author_11_10,,,,,503.7922223409017,1430.179214477539,581.9279988606771,1480.204137166341,0.0,0.0
72,75,42.2400016784668,353.7610168457031,71.50089263916016,364.75,kotschyi,11,11,0,704,Althaea,Althaea,kotschyi,Althaea_kotschyi_11_11,Boiss. ,,,,species,,176.00000699361166,1474.0042368570964,297.92038599650067,1519.7916666666667,0.0,0.0
73,76,73.00099182128906,352.843017578125,94.7504653930664,364.8489990234375,Boiss.,11,11,1,704,,Althaea,,,,author_11_11,,,,,304.1707992553711,1470.1792399088542,394.79360580444336,1520.2041625976562,0.0,0.0
74,77,42.47999954223633,363.1210021972656,69.98297119140625,374.1099853515625,kurdica,11,12,0,704,Althaea,Althaea,kurdica,Althaea_kurdica_11_12,Schlecht. ,,,,species,,176.99999809265137,1513.0041758219402,291.59571329752606,1558.7916056315105,0.0,0.0
75,78,71.48340606689453,362.2030029296875,106.45954895019531,374.208984375,Schlecht.,11,12,1,704,,Althaea,,,,author_11_12,,,,,297.84752527872723,1509.179178873698,443.58145395914715,1559.2041015625,0.0,0.0
76,79,42.959999084472656,372.9610290527344,77.45700073242188,383.95001220703125,leiocarpa,11,13,0,704,Althaea,Althaea,leiocarpa,Althaea_leiocarpa_11_13,Sam. ex Rech. fil. ,,,,species,,178.99999618530273,1554.0042877197266,322.7375030517578,1599.7917175292969,0.0,0.0
77,80,80.34087371826172,372.04302978515625,99.28057098388672,384.04901123046875,Sam.,11,13,1,704,,Althaea,,,,author_11_13,,,,,334.75364049275714,1550.1792907714844,413.66904576619464,1600.2042134602864,0.0,0.0
78,81,102.32482147216797,372.04302978515625,110.90020751953125,384.04901123046875,ex,11,13,2,704,,Althaea,,,,author_11_13,,,,,426.3534228006999,1550.1792907714844,462.0841979980469,1600.2042134602864,0.0,0.0
79,82,113.46430969238281,372.04302978515625,135.42745971679688,384.04901123046875,Rech.,11,13,3,704,,Althaea,,,,author_11_13,,,,,472.76795705159503,1550.1792907714844,564.2810821533203,1600.2042134602864,0.0,0.0
80,83,137.83119201660156,372.04302978515625,148.4727020263672,384.04901123046875,fil.,11,13,4,704,,Althaea,,,,author_11_13,,,,,574.2966334025065,1550.1792907714844,618.6362584431967,1600.2042134602864,0.0,0.0
81,84,42.47999954223633,381.64300537109375,73.40563201904297,393.64898681640625,ludwigii,11,14,0,704,Althaea,Althaea,ludwigii,Althaea_ludwigii_11_14,L. ,,,,species,,176.99999809265137,1590.1791890462239,305.8568000793457,1640.2041117350261,0.0,0.0
82,85,77.86954498291016,381.64300537109375,85.83211517333984,393.64898681640625,L.,11,14,1,704,,Althaea,,,,author_11_14,,,,,324.4564374287923,1590.1791890462239,357.63381322224933,1640.2041117350261,0.0,0.0
83,86,42.47999954223633,391.9209899902344,72.66708374023438,402.90997314453125,octaviae,11,15,0,704,Althaea,Althaea,octaviae,Althaea_octaviae_11_15,Reut. ex Oppenh. ,,,,species,,176.99999809265137,1633.0041249593098,302.7795155843099,1678.7915547688801,0.0,0.0
84,87,74.82825469970703,391.00299072265625,95.664794921875,403.00897216796875,Reut.,11,15,1,704,,Althaea,,,,author_11_15,,,,,311.7843945821126,1629.1791280110676,398.6033121744792,1679.2040506998699,0.0,0.0
85,88,98.49124145507812,391.00299072265625,107.13294982910156,403.00897216796875,ex,11,15,2,704,,Althaea,,,,author_11_15,,,,,410.3801727294922,1629.1791280110676,446.38729095458984,1679.2040506998699,0.0,0.0
86,89,109.46044158935547,391.00299072265625,142.71255493164062,403.00897216796875,Oppenh.,11,15,3,704,,Althaea,,,,author_11_15,,,,,456.08517328898114,1629.1791280110676,594.6356455485026,1679.2040506998699,0.0,0.0
87,90,42.47999954223633,400.843017578125,77.34284973144531,412.8489990234375,officinalis,11,16,0,704,Althaea,Althaea,officinalis,Althaea_officinalis_11_16,L. ,,,,species,,176.99999809265137,1670.1792399088542,322.26187388102215,1720.2041625976562,0.0,0.0
88,91,83.78082275390625,400.843017578125,91.59291076660156,412.8489990234375,L.,11,16,1,704,,Althaea,,,,author_11_16,,,,,349.0867614746094,1670.1792399088542,381.63712819417316,1720.2041625976562,0.0,0.0
89,92,41.279998779296875,411.3609924316406,66.53095245361328,422.3499755859375,pallida,11,17,0,704,Althaea,Althaea,pallida,Althaea_pallida_11_17,Waldst. et Kit. ,,,,species,,171.99999491373697,1714.004135131836,277.21230189005536,1759.7915649414062,0.0,0.0
90,93,69.6177749633789,410.4429931640625,98.91088104248047,422.448974609375,Waldst.,11,17,1,704,,Althaea,,,,author_11_17,,,,,290.0740623474121,1710.1791381835938,412.12867101033527,1760.2040608723958,0.0,0.0
91,94,102.472900390625,410.4429931640625,109.1296615600586,422.448974609375,et,11,17,2,704,,Althaea,,,,author_11_17,,,,,426.9704182942708,1710.1791381835938,454.7069231669108,1760.2040608723958,0.0,0.0
92,95,112.21646881103516,410.4429931640625,127.11968994140625,422.448974609375,Kit.,11,17,3,704,,Althaea,,,,author_11_17,,,,,467.5686200459798,1710.1791381835938,529.6653747558594,1760.2040608723958,0.0,0.0
93,96,42.47999954223633,420.9610290527344,83.48399353027344,431.95001220703125,remotiflora,11,18,0,704,Althaea,Althaea,remotiflora,Althaea_remotiflora_11_18,Boiss. et Heldr. ,,,,species,,176.99999809265137,1754.0042877197266,347.84997304280597,1799.7917175292969,0.0,0.0
94,97,85.81543731689453,420.04302978515625,107.11231994628906,432.04901123046875,Boiss.,11,18,1,704,,Althaea,,,,author_11_18,,,,,357.56432215372723,1750.1792907714844,446.3013331095378,1800.2042134602864,0.0,0.0
95,98,109.83085632324219,420.04302978515625,116.3371353149414,432.04901123046875,et,11,18,2,704,,Althaea,,,,author_11_18,,,,,457.6285680135091,1750.1792907714844,484.73806381225586,1800.2042134602864,0.0,0.0
96,99,118.66827392578125,420.04302978515625,143.2008819580078,432.04901123046875,Heldr.,11,18,3,704,,Althaea,,,,author_11_18,,,,,494.4511413574219,1750.1792907714844,596.6703414916992,1800.2042134602864,0.0,0.0
97,100,42.47999954223633,430.5610046386719,80.40655517578125,441.54998779296875,rhyticarpa,11,19,0,704,Althaea,Althaea,rhyticarpa,Althaea_rhyticarpa_11_19,Trautv. ,,,,species,,176.99999809265137,1794.004185994466,335.0273132324219,1839.7916158040364,0.0,0.0
98,101,81.90673065185547,429.64300537109375,111.1316909790039,441.64898681640625,Trautv.,11,19,1,704,,Althaea,,,,author_11_19,,,,,341.27804438273114,1790.1791890462239,463.0487124125163,1840.2041117350261,0.0,0.0
99,102,42.2400016784668,440.1610107421875,62.03802490234375,451.1499938964844,rosea,11,20,0,704,Althaea,Althaea,rosea,Althaea_rosea_11_20,(L.) Cav. ,,,,species,,176.00000699361166,1834.0042114257812,258.4917704264323,1879.7916412353516,0.0,0.0
100,103,65.4228286743164,439.2430114746094,79.25708770751953,451.2489929199219,(L.),11,20,1,704,,Althaea,,,,author_11_20,,,,,272.59511947631836,1830.179214477539,330.23786544799805,1880.204137166341,0.0,0.0
101,104,82.64189910888672,439.2430114746094,99.99263763427734,451.2489929199219,Cav.,11,20,2,704,,Althaea,,,,author_11_20,,,,,344.341246287028,1830.179214477539,416.63599014282227,1880.204137166341,0.0,0.0
102,105,42.2400016784668,449.5210266113281,75.9654769897461,460.510009765625,rufescens,11,21,0,704,Althaea,Althaea,rufescens,Althaea_rufescens_11_21,Boiss. ,,,,species,,176.00000699361166,1873.0042775472004,316.5228207906087,1918.7917073567708,0.0,0.0
103,106,77.46558380126953,448.60302734375,99.01167297363281,460.6090087890625,Boiss.,11,21,1,704,,Althaea,,,,author_11_21,,,,,322.77326583862305,1869.1792805989583,412.5486373901367,1919.2042032877605,0.0,0.0
104,107,42.0,459.3609924316406,64.32292175292969,470.3499755859375,setosa,11,22,0,704,Althaea,Althaea,setosa,Althaea_setosa_11_22,Boiss. ,,,,species,,175.0,1914.004135131836,268.01217397054035,1959.7915649414062,0.0,0.0
105,108,65.8230209350586,458.4429931640625,87.57249450683594,470.448974609375,Boiss.,11,22,1,704,,Althaea,,,,author_11_22,,,,,274.2625872294108,1910.1791381835938,364.8853937784831,1960.2040608723958,0.0,0.0
106,109,42.0,468.9610290527344,65.27293395996094,479.95001220703125,striata,11,23,0,704,Althaea,Althaea,striata,Althaea_striata_11_23,D.C. ,,,,species,,175.0,1954.0042877197266,271.9705581665039,1999.7917175292969,0.0,0.0
107,110,68.80921173095703,468.04302978515625,87.03313446044922,480.04901123046875,D.C.,11,23,1,704,,Althaea,,,,author_11_23,,,,,286.7050488789876,1950.1792907714844,362.63806025187176,2000.2042134602864,0.0,0.0
108,111,42.0,478.5610046386719,77.64000701904297,489.54998779296875,sulphurea,11,24,0,704,Althaea,Althaea,sulphurea,Althaea_sulphurea_11_24,Boiss. et Hausskn. ,,,,species,,175.0,1994.004185994466,323.5000292460124,2039.7916158040364,0.0,0.0
109,112,80.2110366821289,477.64300537109375,101.71087646484375,489.64898681640625,Boiss.,11,24,1,704,,Althaea,,,,author_11_24,,,,,334.2126528422038,1990.1791890462239,423.7953186035156,2040.2041117350261,0.0,0.0
110,113,104.76403045654297,477.64300537109375,111.2574462890625,489.64898681640625,et,11,24,2,704,,Althaea,,,,author_11_24,,,,,436.516793568929,1990.1791890462239,463.57269287109375,2040.2041117350261,0.0,0.0
111,114,113.82847595214844,477.64300537109375,148.47450256347656,489.64898681640625,Hausskn.,11,24,3,704,,Althaea,,,,author_11_24,,,,,474.28531646728516,1990.1791890462239,618.6437606811523,2040.2041117350261,0.0,0.0
112,115,28.31999969482422,487.9630126953125,60.182159423828125,499.968994140625,Alyssum,12,0,0,704,Alyssum,Alyssum,,,,,,,genus,,117.99999872843425,2033.179219563802,250.75899759928384,2083.204142252604,0.0,1.0
113,116,42.0,498.48101806640625,70.97335815429688,509.4700012207031,alpestre,13,0,0,704,Alyssum,Alyssum,alpestre,Alyssum_alpestre_13_0,L. ,,,,species,,175.0,2077.0042419433594,295.7223256429036,2122.7916717529297,0.0,0.0
114,117,72.47381591796875,497.5630187988281,80.62102508544922,509.5690002441406,L.,13,0,1,704,,Alyssum,,,,author_13_0,,,,,301.97423299153644,2073.179244995117,335.9209378560384,2123.2041676839194,0.0,0.0
115,118,42.0,508.0810241699219,78.9675521850586,519.0700073242188,alyssoides,13,1,0,704,Alyssum,Alyssum,alyssoides,Alyssum_alyssoides_13_1,L. ,,,,species,,175.0,2117.0042673746743,329.03146743774414,2162.7916971842446,0.0,0.0
116,119,80.46800994873047,507.16302490234375,88.49542236328125,519.1690063476562,L.,13,1,1,704,,Alyssum,,,,author_13_1,,,,,335.28337478637695,2113.179270426432,368.7309265136719,2163.2041931152344,0.0,0.0
117,120,42.0,517.4409790039062,98.92277526855469,528.4299926757812,antilibanoticum,13,2,0,704,Alyssum,Alyssum,antilibanoticum,Alyssum_antilibanoticum_13_2,Rech. fil. ,,,,species,,175.0,2156.004079182943,412.17823028564453,2201.7916361490884,0.0,0.0
118,121,100.42257690429688,516.5230102539062,122.57518768310547,528.5289916992188,Rech.,13,2,1,704,,Alyssum,,,,author_13_2,,,,,418.4274037679036,2152.179209391276,510.72994867960614,2202.204132080078,0.0,0.0
119,122,124.07499694824219,516.5230102539062,134.85025024414062,528.5289916992188,fil.,13,2,2,704,,Alyssum,,,,author_13_2,,,,,516.9791539510092,2152.179209391276,561.8760426839193,2202.204132080078,0.0,0.0
120,123,41.7599983215332,527.0409545898438,80.04051208496094,538.0299682617188,argenteum,13,3,0,704,Alyssum,Alyssum,argenteum,Alyssum_argenteum_13_3,Ung. ,,,,species,,173.99999300638834,2196.003977457682,333.5021336873372,2241.791534423828,0.0,0.0
121,124,81.54019165039062,526.1229858398438,100.54769134521484,538.1289672851562,Ung.,13,3,1,704,,Alyssum,,,,author_13_3,,,,,339.75079854329425,2192.1791076660156,418.9487139383952,2242.204030354818,0.0,0.0
122,125,42.0,535.7230224609375,71.14600372314453,547.72900390625,aureum,13,4,0,704,Alyssum,Alyssum,aureum,Alyssum_aureum_13_4,(Fenzl) Boiss. ,,,,species,,175.0,2232.1792602539062,296.44168217976886,2282.2041829427085,0.0,0.0
123,126,76.9662094116211,535.7230224609375,103.35763549804688,547.72900390625,(Fenzl),13,4,1,704,,Alyssum,,,,author_13_4,,,,,320.6925392150879,2232.1792602539062,430.6568145751953,2282.2041829427085,0.0,0.0
124,127,109.17784118652344,535.7230224609375,130.47471618652344,547.72900390625,Boiss.,13,4,2,704,,Alyssum,,,,author_13_4,,,,,454.90767161051434,2232.1792602539062,543.644650777181,2282.2041829427085,0.0,0.0
125,128,42.0,545.56298828125,115.30553436279297,557.5689697265625,baumgartnerianum,13,5,0,704,Alyssum,Alyssum,baumgartnerianum,Alyssum_baumgartnerianum_13_5,Bornm. ,,,,species,,175.0,2273.1791178385415,480.4397265116374,2323.2040405273438,0.0,0.0
126,129,122.39097595214844,545.56298828125,150.6326904296875,557.5689697265625,Bornm.,13,5,1,704,,Alyssum,,,,author_13_5,,,,,509.96239980061847,2273.1791178385415,627.6362101236979,2323.2040405273438,0.0,0.0
127,130,41.7599983215332,555.8410034179688,78.75,566.8300170898438,calycinum,13,6,0,704,Alyssum,Alyssum,calycinum,Alyssum_calycinum_13_6,L. ,,,,species,,173.99999300638834,2316.004180908203,328.125,2361.791737874349,0.0,0.0
128,131,80.65277862548828,554.9230346679688,88.42031860351562,566.9290161132812,L.,13,6,1,704,,Alyssum,,,,author_13_6,,,,,336.05324427286786,2312.1793111165366,368.4179941813151,2362.2042338053384,0.0,0.0
129,133,41.7599983215332,565.6809692382812,78.71855926513672,576.6699829101562,campestre,13,7,0,704,Alyssum,Alyssum,campestre,Alyssum_campestre_13_7,L. ,,,,species,,173.99999300638834,2357.0040384928384,327.99399693806964,2402.7915954589844,0.0,0.0
130,134,80.2182846069336,564.7630004882812,88.10657501220703,576.7689819335938,L.,13,7,1,704,,Alyssum,,,,author_13_7,,,,,334.24285252888996,2353.179168701172,367.1107292175293,2403.204091389974,0.0,0.0
131,135,41.7599983215332,574.60302734375,70.95509338378906,586.6090087890625,cassium,13,8,0,704,Alyssum,Alyssum,cassium,Alyssum_cassium_13_8,Boiss. ,,,,species,,173.99999300638834,2394.1792805989585,295.6462224324544,2444.2042032877603,0.0,0.0
132,136,75.09626770019531,574.60302734375,96.39315032958984,586.6090087890625,Boiss.,13,8,1,704,,Alyssum,,,,author_13_8,,,,,312.90111541748047,2394.1792805989585,401.638126373291,2444.2042032877603,0.0,0.0
133,137,41.52000045776367,584.8809814453125,78.47856140136719,595.8699951171875,clypeatum,13,9,0,704,Alyssum,Alyssum,clypeatum,Alyssum_clypeatum_13_9,L. ,,,,species,,173.00000190734863,2437.0040893554688,326.99400583902997,2482.7916463216147,0.0,0.0
134,138,79.97901916503906,583.9630126953125,88.12622833251953,595.968994140625,L.,13,9,1,704,,Alyssum,,,,author_13_9,,,,,333.2459131876628,2433.1792195638022,367.19261805216473,2483.204142252604,0.0,0.0
135,139,41.52000045776367,595.2009887695312,89.03704071044922,606.1900024414062,condensation,13,10,0,704,Alyssum,Alyssum,condensation,Alyssum_condensation_13_10,Boiss. et Hoh. ,,,,species,,173.00000190734863,2480.004119873047,370.98766962687176,2525.791676839193,0.0,0.0
136,140,91.63578796386719,594.2830200195312,113.33856964111328,606.2890014648438,Boiss.,13,10,1,704,,Alyssum,,,,author_13_10,,,,,381.81578318277997,2476.1792500813804,472.24404017130536,2526.204172770182,0.0,0.0
137,141,116.21055603027344,594.2830200195312,122.79999542236328,606.2890014648438,et,13,10,2,704,,Alyssum,,,,author_13_10,,,,,484.21065012613934,2476.1792500813804,511.66664759318036,2526.204172770182,0.0,0.0
138,142,125.39875030517578,594.2830200195312,144.39190673828125,606.2890014648438,Hoh.,13,10,3,704,,Alyssum,,,,author_13_10,,,,,522.4947929382324,2476.1792500813804,601.6329447428385,2526.204172770182,0.0,0.0
139,213,250.32000732421875,43.24297332763672,297.8013916015625,55.24897003173828,contemptum,24,0,0,704,Alyssum,Alyssum,contemptum,Alyssum_contemptum_24_0,Schott et Ky ,,,,species,,1043.0000305175781,180.17905553181967,1240.839131673177,230.20404179890951,1.0,2.0
140,214,302.9444274902344,43.24297332763672,326.7232666015625,55.24897003173828,Schott,24,0,1,704,,Alyssum,,,,author_24_0,,,,,1262.2684478759766,180.17905553181967,1361.346944173177,230.20404179890951,1.0,2.0
141,215,331.29510498046875,43.24297332763672,338.0409851074219,55.24897003173828,et,24,0,2,704,,Alyssum,,,,author_24_0,,,,,1380.3962707519531,180.17905553181967,1408.5041046142578,230.20404179890951,1.0,2.0
142,216,342.6128234863281,43.24297332763672,353.81365966796875,55.24897003173828,Ky,24,0,3,704,,Alyssum,,,,author_24_0,,,,,1427.553431193034,180.17905553181967,1474.2235819498699,230.20404179890951,1.0,2.0
143,217,250.32000732421875,52.60301971435547,293.7180480957031,64.60901641845703,crenulatum,24,1,0,704,Alyssum,Alyssum,crenulatum,Alyssum_crenulatum_24_1,Boiss. ,,,,species,,1043.0000305175781,219.17924880981445,1223.825200398763,269.2042350769043,1.0,2.0
144,218,297.0959167480469,52.60301971435547,318.392822265625,64.60901641845703,Boiss.,24,1,1,704,,Alyssum,,,,author_24_1,,,,,1237.899653116862,219.17924880981445,1326.6367594401042,269.2042350769043,1.0,2.0
145,219,250.0800018310547,62.44298553466797,299.26318359375,74.44898223876953,damascenum,24,2,0,704,Alyssum,Alyssum,damascenum,Alyssum_damascenum_24_2,Boiss. et Gaill. ,,,,species,,1042.0000076293945,260.1791063944499,1246.929931640625,310.20409266153973,1.0,2.0
146,220,303.419189453125,62.44298553466797,324.9190368652344,74.44898223876953,Boiss.,24,2,1,704,,Alyssum,,,,author_24_2,,,,,1264.2466227213542,260.1791063944499,1353.8293202718098,310.20409266153973,1.0,2.0
147,221,329.8076477050781,62.44298553466797,336.3634338378906,74.44898223876953,et,24,2,2,704,,Alyssum,,,,author_24_2,,,,,1374.1985321044922,260.1791063944499,1401.5143076578777,310.20409266153973,1.0,2.0
148,222,340.76397705078125,62.44298553466797,361.8311462402344,74.44898223876953,Gaill.,24,2,3,704,,Alyssum,,,,author_24_2,,,,,1419.8499043782551,260.1791063944499,1507.6297760009766,310.20409266153973,1.0,2.0
149,223,250.0800018310547,71.80303192138672,296.0880126953125,83.80902862548828,dasycarpum,24,3,0,704,Alyssum,Alyssum,dasycarpum,Alyssum_dasycarpum_24_3,Steph. ,,,,species,,1042.0000076293945,299.17929967244464,1233.7000528971355,349.2042859395345,1.0,2.0
150,224,300.8954772949219,71.80303192138672,324.6326904296875,83.80902862548828,Steph.,24,3,1,704,,Alyssum,,,,author_24_3,,,,,1253.7311553955078,299.17929967244464,1352.636210123698,349.2042859395345,1.0,2.0
151,225,250.0800018310547,82.56099700927734,294.0719909667969,93.54999542236328,degenianum,24,4,0,704,Alyssum,Alyssum,degenianum,Alyssum_degenianum_24_4,Nyaradi ,,,,species,,1042.0000076293945,344.00415420532227,1225.2999623616536,389.79164759318036,1.0,2.0
152,226,295.5719909667969,81.64299774169922,326.8470458984375,93.64899444580078,Nyaradi,24,4,1,704,,Alyssum,,,,author_24_4,,,,,1231.5499623616536,340.1791572570801,1361.8626912434895,390.2041435241699,1.0,2.0
153,227,249.83999633789062,91.24297332763672,292.13580322265625,103.24897003173828,desertorum,24,5,0,704,Alyssum,Alyssum,desertorum,Alyssum_desertorum_24_5,Stapf ,,,,species,,1040.999984741211,380.17905553181964,1217.2325134277344,430.2040417989095,1.0,2.0
154,228,297.77386474609375,91.24297332763672,317.33135986328125,103.24897003173828,Stapf,24,5,1,704,,Alyssum,,,,author_24_5,,,,,1240.7244364420574,380.17905553181964,1322.2139994303386,430.2040417989095,1.0,2.0
155,229,249.83999633789062,101.7610092163086,288.3420715332031,112.75000762939453,dubertretii,24,6,0,704,Alyssum,Alyssum,dubertretii,Alyssum_dubertretii_24_6,Gombault ,,,,species,,1040.999984741211,424.00420506795246,1201.425298055013,469.79169845581055,1.0,2.0
156,230,289.8420715332031,100.84300994873047,328.1380615234375,112.84900665283203,Gombault,24,6,1,704,,Alyssum,,,,author_24_6,,,,,1207.675298055013,420.17920811971027,1367.241923014323,470.2041943868001,1.0,2.0
157,231,247.67999267578125,111.3609848022461,284.2198486328125,122.34998321533203,filifolium,24,7,0,704,Alyssum,Alyssum,filifolium,Alyssum_filifolium_24_7,Wahlenb. ,,,,species,,1031.9999694824219,464.0041033426921,1184.2493693033855,509.7915967305501,1.0,2.0
158,232,285.7196960449219,110.44298553466797,323.11297607421875,122.44898223876953,Wahlenb.,24,7,1,704,,Alyssum,,,,author_24_7,,,,,1190.4987335205078,460.1791063944499,1346.3040669759114,510.20409266153973,1.0,2.0
159,233,247.9199981689453,120.96099090576172,279.6455078125,131.94998168945312,flexibile,24,8,0,704,Alyssum,Alyssum,flexibile,Alyssum_flexibile_24_8,Nyaradi ,,,,species,,1032.9999923706055,504.00412877400714,1165.1896158854167,549.7915903727213,1.0,2.0
160,234,281.1453552246094,120.0429916381836,312.1075744628906,132.0489959716797,Nyaradi,24,8,1,704,,Alyssum,,,,author_24_8,,,,,1171.438980102539,500.17913182576496,1300.448226928711,550.2041498819987,1.0,2.0
161,235,249.60000610351562,131.04100036621094,290.10906982421875,142.02999877929688,haradjianii,24,9,0,704,Alyssum,Alyssum,haradjianii,Alyssum_haradjianii_24_9,Rech. fil. ,,,,species,,1040.0000254313152,546.0041681925455,1208.7877909342449,591.7916615804037,1.0,2.0
162,236,291.82672119140625,130.1230010986328,313.7898864746094,142.12901306152344,Rech.,24,9,1,704,,Alyssum,,,,author_24_9,,,,,1215.9446716308594,542.1791712443033,1307.4578603108723,592.204221089681,1.0,2.0
163,237,315.63031005859375,130.1230010986328,326.31341552734375,142.12901306152344,fil.,24,9,2,704,,Alyssum,,,,author_24_9,,,,,1315.1262919108074,542.1791712443033,1359.6392313639324,592.204221089681,1.0,2.0
164,238,249.36000061035156,140.64100646972656,281.3802795410156,151.6300048828125,hirsutum,24,10,0,704,Alyssum,Alyssum,hirsutum,Alyssum_hirsutum_24_10,Auct. ,,,,species,,1039.0000025431316,586.0041936238607,1172.4178314208984,631.7916870117188,1.0,2.0
165,239,282.88006591796875,139.72300720214844,303.8447570800781,151.72901916503906,Auct.,24,10,1,704,,Alyssum,,,,author_24_10,,,,,1178.6669413248699,582.1791966756185,1266.0198211669922,632.2042465209961,1.0,2.0
166,240,249.36000061035156,149.76100158691406,303.85498046875,160.75,homalocarpum,24,11,0,704,Alyssum,Alyssum,homalocarpum,Alyssum_homalocarpum_24_11,(F. et M.) Boiss. ,,,,species,,1039.0000025431316,624.0041732788086,1266.0624186197917,669.7916666666666,1.0,2.0
167,241,306.7606201171875,148.84300231933594,317.3744201660156,160.84901428222656,(F.,24,11,1,704,,Alyssum,,,,author_24_11,,,,,1278.1692504882812,620.1791763305664,1322.3934173583984,670.204226175944,1.0,2.0
168,242,320.1355285644531,148.84300231933594,326.6705322265625,160.84901428222656,et,24,11,2,704,,Alyssum,,,,author_24_11,,,,,1333.8980356852214,620.1791763305664,1361.127217610677,670.204226175944,1.0,2.0
169,243,329.1405944824219,148.84300231933594,342.6699523925781,160.84901428222656,M.),24,11,3,704,,Alyssum,,,,author_24_11,,,,,1371.4191436767578,620.1791763305664,1427.791468302409,670.204226175944,1.0,2.0
170,244,345.5755920410156,148.84300231933594,366.87249755859375,160.84901428222656,Boiss.,24,11,4,704,,Alyssum,,,,author_24_11,,,,,1439.8983001708984,620.1791763305664,1528.6354064941406,670.204226175944,1.0,2.0
171,245,249.60000610351562,159.4029998779297,283.6740417480469,171.4090118408203,iranicum,24,12,0,704,Alyssum,Alyssum,iranicum,Alyssum_iranicum_24_12,Bornm. ,,,,species,,1040.0000254313152,664.1791661580404,1181.9751739501953,714.204216003418,1.0,2.0
172,246,287.9914245605469,159.4029998779297,316.2331848144531,171.4090118408203,Bornm.,24,12,1,704,,Alyssum,,,,author_24_12,,,,,1199.9642690022786,664.1791661580404,1317.6382700602214,714.204216003418,1.0,2.0
173,267,249.60000610351562,169.2010040283203,315.1020812988281,180.19000244140625,lepidoto-stellatum,30,0,0,704,Alyssum,Alyssum,lepidoto-stellatum,Alyssum_lepidoto-stellatum_30_0,(Hausskn.) Dudley ,,,,species,,1040.0000254313152,705.0041834513346,1312.9253387451172,750.7916768391927,1.0,2.0
174,268,319.55511474609375,168.2830047607422,359.48089599609375,180.2890167236328,(Hausskn.),30,0,1,704,,Alyssum,,,,author_30_0,,,,,1331.4796447753906,701.1791865030924,1497.8370666503906,751.2042363484701,1.0,2.0
175,269,364.30517578125,168.2830047607422,391.4915466308594,180.2890167236328,Dudley,30,0,2,704,,Alyssum,,,,author_30_0,,,,,1517.938232421875,701.1791865030924,1631.2147776285808,751.2042363484701,1.0,2.0
176,271,249.36000061035156,178.6029815673828,294.7534484863281,190.60899353027344,libanoticum,31,0,0,704,Alyssum,Alyssum,libanoticum,Alyssum_libanoticum_31_0,Nyaradi ,,,,species,,1039.0000025431316,744.1790898640951,1228.139368693034,794.2041397094727,1.0,2.0
177,272,300.2122802734375,178.6029815673828,331.17449951171875,190.60899353027344,Nyaradi,31,0,1,704,,Alyssum,,,,author_31_0,,,,,1250.884501139323,744.1790898640951,1379.8937479654949,794.2041397094727,1.0,2.0
178,273,249.60000610351562,188.64100646972656,296.0940246582031,199.6300048828125,macrostylum,31,1,0,704,Alyssum,Alyssum,macrostylum,Alyssum_macrostylum_31_1,Boiss. et Huet ,,,,species,,1040.0000254313152,786.0041936238607,1233.725102742513,831.7916870117188,1.0,2.0
179,274,297.8473205566406,187.72300720214844,319.14422607421875,199.72901916503906,Boiss.,31,1,1,704,,Alyssum,,,,author_31_1,,,,,1241.030502319336,782.1791966756185,1329.7676086425781,832.2042465209961,1.0,2.0
180,275,321.13018798828125,187.72300720214844,327.6552734375,199.72901916503906,et,31,1,2,704,,Alyssum,,,,author_31_1,,,,,1338.0424499511719,782.1791966756185,1365.2303059895833,832.2042465209961,1.0,2.0
181,276,329.4085693359375,187.72300720214844,347.9829406738281,199.72901916503906,Huet,31,1,3,704,,Alyssum,,,,author_31_1,,,,,1372.5357055664062,782.1791966756185,1449.928919474284,832.2042465209961,1.0,2.0
182,277,249.36000061035156,198.2830047607422,296.0484619140625,210.2890167236328,marginatum,31,2,0,704,Alyssum,Alyssum,marginatum,Alyssum_marginatum_31_2,Steud. ,,,,species,,1039.0000025431316,826.1791865030924,1233.5352579752605,876.2042363484701,1.0,2.0
183,278,301.73699951171875,198.2830047607422,325.5930480957031,210.2890167236328,Steud.,31,2,1,704,,Alyssum,,,,author_31_2,,,,,1257.2374979654949,826.1791865030924,1356.637700398763,876.2042363484701,1.0,2.0
184,279,249.36000061035156,208.3209991455078,288.86102294921875,219.30999755859375,maritimum,31,3,0,704,Alyssum,Alyssum,maritimum,Alyssum_maritimum_31_3,(L.) Lam. ,,,,species,,1039.0000025431316,868.0041631062826,1203.5875956217449,913.7916564941406,1.0,2.0
185,280,291.55780029296875,207.4029998779297,305.39208984375,219.4090118408203,(L.),31,3,1,704,,Alyssum,,,,author_31_3,,,,,1214.8241678873699,864.1791661580404,1272.467041015625,914.204216003418,1.0,2.0
186,281,308.0892333984375,207.4029998779297,327.9979248046875,219.4090118408203,Lam.,31,3,2,704,,Alyssum,,,,author_31_3,,,,,1283.7051391601562,864.1791661580404,1366.6580200195312,914.204216003418,1.0,2.0
187,282,249.36000061035156,217.0030059814453,295.4295654296875,229.00901794433594,meniocoides,31,4,0,704,Alyssum,Alyssum,meniocoides,Alyssum_meniocoides_31_4,Boiss. ,,,,species,,1039.0000025431316,904.1791915893555,1230.956522623698,954.204241434733,1.0,2.0
188,283,299.93310546875,217.0030059814453,321.0319519042969,229.00901794433594,Boiss.,31,4,1,704,,Alyssum,,,,author_31_4,,,,,1249.7212727864583,904.1791915893555,1337.6331329345703,954.204241434733,1.0,2.0
189,284,249.36000061035156,227.52098083496094,282.8580017089844,238.50997924804688,minimum,31,5,0,704,Alyssum,Alyssum,minimum,Alyssum_minimum_31_5,L. ,,,,species,,1039.0000025431316,948.0040868123373,1178.5750071207683,993.7915802001953,1.0,2.0
190,285,284.52398681640625,226.6029815673828,292.4789733886719,238.60899353027344,L.,31,5,1,704,,Alyssum,,,,author_31_5,,,,,1185.5166117350261,944.1790898640951,1218.662389119466,994.2041397094727,1.0,2.0
191,286,249.1199951171875,237.12098693847656,282.2829895019531,248.1099853515625,minimum,31,6,0,704,Alyssum,Alyssum,minimum,Alyssum_minimum_31_6,Willd. ,,,,species,,1037.999979654948,988.0041122436523,1176.1791229248047,1033.7916056315105,1.0,2.0
192,287,284.8946228027344,236.20298767089844,308.5527038574219,248.20899963378906,Willd.,31,6,1,704,,Alyssum,,,,author_31_6,,,,,1187.0609283447266,984.1791152954102,1285.636266072591,1034.2041651407878,1.0,2.0
193,288,249.1199951171875,245.80299377441406,271.9741516113281,257.8089904785156,minus,31,7,0,704,Alyssum,Alyssum,minus,Alyssum_minus_31_7,(L.) Rothm. ,,,,species,,1037.999979654948,1024.1791407267253,1133.2256317138672,1074.2041269938152,1.0,2.0
194,289,277.2577819824219,245.80299377441406,291.0920715332031,257.8089904785156,(L.),31,7,1,704,,Alyssum,,,,author_31_7,,,,,1155.240758260091,1024.1791407267253,1212.8836313883464,1074.2041269938152,1.0,2.0
195,290,296.3764343261719,245.80299377441406,325.3594970703125,257.8089904785156,Rothm.,31,7,2,704,,Alyssum,,,,author_31_7,,,,,1234.9018096923828,1024.1791407267253,1355.664571126302,1074.2041269938152,1.0,2.0
196,291,249.1199951171875,255.4029998779297,283.6907653808594,267.40899658203125,minutum,31,8,0,704,Alyssum,Alyssum,minutum,Alyssum_minutum_31_8,Schlecht. ,,,,species,,1037.999979654948,1064.1791661580403,1182.0448557535808,1114.2041524251301,1.0,2.0
197,292,289.2694091796875,255.4029998779297,323.6718444824219,267.40899658203125,Schlecht.,31,8,1,704,,Alyssum,,,,author_31_8,,,,,1205.2892049153645,1064.1791661580403,1348.6326853434246,1114.2041524251301,1.0,2.0
198,293,249.1199951171875,266.8810119628906,287.11798095703125,277.8699951171875,montanum,31,9,0,704,Alyssum,Alyssum,montanum,Alyssum_montanum_31_9,Auct. ,,,,species,,1037.999979654948,1112.0042165120442,1196.3249206542969,1157.7916463216145,1.0,2.0
199,294,288.61773681640625,265.9630126953125,309.3903503417969,277.968994140625,Auct.,31,9,1,704,,Alyssum,,,,author_31_9,,,,,1202.5739034016926,1108.179219563802,1289.126459757487,1158.2041422526042,1.0,2.0
200,295,249.1199951171875,275.0830078125,297.0825500488281,287.0889892578125,mouradicum,31,10,0,704,Alyssum,Alyssum,mouradicum,Alyssum_mouradicum_31_10,Boiss. et Bal. ,,,,species,,1037.999979654948,1146.17919921875,1237.843958536784,1196.204121907552,1.0,2.0
201,296,301.18115234375,275.0830078125,322.4780578613281,287.0889892578125,Boiss.,31,10,1,704,,Alyssum,,,,author_31_10,,,,,1254.9214680989583,1146.17919921875,1343.6585744222004,1196.204121907552,1.0,2.0
202,297,327.3013610839844,275.0830078125,333.81951904296875,287.0889892578125,et,31,10,2,704,,Alyssum,,,,author_31_10,,,,,1363.7556711832683,1146.17919921875,1390.9146626790364,1196.204121907552,1.0,2.0
203,298,337.9181213378906,275.0830078125,352.7117004394531,287.0889892578125,Bal.,31,10,3,704,,Alyssum,,,,author_31_10,,,,,1407.992172241211,1146.17919921875,1469.632085164388,1196.204121907552,1.0,2.0
204,299,248.8800048828125,283.7230224609375,275.3951721191406,295.72900390625,murale,31,11,0,704,Alyssum,Alyssum,murale,Alyssum_murale_31_11,Waldst. et Kit. ,,,,species,,1037.000020345052,1182.1792602539062,1147.4798838297527,1232.2041829427083,1.0,2.0
205,300,279.7531433105469,283.7230224609375,308.8443298339844,295.72900390625,Waldst.,31,11,1,704,,Alyssum,,,,author_31_11,,,,,1165.6380971272786,1182.1792602539062,1286.8513743082683,1232.2041829427083,1.0,2.0
206,301,313.71514892578125,283.7230224609375,320.42242431640625,295.72900390625,et,31,11,2,704,,Alyssum,,,,author_31_11,,,,,1307.1464538574219,1182.1792602539062,1335.0934346516926,1232.2041829427083,1.0,2.0
207,302,324.7803955078125,283.7230224609375,339.5115966796875,295.72900390625,Kit.,31,11,3,704,,Alyssum,,,,author_31_11,,,,,1353.2516479492188,1182.1792602539062,1414.6316528320312,1232.2041829427083,1.0,2.0
208,303,248.63999938964844,295.2010192871094,288.6269836425781,306.19000244140625,oxycarpum,31,12,0,704,Alyssum,Alyssum,oxycarpum,Alyssum_oxycarpum_31_12,Boiss. et Bal. ,,,,species,,1035.9999974568684,1230.0042470296223,1202.6124318440754,1275.7916768391926,1.0,2.0
209,304,290.6109313964844,294.28302001953125,311.9078369140625,306.28900146484375,Boiss.,31,12,1,704,,Alyssum,,,,author_31_12,,,,,1210.8788808186848,1226.1792500813801,1299.615987141927,1276.2041727701824,1.0,2.0
210,305,314.2887878417969,294.28302001953125,320.7406311035156,306.28900146484375,et,31,12,2,704,,Alyssum,,,,author_31_12,,,,,1309.536616007487,1226.1792500813801,1336.4192962646484,1276.2041727701824,1.0,2.0
211,306,322.8572692871094,294.28302001953125,337.83203125,306.28900146484375,Bal.,31,12,3,704,,Alyssum,,,,author_31_12,,,,,1345.2386220296223,1226.1792500813801,1407.6334635416667,1276.2041727701824,1.0,2.0
212,307,247.67999267578125,304.3210144042969,290.28375244140625,315.30999755859375,parviflorum,31,13,0,704,Alyssum,Alyssum,parviflorum,Alyssum_parviflorum_31_13,Bieb. ,,,,species,,1031.9999694824219,1268.0042266845703,1209.5156351725261,1313.7916564941406,1.0,2.0
213,308,291.78375244140625,303.40301513671875,311.4152526855469,315.40899658203125,Bieb.,31,13,1,704,,Alyssum,,,,author_31_13,,,,,1215.7656351725261,1264.1792297363281,1297.5635528564453,1314.2041524251301,1.0,2.0
214,309,247.67999267578125,313.9210205078125,302.61968994140625,324.9100036621094,pyramidatulum,31,14,0,704,Alyssum,Alyssum,pyramidatulum,Alyssum_pyramidatulum_31_14,Bornm. ,,,,species,,1031.9999694824219,1308.0042521158855,1260.9153747558594,1353.7916819254558,1.0,2.0
215,310,304.12005615234375,313.0030212402344,332.4164123535156,325.0090026855469,Bornm.,31,14,1,704,,Alyssum,,,,author_31_14,,,,,1267.1669006347656,1304.1792551676433,1385.0683848063152,1354.2041778564453,1.0,2.0
216,311,248.63999938964844,323.0830078125,272.9742126464844,335.0889892578125,repens,31,15,0,704,Alyssum,Alyssum,repens,Alyssum_repens_31_15,Baumg. ,,,,species,,1035.9999974568684,1346.17919921875,1137.3925526936848,1396.204121907552,1.0,2.0
217,312,277.0886535644531,323.0830078125,306.39361572265625,335.0889892578125,Baumg.,31,15,1,704,,Alyssum,,,,author_31_15,,,,,1154.5360565185547,1346.17919921875,1276.6400655110676,1396.204121907552,1.0,2.0
218,313,248.63999938964844,332.6830139160156,295.4135437011719,344.6889953613281,samariferum,31,16,0,704,Alyssum,Alyssum,samariferum,Alyssum_samariferum_31_16,Boiss. et Hausskn. ,,,,species,,1035.9999974568684,1386.1792246500652,1230.8897654215496,1436.2041473388672,1.0,2.0
219,314,299.9655456542969,332.6830139160156,321.06439208984375,344.6889953613281,Boiss.,31,16,1,704,,Alyssum,,,,author_31_16,,,,,1249.856440226237,1386.1792246500652,1337.7683003743489,1436.2041473388672,1.0,2.0
220,315,323.7423400878906,332.6830139160156,330.28131103515625,344.6889953613281,et,31,16,2,704,,Alyssum,,,,author_31_16,,,,,1348.9264170328777,1386.1792246500652,1376.1721293131511,1436.2041473388672,1.0,2.0
221,316,334.8333435058594,332.6830139160156,369.27142333984375,344.6889953613281,Hausskn.,31,16,3,704,,Alyssum,,,,author_31_16,,,,,1395.138931274414,1386.1792246500652,1538.6309305826824,1436.2041473388672,1.0,2.0
222,317,248.63999938964844,342.2409973144531,298.5224609375,353.22998046875,serpyllifolium,31,17,0,704,Alyssum,Alyssum,serpyllifolium,Alyssum_serpyllifolium_31_17,Desv. ,,,,species,,1035.9999974568684,1426.004155476888,1243.8435872395833,1471.7915852864583,1.0,2.0
223,318,300.0227966308594,341.322998046875,320.841064453125,353.3289794921875,Desv.,31,17,1,704,,Alyssum,,,,author_31_17,,,,,1250.094985961914,1422.1791585286458,1336.8377685546875,1472.204081217448,1.0,2.0
224,319,248.39999389648438,352.3210144042969,287.00701904296875,363.30999755859375,singarense,31,18,0,704,Alyssum,Alyssum,singarense,Alyssum_singarense_31_18,Boiss. et Hausskn. ,,,,species,,1034.9999745686848,1468.0042266845703,1195.8625793457031,1513.7916564941406,1.0,2.0
225,320,289.75030517578125,351.40301513671875,311.2501525878906,363.40899658203125,Boiss.,31,18,1,704,,Alyssum,,,,author_31_18,,,,,1207.2929382324219,1464.1792297363281,1296.8756357828777,1514.2041524251301,1.0,2.0
226,321,314.638916015625,351.40301513671875,321.16204833984375,363.40899658203125,et,31,18,2,704,,Alyssum,,,,author_31_18,,,,,1310.9954833984375,1464.1792297363281,1338.1752014160156,1514.2041524251301,1.0,2.0
227,322,324.06671142578125,351.40301513671875,358.71282958984375,363.40899658203125,Hausskn.,31,18,3,704,,Alyssum,,,,author_31_18,,,,,1350.2779642740886,1464.1792297363281,1494.6367899576824,1514.2041524251301,1.0,2.0
228,323,248.63999938964844,361.0030212402344,273.1920166015625,373.0090026855469,stapffii,31,19,0,704,Alyssum,Alyssum,stapffii,Alyssum_stapffii_31_19,Vierh. ,,,,species,,1035.9999974568684,1504.1792551676433,1138.300069173177,1554.2041778564453,1.0,2.0
229,324,278.17767333984375,361.0030212402344,302.3119201660156,373.0090026855469,Vierh.,31,19,1,704,,Alyssum,,,,author_31_19,,,,,1159.0736389160156,1504.1792551676433,1259.6330006917317,1554.2041778564453,1.0,2.0
230,325,248.63999938964844,370.60302734375,281.23699951171875,382.6090087890625,stribrnyi,31,20,0,704,Alyssum,Alyssum,stribrnyi,Alyssum_stribrnyi_31_20,Velen. ,,,,species,,1035.9999974568684,1544.1792805989583,1171.8208312988281,1594.2042032877605,1.0,2.0
231,326,286.03692626953125,370.60302734375,310.7172546386719,382.6090087890625,Velen.,31,20,1,704,,Alyssum,,,,author_31_20,,,,,1191.8205261230469,1544.1792805989583,1294.6552276611328,1594.2042032877605,1.0,2.0
232,327,248.63999938964844,380.6830139160156,279.5656433105469,392.6889953613281,strictum,31,21,0,704,Alyssum,Alyssum,strictum,Alyssum_strictum_31_21,Willd. ,,,,species,,1035.9999974568684,1586.1792246500652,1164.8568471272786,1636.2041473388672,1.0,2.0
233,328,284.6542663574219,380.6830139160156,308.3123474121094,392.6889953613281,Willd.,31,21,1,704,,Alyssum,,,,author_31_21,,,,,1186.0594431559246,1586.1792246500652,1284.634780883789,1636.2041473388672,1.0,2.0
234,329,248.63999938964844,390.28302001953125,284.69287109375,402.28900146484375,strigosum,31,22,0,704,Alyssum,Alyssum,strigosum,Alyssum_strigosum_31_22,Banks et Sol. ,,,,species,,1035.9999974568684,1626.1792500813801,1186.2202962239583,1676.2041727701824,1.0,2.0
235,330,288.8023681640625,390.28302001953125,311.18426513671875,402.28900146484375,Banks,31,22,1,704,,Alyssum,,,,author_31_22,,,,,1203.3432006835938,1626.1792500813801,1296.6011047363281,1676.2041727701824,1.0,2.0
236,331,315.29376220703125,390.28302001953125,321.81787109375,402.28900146484375,et,31,22,2,704,,Alyssum,,,,author_31_22,,,,,1313.7240091959636,1626.1792500813801,1340.9077962239583,1676.2041727701824,1.0,2.0
237,332,325.9273376464844,390.28302001953125,339.9903564453125,402.28900146484375,Sol.,31,22,3,704,,Alyssum,,,,author_31_22,,,,,1358.0305735270183,1626.1792500813801,1416.626485188802,1676.2041727701824,1.0,2.0
238,333,248.63999938964844,399.88299560546875,296.53326416015625,411.88897705078125,subspinosum,31,23,0,704,Alyssum,Alyssum,subspinosum,Alyssum_subspinosum_31_23,Dudley ,,,,species,,1035.9999974568684,1666.1791483561199,1235.5552673339844,1716.2040710449219,1.0,2.0
239,334,300.9892578125,399.88299560546875,328.3736267089844,411.88897705078125,Dudley,31,23,1,704,,Alyssum,,,,author_31_23,,,,,1254.1219075520833,1666.1791483561199,1368.2234446207683,1716.2040710449219,1.0,2.0
240,373,248.63999938964844,409.00299072265625,293.3147277832031,421.00897216796875,sulphureum,46,0,0,704,Alyssum,Alyssum,sulphureum,Alyssum_sulphureum_46_0,Dudl. et Huber-Morath ,,,,species,,1035.9999974568684,1704.1791280110676,1222.1446990966797,1754.2040506998699,1.0,2.0
241,374,299.5626220703125,409.00299072265625,320.9723815917969,421.00897216796875,Dudl.,46,0,1,704,,Alyssum,,,,author_46_0,,,,,1248.1775919596355,1704.1791280110676,1337.3849232991536,1754.2040506998699,1.0,2.0
242,375,327.48065185546875,409.00299072265625,334.212646484375,421.00897216796875,et,46,0,2,704,,Alyssum,,,,author_46_0,,,,,1364.5027160644531,1704.1791280110676,1392.5526936848958,1754.2040506998699,1.0,2.0
243,376,339.9397888183594,409.00299072265625,396.53314208984375,421.00897216796875,Huber-Morath,46,0,3,704,,Alyssum,,,,author_46_0,,,,,1416.415786743164,1704.1791280110676,1652.2214253743489,1754.2040506998699,1.0,2.0
244,377,248.16000366210938,430.0810241699219,281.1540222167969,441.07000732421875,syriacum,47,0,0,704,Alyssum,Alyssum,syriacum,Alyssum_syriacum_47_0,Nyaradi ,,,,species,,1034.000015258789,1792.0042673746746,1171.475092569987,1837.7916971842449,1.0,2.0
245,378,282.654052734375,429.16302490234375,313.72503662109375,441.16900634765625,Nyaradi,47,0,1,704,,Alyssum,,,,author_47_0,,,,,1177.7252197265625,1788.1792704264324,1307.1876525878906,1838.2041931152344,1.0,2.0
246,379,248.39999389648438,438.28302001953125,298.7117919921875,450.28900146484375,szowitsianum,47,1,0,704,Alyssum,Alyssum,szowitsianum,Alyssum_szowitsianum_47_1,Fisch. et Mey. ,,,,species,,1034.9999745686848,1826.1792500813801,1244.6324666341145,1876.2041727701824,1.0,2.0
247,380,302.3747863769531,438.28302001953125,324.5586853027344,450.28900146484375,Fisch.,47,1,1,704,,Alyssum,,,,author_47_1,,,,,1259.8949432373047,1826.1792500813801,1352.3278554280598,1876.2041727701824,1.0,2.0
248,381,328.4840393066406,438.28302001953125,335.09033203125,450.28900146484375,et,47,1,2,704,,Alyssum,,,,author_47_1,,,,,1368.6834971110027,1826.1792500813801,1396.209716796875,1876.2041727701824,1.0,2.0
249,382,338.75335693359375,438.28302001953125,357.9930114746094,450.28900146484375,Mey.,47,1,3,704,,Alyssum,,,,author_47_1,,,,,1411.4723205566406,1826.1792500813801,1491.6375478108723,1876.2041727701824,1.0,2.0
250,383,248.39999389648438,448.8009948730469,290.5635681152344,459.78997802734375,tetrastemon,47,2,0,704,Alyssum,Alyssum,tetrastemon,Alyssum_tetrastemon_47_2,Boiss. ,,,,species,,1034.9999745686848,1870.004145304362,1210.6815338134766,1915.7915751139324,1.0,2.0
251,384,292.0636901855469,447.88299560546875,313.4063720703125,459.88897705078125,Boiss.,47,2,1,704,,Alyssum,,,,author_47_2,,,,,1216.9320424397786,1866.1791483561199,1305.859883626302,1916.2040710449219,1.0,2.0
252,385,248.39999389648438,457.9209899902344,299.3940124511719,468.90997314453125,trochocarpum,47,3,0,704,Alyssum,Alyssum,trochocarpum,Alyssum_trochocarpum_47_3,Fenz ,,,,species,,1034.9999745686848,1908.0041249593098,1247.4750518798828,1953.7915547688801,1.0,2.0
253,386,300.8940124511719,457.00299072265625,318.8760070800781,469.00897216796875,Fenz,47,3,1,704,,Alyssum,,,,author_47_3,,,,,1253.7250518798828,1904.1791280110676,1328.6500295003254,1954.2040506998699,1.0,2.0
254,387,248.39999389648438,467.5210266113281,290.79473876953125,478.510009765625,umbellatum,47,4,0,704,Alyssum,Alyssum,umbellatum,Alyssum_umbellatum_47_4,Desv. ,,,,species,,1034.9999745686848,1948.0042775472004,1211.6447448730469,1993.7917073567708,1.0,2.0
255,388,292.2950744628906,466.60302734375,313.11334228515625,478.6090087890625,Desv.,47,4,1,704,,Alyssum,,,,author_47_4,,,,,1217.8961435953777,1944.1792805989583,1304.6389261881511,1994.2042032877605,1.0,2.0
256,389,248.39999389648438,477.60101318359375,281.365966796875,488.5899963378906,vesicaria,47,5,0,704,Alyssum,Alyssum,vesicaria,Alyssum_vesicaria_47_5,L. ,,,,species,,1034.9999745686848,1990.0042215983074,1172.3581949869792,2035.7916514078777,1.0,2.0
257,390,282.8656921386719,476.6830139160156,290.8139343261719,488.6889953613281,L.,47,5,1,704,,Alyssum,,,,author_47_5,,,,,1178.6070505777996,1986.1792246500652,1211.7247263590496,2036.2041473388672,1.0,2.0
258,392,249.43350219726562,486.28302001953125,304.9485168457031,498.28900146484375,xanthocarpum,48,0,0,704,Alyssum,Alyssum,xanthocarpum,Alyssum_xanthocarpum_48_0,Boiss. et Huet ,,,,species,,1039.3062591552734,2026.1792500813801,1270.6188201904297,2076.204172770182,1.0,2.0
259,393,310.092529296875,486.28302001953125,331.1913757324219,498.28900146484375,Boiss.,48,0,1,704,,Alyssum,,,,author_48_0,,,,,1292.0522054036458,2026.1792500813801,1379.9640655517578,2076.204172770182,1.0,2.0
260,394,336.8036804199219,486.28302001953125,343.37530517578125,498.28900146484375,et,48,0,2,704,,Alyssum,,,,author_48_0,,,,,1403.348668416341,2026.1792500813801,1430.7304382324219,2076.204172770182,1.0,2.0
261,395,348.51934814453125,486.28302001953125,367.0937194824219,498.28900146484375,Huet,48,0,3,704,,Alyssum,,,,author_48_0,,,,,1452.1639506022136,2026.1792500813801,1529.557164510091,2076.204172770182,1.0,2.0
262,396,234.47999572753906,495.88299560546875,281.4535827636719,507.88897705078125,Amaranthus,48,1,0,704,Amaranthus,Amaranthus,,,,,,,genus,,976.9999821980795,2066.1791483561196,1172.7232615152996,2116.204071044922,1.0,3.0
263,397,248.39999389648438,505.9630126953125,268.19500732421875,517.968994140625,albus,49,0,0,704,Amaranthus,Amaranthus,albus,Amaranthus_albus_49_0,L. ,,,,species,,1034.9999745686848,2108.1792195638022,1117.4791971842449,2158.204142252604,1.0,2.0
264,398,272.0193786621094,505.9630126953125,279.99285888671875,517.968994140625,L.,49,0,1,704,,Amaranthus,,,,author_49_0,,,,,1133.414077758789,2108.1792195638022,1166.6369120279949,2158.204142252604,1.0,2.0
265,399,248.16000366210938,516.0430297851562,279.9400329589844,528.0490112304688,blitoides,49,1,0,704,Amaranthus,Amaranthus,blitoides,Amaranthus_blitoides_49_1,C. Wats. ,,,,species,,1034.000015258789,2150.1792907714844,1166.4168039957683,2200.2042134602866,1.0,2.0
266,400,284.04949951171875,516.0430297851562,292.45758056640625,528.0490112304688,C.,49,1,1,704,,Amaranthus,,,,author_49_1,,,,,1183.5395812988281,2150.1792907714844,1218.5732523600261,2200.2042134602866,1.0,2.0
267,401,296.8086242675781,516.0430297851562,318.6332092285156,528.0490112304688,Wats.,49,1,2,704,,Amaranthus,,,,author_49_1,,,,,1236.702601114909,2150.1792907714844,1327.6383717854817,2200.2042134602866,1.0,2.0
268,402,248.16000366210938,525.1630249023438,277.84814453125,537.1690063476562,deflexus,49,2,0,704,Amaranthus,Amaranthus,deflexus,Amaranthus_deflexus_49_2,L. ,,,,species,,1034.000015258789,2188.179270426432,1157.7006022135417,2238.2041931152344,1.0,2.0
269,403,282.59320068359375,525.1630249023438,290.313232421875,537.1690063476562,L.,49,2,1,704,,Amaranthus,,,,author_49_2,,,,,1177.4716695149739,2188.179270426432,1209.6384684244792,2238.2041931152344,1.0,2.0
270,404,247.9199981689453,535.7230224609375,281.18408203125,547.72900390625,hybridus,49,3,0,704,Amaranthus,Amaranthus,hybridus,Amaranthus_hybridus_49_3,L. ,,,,species,,1032.9999923706055,2232.1792602539062,1171.600341796875,2282.2041829427085,1.0,2.0
271,405,285.7083740234375,535.7230224609375,293.6729431152344,547.72900390625,L.,49,3,1,704,,Amaranthus,,,,author_49_3,,,,,1190.4515584309895,2232.1792602539062,1223.6372629801433,2282.2041829427085,1.0,2.0
272,406,234.24000549316406,545.322998046875,282.925048828125,557.3289794921875,Amelanchier,50,0,0,704,Amelanchier,Amelanchier,,,,,,,genus,,976.0000228881836,2272.179158528646,1178.8543701171875,2322.2040812174478,1.0,3.0
273,407,247.9199981689453,554.9230346679688,269.3495178222656,566.9290161132812,ovalis,51,0,0,704,Amelanchier,Amelanchier,ovalis,Amelanchier_ovalis_51_0,Medik. ,,,,species,,1032.9999923706055,2312.1793111165366,1122.2896575927734,2362.2042338053384,1.0,2.0
274,408,273.9272766113281,554.9230346679688,300.63153076171875,566.9290161132812,Medik.,51,0,1,704,,Amelanchier,,,,author_51_0,,,,,1141.3636525472004,2312.1793111165366,1252.6313781738281,2362.2042338053384,1.0,2.0
275,409,247.9199981689453,565.4409790039062,277.42205810546875,576.4299926757812,vulgaris,51,1,0,704,Amelanchier,Amelanchier,vulgaris,Amelanchier_vulgaris_51_1,Moench ,,,,species,,1032.9999923706055,2356.004079182943,1155.9252421061199,2401.7916361490884,1.0,2.0
276,410,278.92205810546875,564.5230102539062,309.68505859375,576.5289916992188,Moench,51,1,1,704,,Amelanchier,,,,author_51_1,,,,,1162.1752421061199,2352.179209391276,1290.3544108072917,2402.204132080078,1.0,2.0
277,411,234.0,574.60302734375,257.6738586425781,586.6090087890625,Ammi,52,0,0,704,Ammi,Ammi,,,,,,,genus,,975.0,2394.1792805989585,1073.641077677409,2444.2042032877603,1.0,3.0
278,412,247.67999267578125,584.2030029296875,269.54901123046875,596.208984375,majus,53,0,0,704,Ammi,Ammi,majus,Ammi_majus_53_0,L. ,,,,species,,1031.9999694824219,2434.1791788736978,1123.1208801269531,2484.2041015625,1.0,2.0
279,413,274.4722900390625,584.2030029296875,282.3932800292969,596.208984375,L.,53,0,1,704,,Ammi,,,,author_53_0,,,,,1143.634541829427,2434.1791788736978,1176.638666788737,2484.2041015625,1.0,2.0
280,414,247.9199981689453,594.2830200195312,275.85284423828125,606.2890014648438,visnaga,53,1,0,704,Ammi,Ammi,visnaga,Ammi_visnaga_53_1,L. ,,,,species,,1032.9999923706055,2476.1792500813804,1149.3868509928386,2526.204172770182,1.0,2.0
281,415,279.9781799316406,594.2830200195312,287.91302490234375,606.2890014648438,L.,53,1,1,704,,Ammi,,,,author_53_1,,,,,1166.5757497151692,2476.1792500813804,1199.6376037597656,2526.204172770182,1.0,2.0
0,3,42.2400016784668,65.56298065185547,101.24299621582031,77.56897735595703,Ammothamnus,1,0,0,705,Ammothamnus,Ammothamnus,,,,,,,genus,,176.00000699361166,273.17908604939777,421.84581756591797,323.2040723164876,0.0,0.0
1,4,55.91999816894531,74.20299530029297,88.22074127197266,86.20899200439453,gibbosus,2,0,0,705,Ammothamnus,Ammothamnus,gibbosus,Ammothamnus_gibbosus_2_0,(D.C.) Boiss. ,,,,species,,232.99999237060547,309.179147084554,367.58642196655273,359.20413335164386,0.0,1.0
2,5,92.4648666381836,74.20299530029297,115.96746063232422,86.20899200439453,(D.C.),2,0,1,705,,Ammothamnus,,,,author_2_0,,,,,385.2702776590983,309.179147084554,483.19775263468426,359.20413335164386,0.0,1.0
3,6,119.9749755859375,74.20299530029297,141.2718505859375,86.20899200439453,Boiss.,2,0,2,705,,Ammothamnus,,,,author_2_0,,,,,499.89573160807294,309.179147084554,588.6327107747396,359.20413335164386,0.0,1.0
4,7,42.0,83.80303192138672,85.677001953125,95.80902862548828,Ampélopsis,3,0,0,705,Ampélopsis,Ampélopsis,,,,,,,genus,,175.0,349.17929967244464,356.9875081380208,399.2042859395345,0.0,0.0
5,8,55.68000030517578,93.40300750732422,90.7141342163086,105.40900421142578,orientalis,4,0,0,705,Ampélopsis,Ampélopsis,orientalis,Ampélopsis_orientalis_4_0,(Lam.) Planchon ,,,,species,,232.00000127156576,389.17919794718426,377.97555923461914,439.2041842142741,0.0,1.0
6,9,95.4411392211914,93.40300750732422,121.4721450805664,105.40900421142578,(Lam.),4,0,1,705,,Ampélopsis,,,,author_4_0,,,,,397.67141342163086,389.17919794718426,506.13393783569336,439.2041842142741,0.0,1.0
7,10,126.19939422607422,93.40300750732422,161.56614685058594,105.40900421142578,Planchon,4,0,2,705,,Ampélopsis,,,,author_4_0,,,,,525.8308092753092,389.17919794718426,673.192278544108,439.2041842142741,0.0,1.0
8,11,42.2400016784668,103.48302459716797,84.88426208496094,115.48902130126953,Amygdalus,5,0,0,705,Amygdalus,Amygdalus,,,,,,,genus,,176.00000699361166,431.1792691548665,353.6844253540039,481.20425542195636,0.0,0.0
9,12,55.91999816894531,113.56298065185547,83.50733947753906,125.56897735595703,agrestis,6,0,0,705,Amygdalus,Amygdalus,agrestis,Amygdalus_agrestis_6_0,Boiss. ,,,,species,,232.99999237060547,473.17908604939777,347.9472478230794,523.2040723164877,0.0,1.0
10,13,87.09608459472656,113.56298065185547,108.3929672241211,125.56897735595703,Boiss.,6,0,1,705,,Amygdalus,,,,author_6_0,,,,,362.90035247802734,473.17908604939777,451.6373634338379,523.2040723164877,0.0,1.0
11,14,55.68000030517578,123.16301727294922,83.39307403564453,135.1690216064453,arabica,6,1,0,705,Amygdalus,Amygdalus,arabica,Amygdalus_arabica_6_1,Oliv. ,,,,species,,232.00000127156576,513.1792386372884,347.47114181518555,563.2042566935221,0.0,1.0
12,15,87.93915557861328,123.16301727294922,106.9709243774414,135.1690216064453,Oliv.,6,1,1,705,,Amygdalus,,,,author_6_1,,,,,366.413148244222,513.1792386372884,445.71218490600586,563.2042566935221,0.0,1.0
13,17,55.68000030517578,132.2830047607422,94.27713012695312,144.2890167236328,communis,7,0,0,705,Amygdalus,Amygdalus,communis,Amygdalus_communis_7_0,L. ,,,,species,,232.00000127156576,551.1791865030924,392.8213755289714,601.2042363484701,0.0,1.0
14,18,97.83222198486328,132.2830047607422,105.75321197509766,144.2890167236328,L.,7,0,1,705,,Amygdalus,,,,author_7_0,,,,,407.6342582702637,551.1791865030924,440.63838322957355,601.2042363484701,0.0,1.0
15,19,55.439998626708984,141.6429901123047,99.77418518066406,153.6490020751953,korschinskii,7,1,0,705,Amygdalus,Amygdalus,korschinskii,Amygdalus_korschinskii_7_1,(Hd. Mz.) Bornm. ,,,,species,,230.9999942779541,590.1791254679362,415.7257715861003,640.2041753133138,0.0,1.0
16,20,105.38946533203125,141.6429901123047,122.51151275634766,153.6490020751953,(Hd.,7,1,1,705,,Amygdalus,,,,author_7_1,,,,,439.1227722167969,590.1791254679362,510.4646364847819,640.2041753133138,0.0,1.0
17,21,128.1265106201172,141.6429901123047,146.0334930419922,153.6490020751953,Mz.),7,1,2,705,,Amygdalus,,,,author_7_1,,,,,533.8604609171549,590.1791254679362,608.4728876749674,640.2041753133138,0.0,1.0
18,22,151.89280700683594,141.6429901123047,180.15863037109375,153.6490020751953,Bornm.,7,1,3,705,,Amygdalus,,,,author_7_1,,,,,632.8866958618164,590.1791254679362,750.6609598795573,640.2041753133138,0.0,1.0
19,23,55.20000076293945,152.40098571777344,84.18900299072266,163.38998413085938,kotsckyi,7,2,0,705,Amygdalus,Amygdalus,kotsckyi,Amygdalus_kotsckyi_7_2,Boiss. et Heldr. ,,,,species,,230.0000031789144,635.0041071573893,350.7875124613444,680.7916005452474,0.0,1.0
20,24,87.05603790283203,151.4829864501953,108.35292053222656,163.48899841308594,Boiss.,7,2,1,705,,Amygdalus,,,,author_7_2,,,,,362.7334912618001,631.1791102091471,451.47050221761066,681.2041600545248,0.0,1.0
21,25,111.98424530029297,151.4829864501953,118.5301284790039,163.48899841308594,et,7,2,2,705,,Amygdalus,,,,author_7_2,,,,,466.601022084554,631.1791102091471,493.8755353291829,681.2041600545248,0.0,1.0
22,26,121.58818054199219,151.4829864501953,146.32130432128906,163.48899841308594,Heldr.,7,2,3,705,,Amygdalus,,,,author_7_2,,,,,506.61741892496747,631.1791102091471,609.6721013387045,681.2041600545248,0.0,1.0
23,27,55.20000076293945,161.08299255371094,90.02027130126953,173.08900451660156,orientalis,7,3,0,705,Amygdalus,Amygdalus,orientalis,Amygdalus_orientalis_7_3,Mill. ,,,,species,,230.0000031789144,671.1791356404623,375.08446375528973,721.2041854858398,0.0,1.0
24,28,94.34546661376953,161.08299255371094,112.95191192626953,173.08900451660156,Mill.,7,3,1,705,,Amygdalus,,,,author_7_3,,,,,393.10611089070636,671.1791356404623,470.63296635945636,721.2041854858398,0.0,1.0
25,29,54.2400016784668,172.552001953125,77.55648040771484,182.32000732421875,persica,7,4,0,705,Amygdalus,Amygdalus,persica,Amygdalus_persica_7_4,L. ,,,,species,,226.00000699361166,718.9666748046875,323.15200169881183,759.6666971842448,0.0,1.0
26,30,82.6242904663086,171.7360076904297,89.8423843383789,182.4080047607422,L.,7,4,1,705,,Amygdalus,,,,author_7_4,,,,,344.26787694295246,715.5666987101237,374.3432680765788,760.0333531697592,0.0,1.0
27,31,55.439998626708984,180.2830047607422,95.52212524414062,192.2890167236328,spartioides,7,5,0,705,Amygdalus,Amygdalus,spartioides,Amygdalus_spartioides_7_5,Spach ,,,,species,,230.9999942779541,751.1791865030924,398.00885518391925,801.2042363484701,0.0,1.0
28,32,100.82159423828125,180.2830047607422,123.46884155273438,192.2890167236328,Spach,7,5,1,705,,Amygdalus,,,,author_7_5,,,,,420.08997599283856,751.1791865030924,514.4535064697266,801.2042363484701,0.0,1.0
29,34,41.7599983215332,190.84300231933594,75.4219741821289,202.84901428222656,Anabasis,8,0,0,705,Anabasis,Anabasis,,,,,,,genus,,173.99999300638834,795.1791763305664,314.2582257588704,845.204226175944,0.0,0.0
30,35,55.20000076293945,200.88099670410156,81.6734848022461,211.8699951171875,apkylla,9,0,0,705,Anabasis,Anabasis,apkylla,Anabasis_apkylla_9_0,L. ,,,,species,,230.0000031789144,837.0041529337565,340.3061866760254,882.7916463216146,0.0,1.0
31,36,83.17321014404297,199.96299743652344,91.12144470214844,211.96900939941406,L.,9,0,1,705,,Anabasis,,,,author_9_0,,,,,346.5550422668457,833.1791559855143,379.67268625895184,883.204205830892,0.0,1.0
32,37,54.959999084472656,210.9609832763672,90.1099624633789,221.94998168945312,articulata,9,1,0,705,Anabasis,Anabasis,articulata,Anabasis_articulata_9_1,(Forssk.) Moqu. ,,,,species,,228.99999618530273,879.0040969848633,375.4581769307454,924.7915903727213,0.0,1.0
33,38,93.4858627319336,210.04298400878906,125.02232360839844,222.0489959716797,(Forssk.),9,1,1,705,,Anabasis,,,,author_9_1,,,,,389.5244280497233,875.1791000366211,520.9263483683268,925.2041498819987,0.0,1.0
34,39,128.57643127441406,210.04298400878906,153.7531280517578,222.0489959716797,Moqu.,9,1,2,705,,Anabasis,,,,author_9_1,,,,,535.7351303100586,875.1791000366211,640.6380335489908,925.2041498819987,0.0,1.0
35,40,54.959999084472656,220.31201171875,98.51200103759766,230.08001708984375,haussknechtii,9,2,0,705,Anabasis,Anabasis,haussknechtii,Anabasis_haussknechtii_9_2,Bge ,,,,species,,228.99999618530273,917.9667154947916,410.46667098999023,958.666737874349,0.0,1.0
36,41,102.55714416503906,219.4960174560547,116.14984893798828,230.1680145263672,Bge,9,2,1,705,,Anabasis,,,,author_9_2,,,,,427.3214340209961,914.5667394002279,483.9577039082845,959.0333938598633,0.0,1.0
37,42,54.959999084472656,230.15200805664062,95.00350952148438,239.92001342773438,ramosissima,9,3,0,705,Anabasis,Anabasis,ramosissima,Anabasis_ramosissima_9_3,Boiss. ,,,,species,,228.99999618530273,958.9667002360026,395.84795633951825,999.6667226155599,0.0,1.0
38,43,99.53077697753906,229.3360137939453,120.56232452392578,240.0080108642578,Boiss.,9,3,1,705,,Anabasis,,,,author_9_3,,,,,414.7115707397461,955.5667241414388,502.34301884969074,1000.0333786010742,0.0,1.0
39,44,55.20000076293945,237.8829803466797,81.22313690185547,249.8889923095703,syriaca,9,4,0,705,Anabasis,Anabasis,syriaca,Anabasis_syriaca_9_4,Iljin ,,,,species,,230.0000031789144,991.179084777832,338.42973709106445,1041.2041346232097,0.0,1.0
40,45,86.31414031982422,237.8829803466797,101.80514526367188,249.8889923095703,Iljin,9,4,1,705,,Anabasis,,,,author_9_4,,,,,359.6422513326009,991.179084777832,424.1881052652995,1041.2041346232097,0.0,1.0
41,46,41.52000045776367,247.96299743652344,123.6810073852539,259.968994140625,ÂNAGARDIACEAE,10,0,0,705,,,,,,,,,,,173.00000190734863,1033.1791559855144,515.3375307718912,1083.2041422526042,0.0,0.0
42,47,41.279998779296875,257.5630187988281,75.15681457519531,269.5690002441406,Anagyris,10,1,0,705,Anagyris,Anagyris,,,,,,,genus,,171.99999491373697,1073.1792449951172,313.1533940633138,1123.2041676839192,0.0,0.0
43,48,54.720001220703125,267.16302490234375,80.1580581665039,279.16900634765625,foetida,11,0,0,705,Anagyris,Anagyris,foetida,Anagyris_foetida_11_0,L. ,,,,species,,228.00000508626303,1113.1792704264324,333.9919090270996,1163.2041931152344,0.0,1.0
44,49,85.3397216796875,267.16302490234375,93.27259063720703,279.16900634765625,L.,11,0,1,705,,Anagyris,,,,author_11_0,,,,,355.58217366536456,1113.1792704264324,388.635794321696,1163.2041931152344,0.0,1.0
45,50,41.279998779296875,278.87200927734375,75.16175079345703,288.6400146484375,Anastatica,12,0,0,705,Anastatica,Anastatica,,,,,,,genus,,171.99999491373697,1161.9667053222656,313.1739616394043,1202.666727701823,0.0,0.0
46,51,54.2400016784668,288.23199462890625,77.55648040771484,298.0,syriaca,13,0,0,705,Anastatica,Anastatica,syriaca,Anastatica_syriaca_13_0,L. ,,,,species,,226.00000699361166,1200.9666442871094,323.15200169881183,1241.6666666666667,0.0,1.0
47,52,83.82416534423828,287.4159851074219,91.0422592163086,298.0879821777344,L.,13,0,1,705,,Anastatica,,,,author_13_0,,,,,349.26735560099286,1197.5666046142578,379.34274673461914,1242.0332590738933,0.0,1.0
48,53,41.040000915527344,297.8320007324219,71.26399993896484,307.6000061035156,Anatropa,14,0,0,705,Anatropa,Anatropa,,,,,,,genus,,171.00000381469727,1240.9666697184246,296.9333330790202,1281.6666920979817,0.0,0.0
49,54,54.959999084472656,306.96099853515625,79.21302795410156,317.9499816894531,tenella,15,0,0,705,Anatropa,Anatropa,tenella,Anatropa_tenella_15_0,Ehrenb. ,,,,species,,228.99999618530273,1279.0041605631511,330.05428314208984,1324.7915903727214,0.0,1.0
50,55,80.99898529052734,306.0429992675781,111.51276397705078,318.0489807128906,Ehrenb.,15,0,1,705,,Anatropa,,,,author_15_0,,,,,337.49577204386395,1275.179163614909,464.6365165710449,1325.204086303711,0.0,1.0
51,56,41.040000915527344,315.88299560546875,85.67909240722656,327.88897705078125,Anchonium,16,0,0,705,Anchonium,Anchonium,,,,,,,genus,,171.00000381469727,1316.1791483561199,356.99621836344403,1366.2040710449219,0.0,0.0
52,57,54.720001220703125,325.4830017089844,92.45484161376953,337.4889831542969,billardieri,17,0,0,705,Anchonium,Anchonium,billardieri,Anchonium_billardieri_17_0,D.C. ,,,,species,,228.00000508626303,1356.1791737874348,385.22850672403973,1406.204096476237,0.0,1.0
53,58,97.30683135986328,325.4830017089844,115.35254669189453,337.4889831542969,D.C.,17,0,1,705,,Anchonium,,,,author_17_0,,,,,405.445130666097,1356.1791737874348,480.63561121622723,1406.204096476237,0.0,1.0
54,59,54.47999954223633,335.7610168457031,107.94001770019531,346.75,elichrysifolium,17,1,0,705,Anchonium,Anchonium,elichrysifolium,Anchonium_elichrysifolium_17_1,(D.C.) Bornm. ,,,,species,,226.99999809265137,1399.0042368570964,449.7500737508138,1444.7916666666667,0.0,1.0
55,60,111.50901794433594,334.843017578125,135.2490234375,346.8489990234375,(D.C.),17,1,1,705,,Anchonium,,,,author_17_1,,,,,464.6209081013997,1395.1792399088542,563.53759765625,1445.2041625976562,0.0,1.0
56,61,138.6694793701172,334.843017578125,166.7132110595703,346.8489990234375,Bornm.,17,1,2,705,,Anchonium,,,,author_17_1,,,,,577.7894973754883,1395.1792399088542,694.6383794148763,1445.2041625976562,0.0,1.0
57,62,40.560001373291016,344.9230041503906,83.14881134033203,356.9289855957031,Andrachne,18,0,0,705,Andrachne,Andrachne,,,,,,,genus,,169.0000057220459,1437.179183959961,346.4533805847168,1487.204106648763,0.0,0.0
58,63,54.47999954223633,355.2010192871094,97.0609130859375,366.19000244140625,rotundifolia,19,0,0,705,Andrachne,Andrachne,rotundifolia,Andrachne_rotundifolia_19_0,C.A. Mey. ,,,,species,,226.99999809265137,1480.0042470296223,404.42047119140625,1525.7916768391926,0.0,1.0
59,64,99.67649841308594,354.28302001953125,116.7718276977539,366.28900146484375,C.A.,19,0,1,705,,Andrachne,,,,author_19_0,,,,,415.3187433878581,1476.1792500813801,486.5492820739746,1526.2041727701824,0.0,1.0
60,65,119.69529724121094,354.28302001953125,139.11314392089844,366.28900146484375,Mey.,19,0,2,705,,Andrachne,,,,author_19_0,,,,,498.7304051717122,1476.1792500813801,579.6380996704102,1526.2041727701824,0.0,1.0
61,66,54.47999954223633,364.1230163574219,99.08841705322266,376.1289978027344,telephioides,19,1,0,705,Andrachne,Andrachne,telephioides,Andrachne_telephioides_19_1,L. ,,,,species,,226.99999809265137,1517.179234822591,412.86840438842773,1567.2041575113933,0.0,1.0
62,67,103.86615753173828,364.1230163574219,111.75249481201172,376.1289978027344,L.,19,1,1,705,,Andrachne,,,,author_19_1,,,,,432.77565638224286,1517.179234822591,465.6353950500488,1567.2041575113933,0.0,1.0
63,68,40.560001373291016,375.35198974609375,86.7760009765625,385.1199951171875,Androsaemum,20,0,0,705,Androsaemum,Androsaemum,,,,,,,genus,,169.0000057220459,1563.9666239420574,361.56667073567706,1604.6666463216145,0.0,0.0
64,69,54.2400016784668,384.2409973144531,86.41401672363281,395.22998046875,hircinum,21,0,0,705,Androsaemum,Androsaemum,hircinum,Androsaemum_hircinum_21_0,(L.) Spach ,,,,species,,226.00000699361166,1601.004155476888,360.0584030151367,1646.7915852864583,0.0,1.0
65,70,89.91267395019531,383.322998046875,103.74694061279297,395.3289794921875,(L.),21,0,1,705,,Androsaemum,,,,author_21_0,,,,,374.63614145914715,1597.1791585286458,432.2789192199707,1647.204081217448,0.0,1.0
66,71,107.24559783935547,383.322998046875,129.89283752441406,395.3289794921875,Spach,21,0,2,705,,Androsaemum,,,,author_21_0,,,,,446.85665766398114,1597.1791585286458,541.2201563517252,1647.204081217448,0.0,1.0
67,72,40.31999969482422,392.9230041503906,96.24510192871094,404.9289855957031,Andrzeiowskia,22,0,0,705,Andrzeiowskia,Andrzeiowskia,,,,,,,genus,,167.99999872843424,1637.179183959961,401.0212580362956,1687.204106648763,0.0,0.0
68,73,54.2400016784668,402.28302001953125,94.28845977783203,414.28900146484375,cardamine,23,0,0,705,Andrzeiowskia,Andrzeiowskia,cardamine,Andrzeiowskia_cardamine_23_0,Reichenb. ,,,,species,,226.00000699361166,1676.1792500813801,392.8685824076335,1726.2041727701824,0.0,1.0
69,74,100.21261596679688,402.28302001953125,138.8730926513672,414.28900146484375,Reichenb.,23,0,1,705,,Andrzeiowskia,,,,author_23_0,,,,,417.5525665283203,1676.1792500813801,578.6378860473633,1726.2041727701824,0.0,1.0
70,75,54.2400016784668,412.1230163574219,108.596923828125,424.1289978027344,cardaminifolia,23,1,0,705,Andrzeiowskia,Andrzeiowskia,cardaminifolia,Andrzeiowskia_cardaminifolia_23_1,(D.C.) Prantl ,,,,species,,226.00000699361166,1717.179234822591,452.4871826171875,1767.2041575113933,0.0,1.0
71,76,114.60325622558594,412.1230163574219,138.30384826660156,424.1289978027344,(D.C.),23,1,1,705,,Andrzeiowskia,,,,author_23_1,,,,,477.5135676066081,1717.179234822591,576.2660344441732,1767.2041575113933,0.0,1.0
72,77,144.59629821777344,412.1230163574219,167.6989288330078,424.1289978027344,Prantl,23,1,2,705,,Andrzeiowskia,,,,author_23_1,,,,,602.4845759073893,1717.179234822591,698.7455368041992,1767.2041575113933,0.0,1.0
73,78,40.08000183105469,422.2030029296875,76.7760009765625,434.208984375,Anemone,24,0,0,705,Anemone,Anemone,,,,,,,genus,,167.00000762939453,1759.179178873698,319.90000406901044,1809.2041015625,0.0,0.0
74,79,54.0,431.8030090332031,80.01399993896484,443.8089904785156,blânda,25,0,0,705,Anemone,Anemone,blânda,Anemone_blânda_25_0,Schott et Ky ,,,,species,,225.0,1799.179204305013,333.3916664123535,1849.2041269938152,0.0,1.0
75,80,84.1789321899414,431.8030090332031,108.15575408935547,443.8089904785156,Schott,25,0,1,705,,Anemone,,,,author_25_0,,,,,350.74555079142254,1799.179204305013,450.64897537231445,1849.2041269938152,0.0,1.0
76,81,112.04348754882812,431.8030090332031,118.81707000732422,443.8089904785156,et,25,0,2,705,,Anemone,,,,author_25_0,,,,,466.8478647867839,1799.179204305013,495.0711250305176,1849.2041269938152,0.0,1.0
77,82,122.70507049560547,431.8030090332031,134.21307373046875,443.8089904785156,Ky,25,0,3,705,,Anemone,,,,author_25_0,,,,,511.27112706502277,1799.179204305013,559.2211405436198,1849.2041269938152,0.0,1.0
78,83,54.0,443.2720031738281,82.4320068359375,453.0400085449219,coccinea,25,1,0,705,Anemone,Anemone,coccinea,Anemone_coccinea_25_1,Jord. ,,,,species,,225.0,1846.9666798909504,343.46669514973956,1887.6667022705078,0.0,1.0
79,84,84.3011245727539,442.45599365234375,104.00212860107422,453.12799072265625,Jord.,25,1,1,705,,Anemone,,,,author_25_1,,,,,351.2546857198079,1843.5666402180989,433.3422025044759,1888.0332946777344,0.0,1.0
80,85,54.0,451.00299072265625,89.85383605957031,463.00897216796875,coronaria,25,2,0,705,Anemone,Anemone,coronaria,Anemone_coronaria_25_2,L. ,,,,species,,225.0,1879.1791280110676,374.39098358154297,1929.2040506998699,0.0,1.0
81,86,94.61969757080078,451.00299072265625,102.63275909423828,463.00897216796875,L.,25,2,1,705,,Anemone,,,,author_25_2,,,,,394.2487398783366,1879.1791280110676,427.63649622599286,1929.2040506998699,0.0,1.0
82,87,53.52000045776367,462.4720153808594,76.17601013183594,472.2400207519531,eyanea,25,3,0,705,Anemone,Anemone,eyanea,Anemone_eyanea_25_3,Risso ,,,,species,,223.00000190734863,1926.9667307535808,317.4000422159831,1967.666753133138,0.0,1.0
83,88,79.8736572265625,461.656005859375,99.38063049316406,472.3280029296875,Risso,25,3,1,705,,Anemone,,,,author_25_3,,,,,332.80690511067706,1923.5666910807292,414.0859603881836,1968.0333455403645,0.0,1.0
84,89,39.84000015258789,470.6830139160156,75.94200134277344,482.6889953613281,Anethum,26,0,0,705,Anethum,Anethum,,,,,,,genus,,166.00000063578287,1961.1792246500652,316.42500559488934,2011.2041473388672,0.0,0.0
85,90,51.599998474121094,480.72100830078125,94.86695098876953,491.7099914550781,foeniculum,27,0,0,705,Anethum,Anethum,foeniculum,Anethum_foeniculum_27_0,L. ,,,,species,,214.99999364217123,2003.0042012532551,395.27896245320636,2048.7916310628257,0.0,1.0
86,91,96.36680603027344,479.8030090332031,104.44619750976562,491.8089904785156,L.,27,0,1,705,,Anethum,,,,author_27_0,,,,,401.52835845947266,1999.179204305013,435.19248962402344,2049.204126993815,0.0,1.0
87,92,53.7599983215332,489.40301513671875,93.40058898925781,501.40899658203125,graveolens,27,1,0,705,Anethum,Anethum,graveolens,Anethum_graveolens_27_1,L. ,,,,species,,223.99999300638834,2039.1792297363281,389.1691207885742,2089.2041524251304,0.0,1.0
88,93,97.63877868652344,489.40301513671875,105.51225280761719,501.40899658203125,L.,27,1,1,705,,Anethum,,,,author_27_1,,,,,406.82824452718097,2039.1792297363281,439.63438669840497,2089.2041524251304,0.0,1.0
89,94,52.31999969482422,500.8719787597656,83.43199920654297,510.6399841308594,piperitum,27,2,0,705,Anethum,Anethum,piperitum,Anethum_piperitum_27_2,Ucria ,,,,species,,217.99999872843424,2086.96657816569,347.6333300272624,2127.6666005452475,0.0,1.0
90,95,89.87590789794922,500.05596923828125,110.89558410644531,510.72796630859375,Ucria,27,2,1,705,,Anethum,,,,author_27_2,,,,,374.4829495747884,2083.5665384928384,462.06493377685547,2128.033192952474,0.0,1.0
91,96,53.52000045776367,510.7120056152344,79.73600769042969,520.47998046875,segetum,27,3,0,705,Anethum,Anethum,segetum,Anethum_segetum_27_3,L. ,,,,species,,223.00000190734863,2127.9666900634766,332.23336537679035,2168.6665852864585,0.0,1.0
92,97,84.00489044189453,509.89599609375,91.28238677978516,520.5679931640625,L.,27,3,1,705,,Anethum,,,,author_27_3,,,,,350.02037684122723,2124.566650390625,380.3432782491048,2169.0333048502603,0.0,1.0
93,98,39.84000015258789,520.5520629882812,78.56087493896484,530.3200073242188,Anisopleura,28,0,0,705,Anisopleura,Anisopleura,,,,,,,genus,,166.00000063578287,2168.9669291178384,327.3369789123535,2209.6666971842446,0.0,0.0
94,99,53.52000045776367,530.1520385742188,77.7155990600586,539.9199829101562,crenata,29,0,0,705,Anisopleura,Anisopleura,crenata,Anisopleura_crenata_29_0,Fenzl ,,,,species,,223.00000190734863,2208.966827392578,323.81499608357746,2249.6665954589844,0.0,1.0
95,100,81.72360229492188,529.3359985351562,101.91960144042969,540.0079956054688,Fenzl,29,0,1,705,,Anisopleura,,,,author_29_0,,,,,340.5150095621745,2205.566660563151,424.66500600179035,2250.0333150227866,0.0,1.0
96,101,39.599998474121094,537.8829956054688,91.72844696044922,549.8889770507812,Anisociadium,30,0,0,705,Anisociadium,Anisociadium,,,,,,,genus,,164.99999364217123,2241.1791483561196,382.2018623352051,2291.204071044922,0.0,0.0
97,102,53.279998779296875,547.7230224609375,96.94097900390625,559.72900390625,isosciadium,31,0,0,705,Anisociadium,Anisociadium,isosciadium,Anisociadium_isosciadium_31_0,Boiss. ,,,,species,,221.99999491373697,2282.1792602539062,403.9207458496094,2332.2041829427085,0.0,1.0
98,103,100.7762451171875,547.7230224609375,122.07312774658203,559.72900390625,Boiss.,31,0,1,705,,Anisociadium,,,,author_31_0,,,,,419.90102132161456,2282.1792602539062,508.6380322774251,2332.2041829427085,0.0,1.0
99,104,53.279998779296875,557.0830078125,86.53904724121094,569.0889892578125,orientale,31,1,0,705,Anisociadium,Anisociadium,orientale,Anisociadium_orientale_31_1,D.C. ,,,,species,,221.99999491373697,2321.17919921875,360.5793635050456,2371.2041219075522,0.0,1.0
100,105,90.82673645019531,557.0830078125,108.87245178222656,569.0889892578125,D.C.,31,1,1,705,,Anisociadium,,,,author_31_1,,,,,378.44473520914715,2321.17919921875,453.63521575927734,2371.2041219075522,0.0,1.0
101,106,39.36000061035156,567.1630249023438,87.25499725341797,579.1690063476562,Anogramma,32,0,0,705,Anogramma,Anogramma,,,,,,,genus,,164.0000025431315,2363.179270426432,363.5624885559082,2413.2041931152344,0.0,0.0
102,107,53.040000915527344,576.7630004882812,95.79812622070312,588.7689819335938,leptophylla,33,0,0,705,Anogramma,Anogramma,leptophylla,Anogramma_leptophylla_33_0,(L.) Link ,,,,species,,221.00000381469727,2403.179168701172,399.1588592529297,2453.204091389974,0.0,1.0
103,108,100.63724517822266,576.7630004882812,114.82791137695312,588.7689819335938,(L.),33,0,1,705,,Anogramma,,,,author_33_0,,,,,419.32185490926105,2403.179168701172,478.4496307373047,2453.204091389974,0.0,1.0
104,109,119.9353256225586,576.7630004882812,137.4672393798828,588.7689819335938,Link,33,0,2,705,,Anogramma,,,,author_33_0,,,,,499.73052342732746,2403.179168701172,572.7801640828451,2453.204091389974,0.0,1.0
105,110,39.36000061035156,586.3629760742188,79.85594940185547,598.3689575195312,Anthriscus,34,0,0,705,Anthriscus,Anthriscus,,,,,,,genus,,164.0000025431315,2443.1790669759116,332.73312250773114,2493.2039896647134,0.0,0.0
106,111,53.279998779296875,595.9630126953125,101.32667541503906,607.968994140625,lamprocarpa,35,0,0,705,Anthriscus,Anthriscus,lamprocarpa,Anthriscus_lamprocarpa_35_0,Boiss. ,,,,species,,221.99999491373697,2483.1792195638022,422.1944808959961,2533.204142252604,0.0,1.0
107,112,105.85295867919922,595.9630126953125,127.35279846191406,607.968994140625,Boiss.,35,0,1,705,,Anthriscus,,,,author_35_0,,,,,441.0539944966634,2483.1792195638022,530.6366602579752,2533.204142252604,0.0,1.0
108,113,53.279998779296875,605.56298828125,89.5880126953125,617.5689697265625,nemorosa,35,1,0,705,Anthriscus,Anthriscus,nemorosa,Anthriscus_nemorosa_35_1,(M. Bieb) Spreng. ,,,,species,,221.99999491373697,2523.1791178385415,373.28338623046875,2573.2040405273438,0.0,1.0
109,114,96.11409759521484,605.56298828125,110.08695983886719,617.5689697265625,(M.,35,1,1,705,,Anthriscus,,,,author_35_1,,,,,400.4754066467285,2523.1791178385415,458.69566599527997,2573.2040405273438,0.0,1.0
110,115,113.47077941894531,605.56298828125,133.3083953857422,617.5689697265625,Bieb),35,1,2,705,,Anthriscus,,,,author_35_1,,,,,472.79491424560547,2523.1791178385415,555.4516474405924,2573.2040405273438,0.0,1.0
111,116,140.07603454589844,605.56298828125,169.35133361816406,617.5689697265625,Spreng.,35,1,3,705,,Anthriscus,,,,author_35_1,,,,,583.6501439412435,2523.1791178385415,705.6305567423502,2573.2040405273438,0.0,1.0
112,117,53.040000915527344,615.1630249023438,83.099365234375,627.1690063476562,vulgaris,35,2,0,705,Anthriscus,Anthriscus,vulgaris,Anthriscus_vulgaris_35_2,Spreng. ,,,,species,,221.00000381469727,2563.179270426432,346.2473551432292,2613.2041931152344,0.0,1.0
113,118,87.27716064453125,615.1630249023438,116.55245208740234,627.1690063476562,Spreng.,35,2,1,705,,Anthriscus,,,,author_35_2,,,,,363.6548360188802,2563.179270426432,485.6352170308431,2613.2041931152344,0.0,1.0
114,187,248.16000366210938,65.56298065185547,282.5357971191406,77.56897735595703,Anthyllis,50,0,0,705,Anthyllis,Anthyllis,,,,,,,genus,,1034.000015258789,273.17908604939777,1177.2324879964192,323.2040723164876,1.0,2.0
115,188,262.0799865722656,75.6009750366211,283.5926513671875,86.58997344970703,incisa,51,0,0,705,Anthyllis,Anthyllis,incisa,Anthyllis_incisa_51_0,vWilld. ,,,,species,,1091.9999440511067,315.0040626525879,1181.6360473632812,360.791556040446,1.0,3.0
116,189,285.09246826171875,74.68297576904297,310.7143249511719,86.68897247314453,vWilld.,51,0,1,705,,Anthyllis,,,,author_51_0,,,,,1187.8852844238281,311.1790657043457,1294.6430206298828,361.20405197143555,1.0,3.0
117,190,261.8399963378906,84.04302215576172,286.3190002441406,96.04901885986328,maura,51,1,0,705,Anthyllis,Anthyllis,maura,Anthyllis_maura_51_1,Beck ,,,,species,,1090.999984741211,350.1792589823405,1192.995834350586,400.20424524943036,1.0,3.0
118,191,290.2027587890625,84.04302215576172,308.10589599609375,96.04901885986328,Beck,51,1,1,705,,Anthyllis,,,,author_51_1,,,,,1209.1781616210938,350.1792589823405,1283.7745666503906,400.20424524943036,1.0,3.0
119,192,261.8399963378906,95.75198364257812,296.5039978027344,105.51998901367188,tetrapkylla,51,2,0,705,Anthyllis,Anthyllis,tetrapkylla,Anthyllis_tetrapkylla_51_2,L. ,,,,species,,1090.999984741211,398.9665985107422,1235.4333241780598,439.6666208902995,1.0,3.0
120,193,302.1648254394531,94.93598937988281,309.44232177734375,105.60798645019531,L.,51,2,1,705,,Anthyllis,,,,author_51_2,,,,,1259.0201059977214,395.5666224161784,1289.3430074055989,440.0332768758138,1.0,3.0
121,194,262.0799865722656,105.35202026367188,295.8559875488281,115.12002563476562,vulneraria,51,3,0,705,Anthyllis,Anthyllis,vulneraria,Anthyllis_vulneraria_51_3,L. ,,,,species,,1091.9999440511067,438.9667510986328,1232.7332814534504,479.6667734781901,1.0,3.0
122,195,300.3040466308594,104.53602600097656,307.52215576171875,115.20802307128906,L.,51,3,1,705,,Anthyllis,,,,author_51_3,,,,,1251.266860961914,435.56677500406903,1281.3423156738281,480.0334294637044,1.0,3.0
123,196,248.16000366210938,114.71200561523438,275.7120056152344,124.48001098632812,Aphanes,52,0,0,705,Aphanes,Aphanes,,,,,,,genus,,1034.000015258789,477.96669006347656,1148.8000233968098,518.6667124430338,1.0,2.0
124,197,261.6000061035156,124.55197143554688,300.2560119628906,134.31997680664062,comucopiae,53,0,0,705,Aphanes,Aphanes,comucopiae,Aphanes_comucopiae_53_0,Pomel ,,,,species,,1090.0000254313152,518.9665476481119,1251.0667165120442,559.6665700276693,1.0,3.0
125,198,303.8160095214844,123.73597717285156,327.0400085449219,134.40797424316406,Pomel,53,0,1,705,,Aphanes,,,,author_53_0,,,,,1265.9000396728516,515.5665715535482,1362.6667022705078,560.0332260131836,1.0,3.0
126,199,261.3599853515625,133.91201782226562,287.7572937011719,143.68002319335938,arvensis,53,1,0,705,Aphanes,Aphanes,arvensis,Aphanes_arvensis_53_1,L. ,,,,species,,1088.9999389648438,557.9667409261068,1198.9887237548828,598.6667633056641,1.0,3.0
127,200,292.14398193359375,133.0960235595703,299.3620910644531,143.7680206298828,L.,53,1,1,705,,Aphanes,,,,author_53_1,,,,,1217.2665913899739,554.566764831543,1247.342046101888,599.0334192911783,1.0,3.0
128,201,248.16000366210938,141.4029998779297,273.93804931640625,153.4090118408203,Apium,54,0,0,705,Apium,Apium,,,,,,,genus,,1034.000015258789,589.1791661580404,1141.4085388183594,639.204216003418,1.0,2.0
129,202,261.3599853515625,151.4829864501953,301.0005798339844,163.48899841308594,graveolens,55,0,0,705,Apium,Apium,graveolens,Apium_graveolens_55_0,L. ,,,,species,,1088.9999389648438,631.1791102091471,1254.1690826416016,681.2041600545248,1.0,3.0
130,203,305.23876953125,151.4829864501953,313.11224365234375,163.48899841308594,L.,55,0,1,705,,Apium,,,,author_55_0,,,,,1271.8282063802083,631.1791102091471,1304.6343485514324,681.2041600545248,1.0,3.0
131,204,261.1199951171875,162.00099182128906,301.1250305175781,172.989990234375,nodiflorum,55,1,0,705,Apium,Apium,nodiflorum,Apium_nodiflorum_55_1,(L.) Reichb. ,,,,species,,1087.999979654948,675.0041325887045,1254.6876271565754,720.7916259765625,1.0,3.0
132,205,303.23272705078125,161.08299255371094,317.2452087402344,173.08900451660156,(L.),55,1,1,705,,Apium,,,,author_55_1,,,,,1263.4696960449219,671.1791356404623,1321.8550364176433,721.2041854858398,1.0,3.0
133,206,319.24700927734375,161.08299255371094,348.87274169921875,173.08900451660156,Reichb.,55,1,2,705,,Apium,,,,author_55_1,,,,,1330.1958719889324,671.1791356404623,1453.6364237467449,721.2041854858398,1.0,3.0
134,207,260.3999938964844,172.07199096679688,302.1759948730469,181.83999633789062,petroselinum,55,2,0,705,Apium,Apium,petroselinum,Apium_petroselinum_55_2,L. ,,,,species,,1084.9999745686848,716.9666290283203,1259.066645304362,757.6666514078776,1.0,3.0
135,208,307.26361083984375,171.25599670410156,314.4817199707031,181.92799377441406,L.,55,2,1,705,,Apium,,,,author_55_2,,,,,1280.2650451660156,713.5666529337565,1310.3404998779297,758.033307393392,1.0,3.0
136,209,247.44000244140625,180.5229949951172,325.9609069824219,192.5290069580078,AQUIFOLIACEAE,56,0,0,705,,,,,,,,,,,1031.0000101725261,752.1791458129883,1358.170445760091,802.2041956583658,1.0,2.0
137,210,247.44000244140625,190.84300231933594,292.026611328125,202.84901428222656,Arabidopsis,56,1,0,705,Arabidopsis,Arabidopsis,,,,,,,genus,,1031.0000101725261,795.1791763305664,1216.7775472005208,845.204226175944,1.0,2.0
138,211,260.8800048828125,199.96299743652344,287.3941650390625,211.96900939941406,pumila,57,0,0,705,Arabidopsis,Arabidopsis,pumila,Arabidopsis_pumila_57_0,(Steph.) Busch ,,,,species,,1087.000020345052,833.1791559855143,1197.4756876627605,883.204205830892,1.0,3.0
139,212,292.62335205078125,199.96299743652344,322.2808532714844,211.96900939941406,(Steph.),57,0,1,705,,Arabidopsis,,,,author_57_0,,,,,1219.2639668782551,833.1791559855143,1342.8368886311848,883.204205830892,1.0,3.0
140,213,327.5100402832031,199.96299743652344,349.49591064453125,211.96900939941406,Busch,57,0,2,705,,Arabidopsis,,,,author_57_0,,,,,1364.6251678466797,833.1791559855143,1456.2329610188801,883.204205830892,1.0,3.0
141,214,261.1199951171875,210.04298400878906,291.9001159667969,222.0489959716797,thaliana,57,1,0,705,Arabidopsis,Arabidopsis,thaliana,Arabidopsis_thaliana_57_1,(L.) Heynh. ,,,,species,,1087.999979654948,875.1791000366211,1216.250483194987,925.2041498819987,1.0,3.0
142,215,296.7560729980469,210.04298400878906,310.5903625488281,222.0489959716797,(L.),57,1,1,705,,Arabidopsis,,,,author_57_1,,,,,1236.483637491862,875.1791000366211,1294.1265106201172,925.2041498819987,1.0,3.0
143,216,315.715576171875,210.04298400878906,343.5929870605469,222.0489959716797,Heynh.,57,1,2,705,,Arabidopsis,,,,author_57_1,,,,,1315.4815673828125,875.1791000366211,1431.637446085612,925.2041498819987,1.0,3.0
144,217,246.9600067138672,219.1630096435547,271.76348876953125,231.1690216064453,Arabis,58,0,0,705,Arabis,Arabis,,,,,,,genus,,1029.0000279744465,913.1792068481445,1132.3478698730469,963.2042566935221,1.0,2.0
145,218,260.6400146484375,229.4409942626953,283.57940673828125,240.42999267578125,albida,59,0,0,705,Arabis,Arabis,albida,Arabis_albida_59_0,Stev. ,,,,species,,1086.0000610351562,956.0041427612305,1181.5808614095051,1001.7916361490885,1.0,3.0
146,219,285.0791931152344,228.5229949951172,303.6708068847656,240.5290069580078,Stev.,59,0,1,705,,Arabis,,,,author_59_0,,,,,1187.8299713134766,952.1791458129883,1265.2950286865234,1002.2041956583658,1.0,3.0
147,220,261.1199951171875,238.1230010986328,288.8746337890625,250.12901306152344,aucheri,59,1,0,705,Arabis,Arabis,aucheri,Arabis_aucheri_59_1,Boiss. ,,,,species,,1087.999979654948,992.1791712443033,1203.644307454427,1042.204221089681,1.0,3.0
148,221,292.572265625,238.1230010986328,314.0721130371094,250.12901306152344,Boiss.,59,1,1,705,,Arabis,,,,author_59_1,,,,,1219.0511067708333,992.1791712443033,1308.633804321289,1042.204221089681,1.0,3.0
149,222,260.8800048828125,248.88099670410156,298.32147216796875,259.8699951171875,auriculata,59,2,0,705,Arabis,Arabis,auriculata,Arabis_auriculata_59_2,Lam. ,,,,species,,1087.000020345052,1037.0041529337566,1243.0061340332031,1082.7916463216145,1.0,3.0
150,223,299.8215637207031,247.96299743652344,319.90966796875,259.968994140625,Lam.,59,2,1,705,,Arabis,,,,author_59_2,,,,,1249.2565155029297,1033.1791559855144,1332.9569498697917,1083.2041422526042,1.0,3.0
151,224,260.8800048828125,257.322998046875,296.15472412109375,269.3289794921875,caucasica,59,3,0,705,Arabis,Arabis,caucasica,Arabis_caucasica_59_3,Schlecht. ,,,,species,,1087.000020345052,1072.1791585286458,1233.9780171712239,1122.204081217448,1.0,3.0
152,225,301.96405029296875,257.322998046875,336.1526794433594,269.3289794921875,Schlecht.,59,3,1,705,,Arabis,,,,author_59_3,,,,,1258.1835428873699,1072.1791585286458,1400.6361643473308,1122.204081217448,1.0,3.0
153,226,260.6400146484375,267.16302490234375,276.3038024902344,279.16900634765625,laxa,59,4,0,705,Arabis,Arabis,laxa,Arabis_laxa_59_4,Sibth. et Smith ,,,,species,,1086.0000610351562,1113.1792704264324,1151.2658437093098,1163.2041931152344,1.0,3.0
154,227,280.2083435058594,267.16302490234375,302.7090759277344,279.16900634765625,Sibth.,59,4,1,705,,Arabis,,,,author_59_4,,,,,1167.5347646077473,1113.1792704264324,1261.2878163655598,1163.2041931152344,1.0,3.0
155,228,307.1343688964844,267.16302490234375,313.81787109375,279.16900634765625,et,59,4,2,705,,Arabis,,,,author_59_4,,,,,1279.7265370686848,1113.1792704264324,1307.574462890625,1163.2041931152344,1.0,3.0
156,229,317.7224426269531,267.16302490234375,339.8924865722656,279.16900634765625,Smith,59,4,3,705,,Arabis,,,,author_59_4,,,,,1323.843510945638,1113.1792704264324,1416.2186940511067,1163.2041931152344,1.0,3.0
157,230,260.6400146484375,276.76300048828125,311.5784912109375,288.76898193359375,montbretiana,59,5,0,705,Arabis,Arabis,montbretiana,Arabis_montbretiana_59_5,Boiss. ,,,,species,,1086.0000610351562,1153.1791687011719,1298.2437133789062,1203.2040913899739,1.0,3.0
158,231,316.3334655761719,276.76300048828125,337.83331298828125,288.76898193359375,Boiss.,59,5,1,705,,Arabis,,,,author_59_5,,,,,1318.0561065673828,1153.1791687011719,1407.6388041178386,1203.2040913899739,1.0,3.0
159,232,260.6400146484375,286.3630065917969,278.70654296875,298.3689880371094,nova,59,6,0,705,Arabis,Arabis,nova,Arabis_nova_59_6,Vill. ,,,,species,,1086.0000610351562,1193.179194132487,1161.2772623697917,1243.204116821289,1.0,3.0
160,233,282.8989562988281,286.3630065917969,299.670654296875,298.3689880371094,Vill.,59,6,1,705,,Arabis,,,,author_59_6,,,,,1178.7456512451172,1193.179194132487,1248.6277262369792,1243.204116821289,1.0,3.0
161,234,260.6400146484375,296.8810119628906,278.6400146484375,307.8699951171875,nuda,59,7,0,705,Arabis,Arabis,nuda,Arabis_nuda_59_7,Bélanger ,,,,species,,1086.0000610351562,1237.0042165120442,1161.0000610351562,1282.7916463216145,1.0,3.0
162,235,280.1400146484375,295.9630126953125,313.5539855957031,307.968994140625,Bélanger,59,7,1,705,,Arabis,,,,author_59_7,,,,,1167.2500610351562,1233.179219563802,1306.4749399820964,1283.2041422526042,1.0,3.0
163,236,259.9200134277344,306.96099853515625,291.6039733886719,317.9499816894531,petiolata,59,8,0,705,Arabis,Arabis,petiolata,Arabis_petiolata_59_8,M. Bieb. ,,,,species,,1083.0000559488933,1279.0041605631511,1215.0165557861328,1324.7915903727214,1.0,3.0
164,237,294.12451171875,306.0429992675781,304.4858703613281,318.0489807128906,M.,59,8,1,705,,Arabis,,,,author_59_8,,,,,1225.518798828125,1275.179163614909,1268.691126505534,1325.204086303711,1.0,3.0
165,238,307.17572021484375,306.0429992675781,326.7926025390625,318.0489807128906,Bieb.,59,8,2,705,,Arabis,,,,author_59_8,,,,,1279.8988342285156,1275.179163614909,1361.6358439127605,1325.204086303711,1.0,3.0
166,239,260.6400146484375,315.64300537109375,292.467529296875,327.64898681640625,sagittata,59,9,0,705,Arabis,Arabis,sagittata,Arabis_sagittata_59_9,(Bertol.) D.C. ,,,,species,,1086.0000610351562,1315.1791890462239,1218.6147054036458,1365.2041117350261,1.0,3.0
167,240,297.9412536621094,315.64300537109375,328.472900390625,327.64898681640625,(Bertol.),59,9,1,705,,Arabis,,,,author_59_9,,,,,1241.421890258789,1315.1791890462239,1368.6370849609375,1365.2041117350261,1.0,3.0
168,241,333.9466247558594,315.64300537109375,351.9923400878906,327.64898681640625,D.C.,59,9,2,705,,Arabis,,,,author_59_9,,,,,1391.4442698160808,1315.1791890462239,1466.634750366211,1365.2041117350261,1.0,3.0
169,242,260.6400146484375,326.1610107421875,290.6205749511719,337.1499938964844,thaliana,59,10,0,705,Arabis,Arabis,thaliana,Arabis_thaliana_59_10,L. ,,,,species,,1086.0000610351562,1359.0042114257812,1210.9190622965496,1404.7916412353516,1.0,3.0
170,243,292.12030029296875,325.2430114746094,300.06854248046875,337.2489929199219,L.,59,10,1,705,,Arabis,,,,author_59_10,,,,,1217.1679178873699,1355.179214477539,1250.2855936686199,1405.204137166341,1.0,3.0
171,244,260.6400146484375,334.3630065917969,284.73260498046875,346.3689880371094,turrita,59,11,0,705,Arabis,Arabis,turrita,Arabis_turrita_59_11,L. ,,,,species,,1086.0000610351562,1393.179194132487,1186.3858540852864,1443.204116821289,1.0,3.0
172,245,289.20343017578125,334.3630065917969,297.2719421386719,346.3689880371094,L.,59,11,1,705,,Arabis,,,,author_59_11,,,,,1205.0142923990886,1393.179194132487,1238.633092244466,1443.204116821289,1.0,3.0
173,246,246.72000122070312,344.9230041503906,307.1208190917969,356.9289855957031,ARALIACEAE,60,0,0,705,,,,,,,,,,,1028.000005086263,1437.179183959961,1279.6700795491536,1487.204106648763,1.0,2.0
174,247,246.72000122070312,354.0429992675781,285.9507141113281,366.0489807128906,Argemone,60,1,0,705,Argemone,Argemone,,,,,,,genus,,1028.000005086263,1475.179163614909,1191.4613087972004,1525.204086303711,1.0,2.0
175,248,260.3999938964844,364.1230163574219,296.0746765136719,376.1289978027344,mexicana,61,0,0,705,Argemone,Argemone,mexicana,Argemone_mexicana_61_0,,,,,species,,1084.9999745686848,1517.179234822591,1233.6444854736328,1567.2041575113933,1.0,3.0
176,249,246.47999572753906,373.7230224609375,300.0003662109375,385.72900390625,Argyrolobium,62,0,0,705,Argyrolobium,Argyrolobium,,,,,,,genus,,1026.9999821980794,1557.1792602539062,1250.0015258789062,1607.2041829427083,1.0,2.0
177,250,260.3999938964844,383.322998046875,311.1495056152344,395.3289794921875,crotalarioides,63,0,0,705,Argyrolobium,Argyrolobium,crotalarioides,Argyrolobium_crotalarioides_63_0,Jaub. et Spach ,,,,species,,1084.9999745686848,1597.1791585286458,1296.4562733968098,1647.204081217448,1.0,3.0
178,251,314.0284423828125,383.322998046875,335.6728210449219,395.3289794921875,Jaub.,63,0,1,705,,Argyrolobium,,,,author_63_0,,,,,1308.4518432617188,1597.1791585286458,1398.636754353841,1647.204081217448,1.0,3.0
179,252,340.38323974609375,383.322998046875,347.1617736816406,395.3289794921875,et,63,0,2,705,,Argyrolobium,,,,author_63_0,,,,,1418.2634989420574,1597.1791585286458,1446.5073903401692,1647.204081217448,1.0,3.0
180,253,351.0871276855469,383.322998046875,373.73431396484375,395.3289794921875,Spach,63,0,3,705,,Argyrolobium,,,,author_63_0,,,,,1462.863032023112,1597.1791585286458,1557.2263081868489,1647.204081217448,1.0,3.0
181,254,259.67999267578125,394.31201171875,282.1173095703125,404.08001708984375,gracile,63,1,0,705,Argyrolobium,Argyrolobium,gracile,Argyrolobium_gracile_63_1,Fenzl ,,,,species,,1081.9999694824219,1642.9667154947917,1175.488789876302,1683.6667378743489,1.0,3.0
182,255,286.1644287109375,393.4960021972656,306.158447265625,404.1679992675781,Fenzl,63,1,1,705,,Argyrolobium,,,,author_63_1,,,,,1192.351786295573,1639.5666758219402,1275.6601969401042,1684.0333302815754,1.0,3.0
183,256,259.67999267578125,404.1520080566406,288.71466064453125,413.9200134277344,syriacum,63,2,0,705,Argyrolobium,Argyrolobium,syriacum,Argyrolobium_syriacum_63_2,Boiss. ,,,,species,,1081.9999694824219,1683.9667002360027,1202.9777526855469,1724.6667226155598,1.0,3.0
184,257,291.8455810546875,403.33599853515625,312.558349609375,414.00799560546875,Boiss.,63,2,1,705,,Argyrolobium,,,,author_63_2,,,,,1216.0232543945312,1680.5666605631511,1302.3264567057292,1725.0333150227864,1.0,3.0
185,258,246.24000549316406,414.23199462890625,271.7661437988281,424.0,Aristida,64,0,0,705,Aristida,Aristida,,,,,,,genus,,1026.0000228881836,1725.9666442871094,1132.3589324951172,1766.6666666666667,1.0,2.0
186,259,258.7200012207031,423.8320007324219,285.8320007324219,433.6000061035156,plumosa,65,0,0,705,Aristida,Aristida,plumosa,Aristida_plumosa_65_0,L. ,,,,species,,1078.000005086263,1765.9666697184246,1190.9666697184246,1806.6666920979817,1.0,3.0
187,260,291.4839172363281,423.0159912109375,298.6426086425781,433.68798828125,L.,65,0,1,705,,Aristida,,,,author_65_0,,,,,1214.516321818034,1762.566630045573,1244.344202677409,1807.0332845052083,1.0,3.0
188,261,259.9200134277344,433.4319763183594,280.1634826660156,443.1999816894531,lanata,65,1,0,705,Aristida,Aristida,lanata,Aristida_lanata_65_1,Forssk. ,,,,species,,1083.0000559488933,1805.966567993164,1167.3478444417317,1846.6665903727214,1.0,3.0
189,262,284.63531494140625,432.615966796875,310.1614990234375,443.2879638671875,Forssk.,65,1,1,705,,Aristida,,,,author_65_1,,,,,1185.9804789225261,1802.5665283203125,1292.339579264323,1847.033182779948,1.0,3.0
190,263,246.0,443.0320129394531,280.7529296875,452.8000183105469,Armeniaca,66,0,0,705,Armeniaca,Armeniaca,,,,,,,genus,,1025.0,1845.9667205810547,1169.8038736979167,1886.666742960612,1.0,2.0
191,264,259.9200134277344,452.6319885253906,285.8817138671875,462.3999938964844,vulgaris,67,0,0,705,Armeniaca,Armeniaca,vulgaris,Armeniaca_vulgaris_67_0,Lam. ,,,,species,,1083.0000559488933,1885.9666188557942,1191.173807779948,1926.6666412353516,1.0,3.0
192,265,291.0178527832031,451.81597900390625,310.4020690917969,462.48797607421875,Lam.,67,0,1,705,,Armeniaca,,,,author_67_0,,,,,1212.5743865966797,1882.5665791829426,1293.3419545491536,1927.0332336425781,1.0,3.0
193,266,246.0,460.3630065917969,274.473388671875,472.3689880371094,Artedia,68,0,0,705,Artedia,Artedia,,,,,,,genus,,1025.0,1918.179194132487,1143.6391194661458,1968.204116821289,1.0,2.0
194,267,259.67999267578125,470.6830139160156,296.283935546875,482.6889953613281,squamata,69,0,0,705,Artedia,Artedia,squamata,Artedia_squamata_69_0,L. ,,,,species,,1081.9999694824219,1961.1792246500652,1234.5163981119792,2011.2041473388672,1.0,3.0
195,268,300.2528381347656,470.6830139160156,308.31243896484375,482.6889953613281,L.,69,0,1,705,,Artedia,,,,author_69_0,,,,,1251.0534922281902,1961.1792246500652,1284.6351623535156,2011.2041473388672,1.0,3.0
196,269,246.0,480.28302001953125,303.94659423828125,492.28900146484375,Arthrocnemum,70,0,0,705,Arthrocnemum,Arthrocnemum,,,,,,,genus,,1025.0,2001.1792500813801,1266.4441426595051,2051.204172770182,1.0,2.0
197,270,258.9599914550781,490.5610046386719,289.95599365234375,501.54998779296875,glaucum,71,0,0,705,Arthrocnemum,Arthrocnemum,glaucum,Arthrocnemum_glaucum_71_0,(Del.) Ung. Stern. ,,,,species,,1078.999964396159,2044.004185994466,1208.1499735514324,2089.7916158040366,1.0,3.0
198,271,293.4606018066406,489.64300537109375,314.69610595703125,501.64898681640625,(Del.),71,0,1,705,,Arthrocnemum,,,,author_71_0,,,,,1222.7525075276692,2040.1791890462239,1311.2337748209636,2090.204111735026,1.0,3.0
199,272,318.0165710449219,489.64300537109375,336.9384765625,501.64898681640625,Ung.,71,0,2,705,,Arthrocnemum,,,,author_71_0,,,,,1325.0690460205078,2040.1791890462239,1403.9103190104167,2090.204111735026,1.0,3.0
200,273,340.2589416503906,489.64300537109375,362.552734375,501.64898681640625,Stern.,71,0,3,705,,Arthrocnemum,,,,author_71_0,,,,,1417.745590209961,2040.1791890462239,1510.6363932291667,2090.204111735026,1.0,3.0
201,274,259.44000244140625,499.4830322265625,319.4760437011719,511.489013671875,macrostachyum,71,1,0,705,Arthrocnemum,Arthrocnemum,macrostachyum,Arthrocnemum_macrostachyum_71_1,(Moricand) et Delponte ,,,,species,,1081.0000101725261,2081.1793009440103,1331.150182088216,2131.2042236328125,1.0,3.0
202,275,326.84954833984375,499.4830322265625,369.7244567871094,511.489013671875,(Moricand),71,1,1,705,,Arthrocnemum,,,,author_71_1,,,,,1361.8731180826824,2081.1793009440103,1540.518569946289,2131.2042236328125,1.0,3.0
203,276,273.1199951171875,509.56298828125,279.7312316894531,521.5689697265625,et,72,0,0,705,,,,,,author_72_0,,,,True,1137.999979654948,2123.1791178385415,1165.5467987060547,2173.2040405273438,1.0,4.0
204,277,283.8060607910156,509.56298828125,318.258056640625,521.5689697265625,Delponte,72,0,1,705,,Arthrocnemum,,,,author_72_0,,,,,1182.5252532958984,2123.1791178385415,1326.0752360026042,2173.2040405273438,1.0,4.0
205,278,245.75999450683594,520.0809936523438,265.75799560546875,531.0700073242188,Arum,73,0,0,705,Arum,Arum,,,,,,,genus,,1023.9999771118164,2167.004140218099,1107.3249816894531,2212.7916971842446,1.0,2.0
206,279,258.9599914550781,529.6809692382812,299.9549865722656,540.6699829101562,graminéum,74,0,0,705,Arum,Arum,graminéum,Arum_graminéum_74_0,Banks et Sol. ,,,,species,,1078.999964396159,2207.0040384928384,1249.8124440511067,2252.7915954589844,1.0,3.0
207,280,302.5042419433594,528.7630004882812,324.8861389160156,540.7689819335938,Banks,74,0,1,705,,Arum,,,,author_74_0,,,,,1260.434341430664,2203.179168701172,1353.6922454833984,2253.204091389974,1.0,3.0
208,281,327.754150390625,528.7630004882812,334.2356872558594,540.7689819335938,et,74,0,2,705,,Arum,,,,author_74_0,,,,,1365.6422932942708,2203.179168701172,1392.648696899414,2253.204091389974,1.0,3.0
209,282,336.784912109375,528.7630004882812,351.02813720703125,540.7689819335938,Sol.,74,0,3,705,,Arum,,,,author_74_0,,,,,1403.2704671223958,2203.179168701172,1462.6172383626301,2253.204091389974,1.0,3.0
210,283,245.75999450683594,538.8009643554688,272.760009765625,549.7899780273438,Arundo,75,0,0,705,Arundo,Arundo,,,,,,,genus,,1023.9999771118164,2245.0040181477866,1136.5000406901042,2290.791575113932,1.0,2.0
211,284,259.20001220703125,548.4010009765625,289.4049377441406,559.3900146484375,australii,76,0,0,705,Arundo,Arundo,australii,Arundo_australii_76_0,Cav. ,,,,species,,1080.0000508626301,2285.0041707356772,1205.8539072672527,2330.7917277018228,1.0,3.0
212,285,291.68194580078125,547.4830322265625,309.0326843261719,559.489013671875,Cav.,76,0,1,705,,Arundo,,,,author_76_0,,,,,1215.3414408365886,2281.1793009440103,1287.6361846923828,2331.2042236328125,1.0,3.0
213,286,245.52000427246094,557.56298828125,292.1837463378906,569.5689697265625,Asphodeline,77,0,0,705,Asphodeline,Asphodeline,,,,,,,genus,,1023.0000178019205,2323.1791178385415,1217.4322764078777,2373.2040405273438,1.0,2.0
214,287,258.7200012207031,568.0809936523438,291.7230529785156,579.0700073242188,globifera,78,0,0,705,Asphodeline,Asphodeline,globifera,Asphodeline_globifera_78_0,J. Gay ,,,,species,,1078.000005086263,2367.004140218099,1215.5127207438152,2412.7916971842446,1.0,3.0
215,288,293.5020751953125,567.1630249023438,299.5925598144531,579.1690063476562,J.,78,0,1,705,,Asphodeline,,,,author_78_0,,,,,1222.925313313802,2363.179270426432,1248.3023325602214,2413.2041931152344,1.0,3.0
216,289,302.61602783203125,567.1630249023438,318.0540771484375,579.1690063476562,Gay,78,0,2,705,,Asphodeline,,,,author_78_0,,,,,1260.9001159667969,2363.179270426432,1325.225321451823,2413.2041931152344,1.0,3.0
217,290,259.20001220703125,576.7630004882812,287.67633056640625,588.7689819335938,recurva,78,1,0,705,Asphodeline,Asphodeline,recurva,Asphodeline_recurva_78_1,Post ,,,,species,,1080.0000508626301,2403.179168701172,1198.6513773600261,2453.204091389974,1.0,3.0
218,291,291.1769714355469,576.7630004882812,306.9417724609375,588.7689819335938,Post,78,1,1,705,,Asphodeline,,,,author_78_1,,,,,1213.2373809814453,2403.179168701172,1278.924051920573,2453.204091389974,1.0,3.0
219,292,259.44000244140625,586.3629760742188,285.5255126953125,598.3689575195312,taurica,78,2,0,705,Asphodeline,Asphodeline,taurica,Asphodeline_taurica_78_2,(Pall.) Kunth ,,,,species,,1081.0000101725261,2443.1790669759116,1189.6896362304688,2493.2039896647134,1.0,3.0
220,293,290.19049072265625,586.3629760742188,313.23046875,598.3689575195312,(Pall.),78,2,1,705,,Asphodeline,,,,author_78_2,,,,,1209.1270446777344,2443.1790669759116,1305.126953125,2493.2039896647134,1.0,3.0
221,294,317.8953552246094,586.3629760742188,342.2928771972656,598.3689575195312,Kunth,78,2,2,705,,Asphodeline,,,,author_78_2,,,,,1324.563980102539,2443.1790669759116,1426.2203216552734,2493.2039896647134,1.0,3.0
222,295,245.52000427246094,597.83203125,275.7440185546875,607.5999755859375,Aspidium,79,0,0,705,Aspidium,Aspidium,,,,,,,genus,,1023.0000178019205,2490.966796875,1148.9334106445312,2531.6665649414062,1.0,2.0
223,296,259.20001220703125,607.4320068359375,297.04168701171875,617.199951171875,libanoticum,80,0,0,705,Aspidium,Aspidium,libanoticum,Aspidium_libanoticum_80_0,Ros. ,,,,species,,1080.0000508626301,2530.9666951497397,1237.6736958821614,2571.666463216146,1.0,3.0
224,297,301.6877746582031,606.615966796875,318.0821838378906,617.2879638671875,Ros.,80,0,1,705,,Aspidium,,,,author_80_0,,,,,1257.0323944091797,2527.5665283203125,1325.3424326578777,2572.0331827799478,1.0,3.0
225,298,245.27999877929688,615.1630249023438,285.7878112792969,627.1690063476562,Asplenium,81,0,0,705,Asplenium,Asplenium,,,,,,,genus,,1021.9999949137369,2563.179270426432,1190.7825469970703,2613.2041931152344,1.0,2.0
226,353,376.0799865722656,499.4830322265625,398.0748291015625,511.489013671875,Moris,94,0,0,705,,,,,,,,,,,1566.9999440511067,2081.1793009440103,1658.6451212565105,2131.2042236328125,1.0,5.0
0,3,35.5890007019043,46.49917221069336,103.61676025390625,55.932373046875,adiantum-nigrum,1,0,0,706,Asplenium,Asplenium,adiantum-nigrum,Asplenium_adiantum-nigrum_1_0,L. ,,,,species,,148.28750292460123,193.746550877889,431.7365010579427,233.05155436197916,0.0,0.0
1,4,108.85246276855469,46.49917221069336,117.11739349365234,55.932373046875,L.,1,0,1,706,,Asplenium,,,,author_1_0,,,,,453.5519282023112,193.746550877889,487.98913955688477,233.05155436197916,0.0,0.0
2,5,35.382999420166016,55.13918685913086,71.0,64.5723876953125,onopteris,1,1,0,706,Asplenium,Asplenium,onopteris,Asplenium_onopteris_1_1,L. ,,,,species,,147.42916425069174,229.74661191304526,295.8333333333333,269.05161539713544,0.0,0.0
3,6,74.42289733886719,55.13918685913086,82.55701446533203,64.5723876953125,L.,1,1,1,706,,Asplenium,,,,author_1_1,,,,,310.0954055786133,229.74661191304526,343.9875602722168,269.05161539713544,0.0,0.0
4,7,21.393999099731445,65.01419067382812,50.40045166015625,74.4473876953125,Astoma,2,0,0,706,Astoma,Astoma,,,,,,,genus,,89.14166291554768,270.8924611409505,210.00188191731772,310.19744873046875,0.0,1.0
5,9,36.32938766479492,75.09420776367188,79.37184143066406,84.52740478515625,seselifolium,3,0,0,706,Astoma,Astoma,seselifolium,Astoma_seselifolium_3_0,D.C. ,,,,species,,151.37244860331217,312.8925323486328,330.7160059611003,352.19751993815106,0.0,0.0
6,10,83.14596557617188,75.09420776367188,102.75325012207031,84.52740478515625,D.C.,3,0,1,706,,Astoma,,,,author_3_0,,,,,346.4415232340495,312.8925323486328,428.13854217529297,352.19751993815106,0.0,0.0
7,11,21.393999099731445,85.37918090820312,60.163604736328125,94.8123779296875,Astragalus,4,0,0,706,Astragalus,Astragalus,,,,,,,genus,,89.14166291554768,355.746587117513,250.6816864013672,395.05157470703125,0.0,1.0
8,12,35.382999420166016,95.87118530273438,79.57329559326172,105.30438232421875,acinaciferus,5,0,0,706,Astragalus,Astragalus,acinaciferus,Astragalus_acinaciferus_5_0,Boiss. ,,,,species,,147.42916425069174,399.46327209472656,331.55539830525714,438.7682596842448,0.0,0.0
9,13,85.39300537109375,95.87118530273438,106.21527862548828,105.30438232421875,Boiss.,5,0,1,706,,Astragalus,,,,author_5_0,,,,,355.80418904622394,399.46327209472656,442.5636609395345,438.7682596842448,0.0,0.0
10,14,35.176998138427734,105.33419799804688,72.20462036132812,114.76739501953125,aintabicus,5,1,0,706,Astragalus,Astragalus,aintabicus,Astragalus_aintabicus_5_1,Boiss. ,,,,species,,146.57082557678223,438.8924916585286,300.8525848388672,478.1974792480469,0.0,0.0
11,15,73.60521697998047,105.33419799804688,94.99573516845703,114.76739501953125,Boiss.,5,1,1,706,,Astragalus,,,,author_5_1,,,,,306.68840408325195,438.8924916585286,395.8155632019043,478.1974792480469,0.0,0.0
12,16,34.97100067138672,115.00222778320312,81.62225341796875,124.4354248046875,alexandrinus,5,2,0,706,Astragalus,Astragalus,alexandrinus,Astragalus_alexandrinus_5_2,Boiss. ,,,,species,,145.71250279744467,479.1759490966797,340.0927225748698,518.4809366861979,0.0,0.0
13,17,83.0223159790039,115.00222778320312,104.3235855102539,124.4354248046875,Boiss.,5,2,1,706,,Astragalus,,,,author_5_2,,,,,345.9263165791829,479.1759490966797,434.6816062927246,518.4809366861979,0.0,0.0
14,18,35.176998138427734,124.46517944335938,86.85289764404297,133.89837646484375,ammocryptus,5,3,0,706,Astragalus,Astragalus,ammocryptus,Astragalus_ammocryptus_5_3,Boiss. ,,,,species,,146.57082557678223,518.6049143473307,361.8870735168457,557.909901936849,0.0,0.0
15,19,92.1812973022461,124.46517944335938,113.00357055664062,133.89837646484375,Boiss.,5,3,1,706,,Astragalus,,,,author_5_3,,,,,384.0887387593587,518.6049143473307,470.84821065266925,557.909901936849,0.0,0.0
16,31,35.5890007019043,134.95620727539062,91.013916015625,144.389404296875,ancistrocarpus,10,0,0,706,Astragalus,Astragalus,ancistrocarpus,Astragalus_ancistrocarpus_10_0,Boiss. et Hàusskn. ,,,,species,,148.28750292460123,562.3175303141276,379.2246500651042,601.6225179036459,0.0,0.0
17,32,96.12498474121094,134.95620727539062,116.94725799560547,144.389404296875,Boiss.,10,0,1,706,,Astragalus,,,,author_10_0,,,,,400.5207697550456,562.3175303141276,487.28024164835614,601.6225179036459,0.0,0.0
18,33,122.84420776367188,134.95620727539062,129.62777709960938,144.389404296875,et,10,0,2,706,,Astragalus,,,,author_10_0,,,,,511.8508656819661,562.3175303141276,540.1157379150391,601.6225179036459,0.0,0.0
19,34,134.9346466064453,134.95620727539062,169.56625366210938,144.389404296875,Hàusskn.,10,0,3,706,,Astragalus,,,,author_10_0,,,,,562.2276941935221,562.3175303141276,706.5260569254557,601.6225179036459,0.0,0.0
20,35,35.176998138427734,153.26519775390625,67.47779846191406,162.69839477539062,ancyleus,11,0,0,706,Astragalus,Astragalus,ancyleus,Astragalus_ancyleus_11_0,Boiss. ,,,,species,,146.57082557678223,638.604990641276,281.1574935913086,677.9099782307943,0.0,0.0
21,36,72.59709930419922,153.26519775390625,93.25457763671875,162.69839477539062,Boiss.,11,0,1,706,,Astragalus,,,,author_11_0,,,,,302.48791376749676,638.604990641276,388.5607401529948,677.9099782307943,0.0,0.0
22,37,34.97100067138672,163.34521484375,73.35755920410156,172.77841186523438,andrachne,11,1,0,706,Astragalus,Astragalus,andrachne,Astragalus_andrachne_11_1,Boiss. ,,,,species,,145.71250279744467,680.6050618489584,305.65649668375653,719.9100494384766,0.0,0.0
23,38,74.75749969482422,163.34521484375,96.22686767578125,172.77841186523438,Boiss.,11,1,1,706,,Astragalus,,,,author_11_1,,,,,311.4895820617676,680.6050618489584,400.9452819824219,719.9100494384766,0.0,0.0
24,39,34.97100067138672,172.39620971679688,94.1823959350586,181.82940673828125,andrachnifolius,11,2,0,706,Astragalus,Astragalus,andrachnifolius,Astragalus_andrachnifolius_11_2,Fenzl ,,,,species,,145.71250279744467,718.3175404866537,392.4266497294108,757.6225280761719,0.0,0.0
25,40,100.6241226196289,172.39620971679688,121.43045043945312,181.82940673828125,Fenzl,11,2,1,706,,Astragalus,,,,author_11_2,,,,,419.2671775817871,718.3175404866537,505.960210164388,757.6225280761719,0.0,0.0
26,41,34.97100067138672,182.06521606445312,71.38067626953125,191.4984130859375,angulosus,11,3,0,706,Astragalus,Astragalus,angulosus,Astragalus_angulosus_11_3,D.G. ,,,,species,,145.71250279744467,758.6050669352213,297.4194844563802,797.9100545247396,0.0,0.0
27,42,76.50402069091797,182.06521606445312,94.64134216308594,191.4984130859375,D.G.,11,3,1,706,,Astragalus,,,,author_11_3,,,,,318.7667528788249,758.6050669352213,394.3389256795247,797.9100545247396,0.0,0.0
28,43,34.76599884033203,192.14520263671875,81.15184020996094,201.57839965820312,angustifolius,11,4,0,706,Astragalus,Astragalus,angustifolius,Astragalus_angustifolius_11_4,Lam. ,,,,species,,144.85832850138345,800.6050109863281,338.1326675415039,839.9099985758463,0.0,0.0
29,44,86.56881713867188,192.14520263671875,107.03759765625,201.57839965820312,Lam.,11,4,1,706,,Astragalus,,,,author_11_4,,,,,360.7034047444661,800.6050109863281,445.989990234375,839.9099985758463,0.0,0.0
30,45,34.76599884033203,201.60821533203125,70.54119110107422,211.04141235351562,annularis,11,5,0,706,Astragalus,Astragalus,annularis,Astragalus_annularis_11_5,Forssk. ,,,,species,,144.85832850138345,840.0342305501302,293.92162958780926,879.3392181396484,0.0,0.0
31,46,75.0558853149414,201.60821533203125,101.4828109741211,211.04141235351562,Forssk.,11,5,1,706,,Astragalus,,,,author_11_5,,,,,312.73285547892254,840.0342305501302,422.8450457255046,879.3392181396484,0.0,0.0
32,47,34.76599884033203,210.86520385742188,71.2119369506836,220.29840087890625,antabicus,11,6,0,706,Astragalus,Astragalus,antabicus,Astragalus_antabicus_11_6,Boiss. ,,,,species,,144.85832850138345,878.6050160725912,296.71640396118164,917.9100036621094,0.0,0.0
33,48,75.47737121582031,210.86520385742188,96.13484954833984,220.29840087890625,Boiss.,11,6,1,706,,Astragalus,,,,author_11_6,,,,,314.48904673258465,878.6050160725912,400.5618731180827,917.9100036621094,0.0,0.0
34,49,34.354000091552734,220.53421020507812,76.70516967773438,229.9674072265625,anthylloides,11,7,0,706,Astragalus,Astragalus,anthylloides,Astragalus_anthylloides_11_7,Lam. ,,,,species,,143.14166704813638,918.8925425211588,319.60487365722656,958.1975301106771,0.0,0.0
35,50,78.1051254272461,220.53421020507812,98.96452331542969,229.9674072265625,Lam.,11,7,1,706,,Astragalus,,,,author_11_7,,,,,325.4380226135254,918.8925425211588,412.35218048095703,958.1975301106771,0.0,0.0
36,51,34.76599884033203,230.408203125,71.89234924316406,239.84140014648438,antilibani,11,8,0,706,Astragalus,Astragalus,antilibani,Astragalus_antilibani_11_8,Bge ,,,,species,,144.85832850138345,960.0341796875,299.5514551798503,999.3391672770182,0.0,0.0
37,52,76.38541412353516,230.408203125,90.18246459960938,239.84140014648438,Bge,11,8,1,706,,Astragalus,,,,author_11_8,,,,,318.27255884806317,960.0341796875,375.76026916503906,999.3391672770182,0.0,0.0
38,53,34.560001373291016,239.8712158203125,84.00701141357422,249.30441284179688,antiochianus,11,9,0,706,Astragalus,Astragalus,antiochianus,Astragalus_antiochianus_11_9,Post ,,,,species,,144.0000057220459,999.4633992513021,350.0292142232259,1038.7683868408203,0.0,0.0
39,54,88.06542205810547,239.8712158203125,104.35774993896484,249.30441284179688,Post,11,9,1,706,,Astragalus,,,,author_11_9,,,,,366.93925857543945,999.4633992513021,434.8239580790202,1038.7683868408203,0.0,0.0
40,55,34.354000091552734,249.33419799804688,75.6130142211914,258.76739501953125,arbainensis,11,10,0,706,Astragalus,Astragalus,arbainensis,Astragalus_arbainensis_11_10,Eig ,,,,species,,143.14166704813638,1038.8924916585286,315.05422592163086,1078.1974792480469,0.0,0.0
41,56,77.01307678222656,249.33419799804688,89.96752166748047,258.76739501953125,Eig,11,10,1,706,,Astragalus,,,,author_11_10,,,,,320.88781992594403,1038.8924916585286,374.86467361450195,1078.1974792480469,0.0,0.0
42,57,34.14899826049805,259.20819091796875,84.42271423339844,268.6413879394531,argyrophyttus,11,11,0,706,Astragalus,Astragalus,argyrophyttus,Astragalus_argyrophyttus_11_11,Boiss. et Gaill. ,,,,species,,142.2874927520752,1080.0341288248699,351.76130930582684,1119.339116414388,0.0,0.0
43,58,86.47262573242188,259.20819091796875,107.2948989868164,268.6413879394531,Boiss.,11,11,1,706,,Astragalus,,,,author_11_11,,,,,360.3026072184245,1080.0341288248699,447.06207911173504,1119.339116414388,0.0,0.0
44,59,110.06889343261719,259.20819091796875,116.83084106445312,268.6413879394531,et,11,11,2,706,,Astragalus,,,,author_11_11,,,,,458.6203893025716,1080.0341288248699,486.795171101888,1119.339116414388,0.0,0.0
45,60,119.12218475341797,259.20819091796875,140.34307861328125,268.6413879394531,Gaill.,11,11,3,706,,Astragalus,,,,author_11_11,,,,,496.3424364725749,1080.0341288248699,584.7628275553385,1119.339116414388,0.0,0.0
46,61,34.14899826049805,269.08221435546875,92.02099609375,278.5154113769531,argyrothamnos,11,12,0,706,Astragalus,Astragalus,argyrothamnos,Astragalus_argyrothamnos_11_12,Boiss. ,,,,species,,142.2874927520752,1121.1758931477864,383.4208170572917,1160.4808807373047,0.0,0.0
47,62,96.91267395019531,269.08221435546875,117.73494720458984,278.5154113769531,Boiss.,11,12,1,706,,Astragalus,,,,author_11_12,,,,,403.8028081258138,1121.1758931477864,490.56228001912433,1160.4808807373047,0.0,0.0
48,63,33.94300079345703,278.9562072753906,73.3674545288086,288.389404296875,ascophorus,11,13,0,706,Astragalus,Astragalus,ascophorus,Astragalus_ascophorus_11_13,Fisch. ,,,,species,,141.42916997273764,1162.3175303141277,305.69772720336914,1201.6225179036458,0.0,0.0
49,64,74.76777648925781,278.9562072753906,98.40011596679688,288.389404296875,Fisch.,11,13,1,706,,Astragalus,,,,author_11_13,,,,,311.5324020385742,1162.3175303141277,410.000483194987,1201.6225179036458,0.0,0.0
50,65,34.14899826049805,288.0082092285156,77.33120727539062,297.44140625,aulacolobus,11,14,0,706,Astragalus,Astragalus,aulacolobus,Astragalus_aulacolobus_11_14,Boiss. ,,,,species,,142.2874927520752,1200.0342051188152,322.21336364746094,1239.3391927083333,0.0,0.0
51,66,78.73100280761719,288.0082092285156,100.4451904296875,297.44140625,Boiss.,11,14,1,706,,Astragalus,,,,author_11_14,,,,,328.0458450317383,1200.0342051188152,418.52162679036456,1239.3391927083333,0.0,0.0
52,67,34.354000091552734,297.26519775390625,80.84119415283203,306.6983947753906,baalbekensis,11,15,0,706,Astragalus,Astragalus,baalbekensis,Astragalus_baalbekensis_11_15,Bornm. ,,,,species,,143.14166704813638,1238.6049906412761,336.8383089701335,1277.9099782307942,0.0,0.0
53,68,85.69888305664062,297.26519775390625,114.85529327392578,306.6983947753906,Bornm.,11,15,1,706,,Astragalus,,,,author_11_15,,,,,357.07867940266925,1238.6049906412761,478.56372197469074,1277.9099782307942,0.0,0.0
54,69,34.14899826049805,307.1391906738281,65.01933288574219,316.5723876953125,baeticus,11,16,0,706,Astragalus,Astragalus,baeticus,Astragalus_baeticus_11_16,L. ,,,,species,,142.2874927520752,1279.7466278076172,270.9138870239258,1319.0516153971355,0.0,0.0
55,70,69.68852996826172,307.1391906738281,77.82676696777344,316.5723876953125,L.,11,16,1,706,,Astragalus,,,,author_11_16,,,,,290.36887486775714,1279.7466278076172,324.27819569905597,1319.0516153971355,0.0,0.0
56,71,34.14899826049805,316.6022033691406,64.80352020263672,326.035400390625,barbatus,11,17,0,706,Astragalus,Astragalus,barbatus,Astragalus_barbatus_11_17,Lam. ,,,,species,,142.2874927520752,1319.1758473714192,270.0146675109863,1358.4808349609375,0.0,0.0
57,72,66.20370483398438,316.6022033691406,86.96893310546875,326.035400390625,Lam.,11,17,1,706,,Astragalus,,,,author_11_17,,,,,275.84877014160156,1319.1758473714192,362.3705546061198,1358.4808349609375,0.0,0.0
58,73,34.14899826049805,326.0652160644531,71.92172241210938,335.4984130859375,barukanus,11,18,0,706,Astragalus,Astragalus,barukanus,Astragalus_barukanus_11_18,Eig ,,,,species,,142.2874927520752,1358.6050669352214,299.67384338378906,1397.9100545247395,0.0,0.0
59,74,73.3223648071289,326.0652160644531,86.17568969726562,335.4984130859375,Eig,11,18,1,706,,Astragalus,,,,author_11_18,,,,,305.5098533630371,1358.6050669352214,359.06537373860675,1397.9100545247395,0.0,0.0
60,75,34.14899826049805,335.73419189453125,82.48202514648438,345.1673889160156,beershabensis,11,19,0,706,Astragalus,Astragalus,beershabensis,Astragalus_beershabensis_11_19,Eig et Sam. ,,,,species,,142.2874927520752,1398.8924662272136,343.67510477701825,1438.1974538167317,0.0,0.0
61,76,84.53914642333984,335.73419189453125,97.3102035522461,345.1673889160156,Eig,11,19,1,706,,Astragalus,,,,author_11_19,,,,,352.2464434305827,1398.8924662272136,405.4591814676921,1438.1974538167317,0.0,0.0
62,77,99.48746490478516,335.73419189453125,106.4469223022461,345.1673889160156,et,11,19,2,706,,Astragalus,,,,author_11_19,,,,,414.53110376993817,1398.8924662272136,443.5288429260254,1438.1974538167317,0.0,0.0
63,78,108.745361328125,335.73419189453125,128.44412231445312,345.1673889160156,Sam.,11,19,3,706,,Astragalus,,,,author_11_19,,,,,453.1056722005208,1398.8924662272136,535.1838429768881,1438.1974538167317,0.0,0.0
64,79,34.14899826049805,345.1961975097656,70.91233825683594,354.62939453125,berytheus,11,20,0,706,Astragalus,Astragalus,berytheus,Astragalus_berytheus_11_20,Boiss. et Bl. ,,,,species,,142.2874927520752,1438.3174896240234,295.4680760701497,1477.6224772135417,0.0,0.0
65,80,74.83684539794922,345.1961975097656,95.65911865234375,354.62939453125,Boiss.,11,20,1,706,,Astragalus,,,,author_11_20,,,,,311.82018915812176,1438.3174896240234,398.5796610514323,1477.6224772135417,0.0,0.0
66,81,100.40968322753906,345.1961975097656,107.1767807006836,354.62939453125,et,11,20,2,706,,Astragalus,,,,author_11_20,,,,,418.3736801147461,1438.3174896240234,446.56991958618164,1477.6224772135417,0.0,0.0
67,82,110.89437103271484,345.1961975097656,121.65828704833984,354.62939453125,Bl.,11,20,3,706,,Astragalus,,,,author_11_20,,,,,462.0598793029785,1438.3174896240234,506.9095293680827,1477.6224772135417,0.0,0.0
68,83,33.94300079345703,355.4822082519531,95.11264038085938,364.9154052734375,bethlehemiticus,11,21,0,706,Astragalus,Astragalus,bethlehemiticus,Astragalus_bethlehemiticus_11_21,Boiss. ,,,,species,,141.42916997273764,1481.1758677164714,396.30266825358075,1520.4808553059895,0.0,0.0
69,84,100.41014099121094,355.4822082519531,121.23241424560547,364.9154052734375,Boiss.,11,21,1,706,,Astragalus,,,,author_11_21,,,,,418.3755874633789,1481.1758677164714,505.13505935668945,1520.4808553059895,0.0,0.0
70,85,33.94300079345703,364.5342102050781,77.26851654052734,373.9674072265625,bhamrensis,11,22,0,706,Astragalus,Astragalus,bhamrensis,Astragalus_bhamrensis_11_22,Sirj. et Rech. fil. ,,,,species,,141.42916997273764,1518.892542521159,321.95215225219727,1558.197530110677,0.0,0.0
71,86,82.07058715820312,364.5342102050781,97.48680114746094,373.9674072265625,Sirj.,11,22,1,706,,Astragalus,,,,author_11_22,,,,,341.9607798258464,1518.892542521159,406.1950047810872,1558.197530110677,0.0,0.0
72,87,102.49795532226562,364.5342102050781,109.45148468017578,373.9674072265625,et,11,22,2,706,,Astragalus,,,,author_11_22,,,,,427.07481384277344,1518.892542521159,456.04785283406574,1558.197530110677,0.0,0.0
73,88,114.04549407958984,364.5342102050781,136.94898986816406,373.9674072265625,Rech.,11,22,3,706,,Astragalus,,,,author_11_22,,,,,475.1895586649577,1518.892542521159,570.6207911173502,1558.197530110677,0.0,0.0
74,89,140.35952758789062,364.5342102050781,150.8550262451172,373.9674072265625,fil.,11,22,4,706,,Astragalus,,,,author_11_22,,,,,584.8313649495443,1518.892542521159,628.5626093546549,1558.197530110677,0.0,0.0
75,90,33.94300079345703,374.408203125,80.03703308105469,383.8414001464844,bombycinus,11,23,0,706,Astragalus,Astragalus,bombycinus,Astragalus_bombycinus_11_23,Boiss. ,,,,species,,141.42916997273764,1560.0341796875,333.48763783772785,1599.3391672770183,0.0,0.0
76,91,84.73506164550781,374.408203125,105.39253997802734,383.8414001464844,Boiss.,11,23,1,706,,Astragalus,,,,author_11_23,,,,,353.06275685628253,1560.0341796875,439.1355832417806,1599.3391672770183,0.0,0.0
77,92,33.94300079345703,384.2821960449219,79.59383392333984,393.71539306640625,brachyceras,11,24,0,706,Astragalus,Astragalus,brachyceras,Astragalus_brachyceras_11_24,Ledeb. ,,,,species,,141.42916997273764,1601.175816853841,331.6409746805827,1640.4808044433594,0.0,0.0
78,93,84.56893920898438,384.2821960449219,111.56359100341797,393.71539306640625,Ledeb.,11,24,1,706,,Astragalus,,,,author_11_24,,,,,352.3705800374349,1601.175816853841,464.8482958475749,1640.4808044433594,0.0,0.0
79,94,34.14899826049805,393.7452087402344,87.2796859741211,403.17840576171875,brachystachys,11,25,0,706,Astragalus,Astragalus,brachystachys,Astragalus_brachystachys_11_25,D.C. ,,,,species,,142.2874927520752,1640.6050364176433,363.6653582255046,1679.9100240071614,0.0,0.0
80,95,91.70992279052734,393.7452087402344,111.15343475341797,403.17840576171875,D.C.,11,25,1,706,,Astragalus,,,,author_11_25,,,,,382.12467829386395,1640.6050364176433,463.1393114725749,1679.9100240071614,0.0,0.0
81,96,34.14899826049805,403.61920166015625,70.60082244873047,413.0523986816406,bracteosus,11,26,0,706,Astragalus,Astragalus,bracteosus,Astragalus_bracteosus_11_26,Boiss. et Noë ,,,,species,,142.2874927520752,1681.7466735839844,294.17009353637695,1721.0516611735027,0.0,0.0
82,97,72.60627746582031,403.61920166015625,93.58845520019531,413.0523986816406,Boiss.,11,26,1,706,,Astragalus,,,,author_11_26,,,,,302.52615610758465,1681.7466735839844,389.95189666748047,1721.0516611735027,0.0,0.0
83,98,96.09417724609375,403.61920166015625,102.9122085571289,413.0523986816406,et,11,26,2,706,,Astragalus,,,,author_11_26,,,,,400.3924051920573,1681.7466735839844,428.8008689880371,1721.0516611735027,0.0,0.0
84,99,105.04220581054688,403.61920166015625,121.45405578613281,413.0523986816406,Noë,11,26,3,706,,Astragalus,,,,author_11_26,,,,,437.6758575439453,1681.7466735839844,506.0585657755534,1721.0516611735027,0.0,0.0
85,100,34.14899826049805,412.4652099609375,57.978065490722656,421.8984069824219,butleri,11,27,0,706,Astragalus,Astragalus,butleri,Astragalus_butleri_11_27,Post ,,,,species,,142.2874927520752,1718.6050415039062,241.57527287801108,1757.9100290934246,0.0,0.0
86,101,59.423362731933594,412.4652099609375,75.55810546875,421.8984069824219,Post,11,27,1,706,,Astragalus,,,,author_11_27,,,,,247.59734471638998,1718.6050415039062,314.825439453125,1757.9100290934246,0.0,0.0
87,102,34.14899826049805,422.3392028808594,75.26947784423828,431.77239990234375,callichrous,11,28,0,706,Astragalus,Astragalus,callichrous,Astragalus_callichrous_11_28,Boiss. ,,,,species,,142.2874927520752,1759.7466786702473,313.62282435099286,1799.0516662597656,0.0,0.0
88,103,80.12098693847656,422.3392028808594,101.27799987792969,431.77239990234375,Boiss.,11,28,1,706,,Astragalus,,,,author_11_28,,,,,333.83744557698566,1759.7466786702473,421.99166615804035,1799.0516662597656,0.0,0.0
89,104,33.94300079345703,431.8022155761719,82.21856689453125,441.23541259765625,canaliculatus,11,29,0,706,Astragalus,Astragalus,canaliculatus,Astragalus_canaliculatus_11_29,Willd. ,,,,species,,141.42916997273764,1799.1758982340496,342.5773620605469,1838.4808858235676,0.0,0.0
90,105,83.61839294433594,431.8022155761719,107.30693054199219,441.23541259765625,Willd.,11,29,1,706,,Astragalus,,,,author_11_29,,,,,348.4099706013997,1799.1758982340496,447.1122105916341,1838.4808858235676,0.0,0.0
91,106,33.94300079345703,441.4712219238281,72.71503448486328,450.9044189453125,cataonicus,11,30,0,706,Astragalus,Astragalus,cataonicus,Astragalus_cataonicus_11_30,Bge ,,,,species,,141.42916997273764,1839.4634246826172,302.979310353597,1878.7684122721355,0.0,0.0
92,107,74.11561584472656,441.4712219238281,88.30633544921875,450.9044189453125,Bge,11,30,1,706,,Astragalus,,,,author_11_30,,,,,308.81506601969403,1839.4634246826172,367.9430643717448,1878.7684122721355,0.0,0.0
93,108,34.14899826049805,451.3451843261719,60.44613265991211,460.77838134765625,cedreti,11,31,0,706,Astragalus,Astragalus,cedreti,Astragalus_cedreti_11_31,Boiss. ,,,,species,,142.2874927520752,1880.6049346923828,251.85888608296713,1919.9099222819011,0.0,0.0
94,109,65.43875122070312,451.3451843261719,86.26102447509766,460.77838134765625,Boiss.,11,31,1,706,,Astragalus,,,,author_11_31,,,,,272.6614634195964,1880.6049346923828,359.4209353129069,1919.9099222819011,0.0,0.0
95,110,34.14899826049805,460.6022033691406,74.07612609863281,470.035400390625,cephalotes,11,32,0,706,Astragalus,Astragalus,cephalotes,Astragalus_cephalotes_11_32,Banks et Sol. ,,,,species,,142.2874927520752,1919.1758473714192,308.65052541097003,1958.4808349609375,0.0,0.0
96,111,78.09539031982422,460.6022033691406,100.45999908447266,470.035400390625,Banks,11,32,1,706,,Astragalus,,,,author_11_32,,,,,325.39745966593426,1919.1758473714192,418.58332951863605,1958.4808349609375,0.0,0.0
97,112,104.68011474609375,460.6022033691406,111.50798797607422,470.035400390625,et,11,32,2,706,,Astragalus,,,,author_11_32,,,,,436.1671447753906,1919.1758473714192,464.6166165669759,1958.4808349609375,0.0,0.0
98,113,115.52853393554688,460.6022033691406,130.0762481689453,470.035400390625,Sol.,11,32,3,706,,Astragalus,,,,author_11_32,,,,,481.368891398112,1919.1758473714192,541.9843673706055,1958.4808349609375,0.0,0.0
99,169,33.73699951171875,470.8882141113281,82.4123306274414,480.3214111328125,chaborasicus,25,0,0,706,Astragalus,Astragalus,chaborasicus,Astragalus_chaborasicus_25_0,Boiss. et Hausskn. ,,,,species,,140.57083129882812,1962.0342254638672,343.38471094767254,2001.3392130533855,0.0,0.0
100,170,88.18980407714844,470.8882141113281,109.34681701660156,480.3214111328125,Boiss.,25,0,1,706,,Astragalus,,,,author_25_0,,,,,367.45751698811847,1962.0342254638672,455.61173756917316,2001.3392130533855,0.0,0.0
101,171,116.11927032470703,470.8882141113281,122.8832778930664,480.3214111328125,et,25,0,2,706,,Astragalus,,,,author_25_0,,,,,483.8302930196126,1962.0342254638672,512.0136578877767,2001.3392130533855,0.0,0.0
102,172,128.85997009277344,470.8882141113281,163.66995239257812,480.3214111328125,Hausskn.,25,0,3,706,,Astragalus,,,,author_25_0,,,,,536.9165420532227,1962.0342254638672,681.9581349690756,2001.3392130533855,0.0,0.0
103,175,33.53099822998047,480.3511962890625,81.9786376953125,489.7843933105469,chlofostegius,25,1,0,706,Astragalus,Astragalus,chlofostegius,Astragalus_chlofostegius_25_1,Boiss et Haussk. ,,,,species,,139.7124926249186,2001.4633178710938,341.57765706380206,2040.768305460612,0.0,0.0
104,176,85.12445831298828,480.3511962890625,103.52149963378906,489.7843933105469,Boiss,25,1,1,706,,Astragalus,,,,author_25_1,,,,,354.6852429707845,2001.4633178710938,431.3395818074544,2040.768305460612,0.0,0.0
105,177,106.66732025146484,480.3511962890625,113.41175842285156,489.7843933105469,et,25,1,2,706,,Astragalus,,,,author_25_1,,,,,444.44716771443683,2001.4633178710938,472.54899342854816,2040.768305460612,0.0,0.0
106,178,116.55758666992188,480.3511962890625,146.55162048339844,489.7843933105469,Haussk.,25,1,3,706,,Astragalus,,,,author_25_1,,,,,485.6566111246745,2001.4633178710938,610.6317520141602,2040.768305460612,0.0,0.0
107,180,33.73699951171875,490.4311828613281,61.57502746582031,499.8643798828125,collinus,25,2,0,706,Astragalus,Astragalus,collinus,Astragalus_collinus_25_2,Boiss. ,,,,species,,140.57083129882812,2043.4632619222004,256.56261444091797,2082.7682495117188,0.0,0.0
108,181,62.97556686401367,490.4311828613281,84.91223907470703,499.8643798828125,Boiss.,25,2,1,706,,Astragalus,,,,author_25_2,,,,,262.39819526672363,2043.4632619222004,353.8009961446126,2082.7682495117188,0.0,0.0
109,182,33.94300079345703,499.6882019042969,76.26611328125,509.12139892578125,coluteoides,25,3,0,706,Astragalus,Astragalus,coluteoides,Astragalus_coluteoides_25_3,Willd. ,,,,species,,141.42916997273764,2082.034174601237,317.7754720052083,2121.3391621907554,0.0,0.0
110,183,82.52460479736328,499.6882019042969,104.77570343017578,509.12139892578125,Willd.,25,3,1,706,,Astragalus,,,,author_25_3,,,,,343.8525199890137,2082.034174601237,436.56543095906574,2121.3391621907554,0.0,0.0
111,184,33.73699951171875,509.3561706542969,75.6069107055664,518.7893676757812,commixtus,25,4,0,706,Astragalus,Astragalus,commixtus,Astragalus_commixtus_25_4,Bge ,,,,species,,140.57083129882812,2122.317377726237,315.0287946065267,2161.6223653157554,0.0,0.0
112,185,80.21842956542969,509.3561706542969,93.88570404052734,518.7893676757812,Bge,25,4,1,706,,Astragalus,,,,author_25_4,,,,,334.2434565226237,2122.317377726237,391.19043350219727,2161.6223653157554,0.0,0.0
113,186,33.73699951171875,518.8191528320312,116.09239196777344,528.2523803710938,corîdûpUcaÈu^Sretoï.,25,5,0,706,Astragalus,Astragalus,corîdûpUcaÈu^Sretoï.,Astragalus_corîdûpUcaÈu^Sretoï._25_5,,,,,species,,140.57083129882812,2161.7464701334634,483.71829986572266,2201.051584879557,0.0,0.0
114,187,33.73699951171875,529.1051635742188,74.04527282714844,538.5383911132812,corrugatus,25,6,0,706,Astragalus,Astragalus,corrugatus,Astragalus_corrugatus_25_6,Bertol. ,,,,species,,140.57083129882812,2204.6048482259116,308.52197011311847,2243.9099629720054,0.0,0.0
115,188,78.78728485107422,529.1051635742188,104.35517120361328,538.5383911132812,Bertol.,25,6,1,706,,Astragalus,,,,author_25_6,,,,,328.2803535461426,2204.6048482259116,434.8132133483887,2243.9099629720054,0.0,0.0
116,189,33.73699951171875,538.5681762695312,69.09442901611328,548.0014038085938,cretaceus,25,7,0,706,Astragalus,Astragalus,cretaceus,Astragalus_cretaceus_25_7,Boiss. et Ky ,,,,species,,140.57083129882812,2244.0340677897134,287.89345423380536,2283.339182535807,0.0,0.0
117,190,73.03438568115234,538.5681762695312,94.02660369873047,548.0014038085938,Boiss.,25,7,1,706,,Astragalus,,,,author_25_7,,,,,304.30994033813477,2244.0340677897134,391.77751541137695,2283.339182535807,0.0,0.0
118,191,98.79777526855469,538.5681762695312,105.63285827636719,548.0014038085938,et,25,7,2,706,,Astragalus,,,,author_25_7,,,,,411.6573969523112,2244.0340677897134,440.1369094848633,2283.339182535807,0.0,0.0
119,192,109.78190612792969,538.5681762695312,120.64016723632812,548.0014038085938,Ky,25,7,3,706,,Astragalus,,,,author_25_7,,,,,457.4246088663737,2244.0340677897134,502.6673634847005,2283.339182535807,0.0,0.0
120,193,33.73699951171875,548.0311889648438,68.39897918701172,557.4644165039062,cruciatus,25,8,0,706,Astragalus,Astragalus,cruciatus,Astragalus_cruciatus_25_8,Link ,,,,species,,140.57083129882812,2283.4632873535156,284.9957466125488,2322.7684020996094,0.0,0.0
121,194,72.46356201171875,548.0311889648438,90.19645690917969,557.4644165039062,Link,25,8,1,706,,Astragalus,,,,author_25_8,,,,,301.93150838216144,2283.4632873535156,375.81857045491535,2322.7684020996094,0.0,0.0
122,195,33.53099822998047,557.2881469726562,80.89938354492188,566.7213745117188,cruentiflorus,25,9,0,706,Astragalus,Astragalus,cruentiflorus,Astragalus_cruentiflorus_25_9,Boiss. ,,,,species,,139.7124926249186,2322.033945719401,337.0807647705078,2361.3390604654946,0.0,0.0
123,196,87.27941131591797,557.2881469726562,108.2716293334961,566.7213745117188,Boiss.,25,9,1,706,,Astragalus,,,,author_25_9,,,,,363.6642138163249,2322.033945719401,451.1317888895671,2361.3390604654946,0.0,0.0
124,197,33.53099822998047,566.9561767578125,70.04613494873047,576.389404296875,cucullaris,25,10,0,706,Astragalus,Astragalus,cucullaris,Astragalus_cucullaris_25_10,Boiss. ,,,,species,,139.7124926249186,2362.3174031575522,291.85889561971027,2401.622517903646,0.0,0.0
125,198,75.31170654296875,566.9561767578125,96.13397979736328,576.389404296875,Boiss.,25,10,1,706,,Astragalus,,,,author_25_10,,,,,313.7987772623698,2362.3174031575522,400.55824915568036,2401.622517903646,0.0,0.0
126,199,33.53099822998047,576.419189453125,86.83843231201172,585.8524169921875,dactylocarpus,25,11,0,706,Astragalus,Astragalus,dactylocarpus,Astragalus_dactylocarpus_25_11,Boiss. ,,,,species,,139.7124926249186,2401.746622721354,361.8268013000488,2441.0517374674478,0.0,0.0
127,200,91.35725402832031,576.419189453125,112.17952728271484,585.8524169921875,Boiss.,25,11,1,706,,Astragalus,,,,author_25_11,,,,,380.6552251180013,2401.746622721354,467.41469701131183,2441.0517374674478,0.0,0.0
128,201,33.53099822998047,586.7052001953125,79.74937438964844,596.138427734375,damascenus,25,12,0,706,Astragalus,Astragalus,damascenus,Astragalus_damascenus_25_12,Boiss. et GailL ,,,,species,,139.7124926249186,2444.6050008138022,332.28905995686847,2483.910115559896,0.0,0.0
129,202,83.38445281982422,586.7052001953125,104.54146575927734,596.138427734375,Boiss.,25,12,1,706,,Astragalus,,,,author_25_12,,,,,347.4352200826009,2444.6050008138022,435.5894406636556,2483.910115559896,0.0,0.0
130,203,108.78218078613281,586.7052001953125,115.63992309570312,596.138427734375,et,25,12,2,706,,Astragalus,,,,author_25_12,,,,,453.2590866088867,2444.6050008138022,481.833012898763,2483.910115559896,0.0,0.0
131,204,119.67787170410156,586.7052001953125,141.06182861328125,596.138427734375,GailL,25,12,3,706,,Astragalus,,,,author_25_12,,,,,498.65779876708984,2444.6050008138022,587.7576192220052,2483.910115559896,0.0,0.0
132,205,33.73699951171875,595.7561645507812,66.42137145996094,605.1893920898438,darmikii,25,13,0,706,Astragalus,Astragalus,darmikii,Astragalus_darmikii_25_13,Moût. ,,,,species,,140.57083129882812,2482.317352294922,276.7557144165039,2521.6224670410156,0.0,0.0
133,206,71.18872833251953,595.7561645507812,94.6655502319336,605.1893920898438,Moût.,25,13,1,706,,Astragalus,,,,author_25_13,,,,,296.61970138549805,2482.317352294922,394.43979263305664,2521.6224670410156,0.0,0.0
134,231,241.30299377441406,45.05916976928711,292.857177734375,54.49237060546875,deinacanthus,31,0,0,706,Astragalus,Astragalus,deinacanthus,Astragalus_deinacanthus_31_0,Boiss. ,,,,species,,1005.4291407267252,187.74654070536295,1220.2382405598958,227.05154418945312,1.0,2.0
135,232,296.22857666015625,45.05916976928711,316.88604736328125,54.49237060546875,Boiss.,31,0,1,706,,Astragalus,,,,author_31_0,,,,,1234.2857360839844,187.74654070536295,1320.3585306803386,227.05154418945312,1.0,2.0
136,235,241.30299377441406,54.52218246459961,268.8869934082031,63.95538330078125,delbesii,32,0,0,706,Astragalus,Astragalus,delbesii,Astragalus_delbesii_32_0,Eig ,,,,species,,1005.4291407267252,227.17576026916504,1120.3624725341797,266.4807637532552,1.0,2.0
137,236,273.1627197265625,54.52218246459961,285.6207580566406,63.95538330078125,Eig,32,0,1,706,,Astragalus,,,,author_32_0,,,,,1138.177998860677,227.17576026916504,1190.0864919026692,266.4807637532552,1.0,2.0
138,239,241.0970001220703,64.39620971679688,293.36370849609375,73.82940673828125,deserti-syriaci,33,0,0,706,Astragalus,Astragalus,deserti-syriaci,Astragalus_deserti-syriaci_33_0,Eig ,,,,species,,1004.5708338419596,268.3175404866536,1222.3487854003906,307.6225280761719,1.0,2.0
139,240,298.0813293457031,64.39620971679688,310.67327880859375,73.82940673828125,Eig,33,0,1,706,,Astragalus,,,,author_33_0,,,,,1242.0055389404297,268.3175404866536,1294.4719950358074,307.6225280761719,1.0,2.0
140,243,241.0970001220703,74.06521606445312,289.916748046875,83.4984130859375,dictyocarpus,34,0,0,706,Astragalus,Astragalus,dictyocarpus,Astragalus_dictyocarpus_34_0,Boiss. ,,,,species,,1004.5708338419596,308.6050669352214,1207.9864501953125,347.91005452473956,1.0,2.0
141,244,293.55389404296875,74.06521606445312,314.546142578125,83.4984130859375,Boiss.,34,0,1,706,,Astragalus,,,,author_34_0,,,,,1223.1412251790364,308.6050669352214,1310.6089274088542,347.91005452473956,1.0,2.0
142,246,241.30299377441406,83.73422241210938,284.52630615234375,93.16741943359375,dictyolobus,35,0,0,706,Astragalus,Astragalus,dictyolobus,Astragalus_dictyolobus_35_0,Mey. ,,,,species,,1005.4291407267252,348.89259338378906,1185.5262756347656,388.1975809733073,1.0,2.0
143,249,310.2171936035156,83.73422241210938,329.8646240234375,93.16741943359375,Mey.,35,0,1,706,,Astragalus,,,,author_35_0,,,,,1292.5716400146484,348.89259338378906,1374.4359334309895,388.1975809733073,1.0,2.0
144,252,241.30299377441406,93.19619750976562,276.5940856933594,102.62939453125,dinsmorei,36,0,0,706,Astragalus,Astragalus,dinsmorei,Astragalus_dinsmorei_36_0,Eig ,,,,species,,1005.4291407267252,388.31748962402344,1152.475357055664,427.6224772135417,1.0,2.0
145,253,279.36273193359375,93.19619750976562,292.4352722167969,102.62939453125,Eig,36,0,1,706,,Astragalus,,,,author_36_0,,,,,1164.0113830566406,388.31748962402344,1218.4803009033203,427.6224772135417,1.0,2.0
146,255,241.0970001220703,102.86520385742188,281.94268798828125,112.29840087890625,diphterites,37,0,0,706,Astragalus,Astragalus,diphterites,Astragalus_diphterites_37_0,Fenzl ,,,,species,,1004.5708338419596,428.6050160725911,1174.7611999511719,467.9100036621094,1.0,2.0
147,256,285.5303649902344,102.86520385742188,306.9432373046875,112.29840087890625,Fenzl,37,0,1,706,,Astragalus,,,,author_37_0,,,,,1189.7098541259766,428.6050160725911,1278.930155436198,467.9100036621094,1.0,2.0
148,259,241.0970001220703,112.32821655273438,279.85009765625,121.76141357421875,dipodurus,38,0,0,706,Astragalus,Astragalus,dipodurus,Astragalus_dipodurus_38_0,Bge ,,,,species,,1004.5708338419596,468.03423563639325,1166.0420735677083,507.33922322591144,1.0,2.0
149,260,283.53460693359375,112.32821655273438,297.0721130371094,121.76141357421875,Bge,38,0,1,706,,Astragalus,,,,author_38_0,,,,,1181.3941955566406,468.03423563639325,1237.8004709879558,507.33922322591144,1.0,2.0
150,264,241.0970001220703,121.79122924804688,282.11676025390625,131.22442626953125,dorcoceras,39,0,0,706,Astragalus,Astragalus,dorcoceras,Astragalus_dorcoceras_39_0,Bge ,,,,species,,1004.5708338419596,507.4634552001953,1175.4865010579426,546.7684427897135,1.0,2.0
151,265,286.1875305175781,121.79122924804688,299.984619140625,131.22442626953125,Bge,39,0,1,706,,Astragalus,,,,author_39_0,,,,,1192.4480438232422,507.4634552001953,1249.9359130859375,546.7684427897135,1.0,2.0
152,269,241.30299377441406,131.25421142578125,278.1158142089844,140.68740844726562,drusorum,40,0,0,706,Astragalus,Astragalus,drusorum,Astragalus_drusorum_40_0,Boiss. ,,,,species,,1005.4291407267252,546.8925476074219,1158.8158925374348,586.1975351969401,1.0,2.0
153,270,281.5196838378906,131.25421142578125,302.7655944824219,140.68740844726562,Boiss.,40,0,1,706,,Astragalus,,,,author_40_0,,,,,1172.9986826578777,546.8925476074219,1261.5233103434246,586.1975351969401,1.0,2.0
154,274,241.0970001220703,140.71621704101562,294.5813903808594,150.1494140625,duplostrigosus,41,0,0,706,Astragalus,Astragalus,duplostrigosus,Astragalus_duplostrigosus_41_0,Post et Beauv. ,,,,species,,1004.5708338419596,586.3175710042318,1227.4224599202473,625.62255859375,1.0,2.0
155,275,299.1053466796875,140.71621704101562,315.2401123046875,150.1494140625,Post,41,0,1,706,,Astragalus,,,,author_41_0,,,,,1246.2722778320312,586.3175710042318,1313.500467936198,625.62255859375,1.0,2.0
156,276,319.7630310058594,140.71621704101562,326.518798828125,150.1494140625,et,41,0,2,706,,Astragalus,,,,author_41_0,,,,,1332.345962524414,586.3175710042318,1360.4949951171875,625.62255859375,1.0,2.0
157,277,330.8367614746094,140.71621704101562,356.1778564453125,150.1494140625,Beauv.,41,0,3,706,,Astragalus,,,,author_41_0,,,,,1378.4865061442058,586.3175710042318,1484.0744018554688,625.62255859375,1.0,2.0
158,280,241.0970001220703,150.17919921875,277.78851318359375,159.61239624023438,echinatus,42,0,0,706,Astragalus,Astragalus,echinatus,Astragalus_echinatus_42_0,Murr. ,,,,species,,1004.5708338419596,625.7466634114584,1157.4521382649739,665.0516510009766,1.0,2.0
159,281,281.0055847167969,150.17919921875,303.6385498046875,159.61239624023438,Murr.,42,0,1,706,,Astragalus,,,,author_42_0,,,,,1170.8566029866536,625.7466634114584,1265.160624186198,665.0516510009766,1.0,2.0
160,283,240.89100646972656,161.08221435546875,274.388671875,170.51541137695312,echinops,43,0,0,706,Astragalus,Astragalus,echinops,Astragalus_echinops_43_0,Boiss. ,,,,species,,1003.712526957194,671.1758931477865,1143.2861328125,710.4808807373047,1.0,2.0
161,284,277.5087585449219,161.08221435546875,298.1662292480469,170.51541137695312,Boiss.,43,0,1,706,,Astragalus,,,,author_43_0,,,,,1156.2864939371746,671.1758931477865,1242.3592885335286,710.4808807373047,1.0,2.0
162,287,240.89100646972656,170.54519653320312,269.7726135253906,179.9783935546875,echinus,44,0,0,706,Astragalus,Astragalus,echinus,Astragalus_echinus_44_0,D.C. ,,,,species,,1003.712526957194,710.6049855550131,1124.0525563557942,749.9099731445312,1.0,2.0
163,288,272.3663330078125,170.54519653320312,291.6429748535156,179.9783935546875,D.C.,44,0,1,706,,Astragalus,,,,author_44_0,,,,,1134.8597208658855,710.6049855550131,1215.1790618896484,749.9099731445312,1.0,2.0
164,291,241.0970001220703,180.21420288085938,281.81329345703125,189.64739990234375,ehdenensis,45,0,0,706,Astragalus,Astragalus,ehdenensis,Astragalus_ehdenensis_45_0,Moût. ,,,,species,,1004.5708338419596,750.8925120035807,1174.2220560709636,790.197499593099,1.0,2.0
165,292,285.12005615234375,180.21420288085938,308.5968933105469,189.64739990234375,Moût.,45,0,1,706,,Astragalus,,,,author_45_0,,,,,1188.0002339680989,750.8925120035807,1285.8203887939453,790.197499593099,1.0,2.0
166,295,241.0970001220703,189.67620849609375,284.04998779296875,199.10940551757812,ehrenbergii,46,0,0,706,Astragalus,Astragalus,ehrenbergii,Astragalus_ehrenbergii_46_0,Bge ,,,,species,,1004.5708338419596,790.3175354003906,1183.5416158040364,829.6225229899088,1.0,2.0
167,296,287.58929443359375,189.67620849609375,301.256591796875,199.10940551757812,Bge,46,0,1,706,,Astragalus,,,,author_46_0,,,,,1198.2887268066406,790.3175354003906,1255.2357991536458,829.6225229899088,1.0,2.0
168,298,240.89100646972656,199.55120849609375,287.40985107421875,208.98440551757812,emarginatus,47,0,0,706,Astragalus,Astragalus,emarginatus,Astragalus_emarginatus_47_0,Lab. ,,,,species,,1003.712526957194,831.463368733724,1197.5410461425781,870.7683563232422,1.0,2.0
169,299,291.7030944824219,199.55120849609375,309.4440002441406,208.98440551757812,Lab.,47,0,1,706,,Astragalus,,,,author_47_0,,,,,1215.4295603434246,831.463368733724,1289.3500010172527,870.7683563232422,1.0,2.0
170,302,240.68600463867188,209.01419067382812,274.6704406738281,218.4473876953125,epiglottis,48,0,0,706,Astragalus,Astragalus,epiglottis,Astragalus_epiglottis_48_0,L. ,,,,species,,1002.8583526611328,870.8924611409506,1144.460169474284,910.1974487304688,1.0,2.0
171,303,279.1531982421875,209.01419067382812,287.1173400878906,218.4473876953125,L.,48,0,1,706,,Astragalus,,,,author_48_0,,,,,1163.1383260091145,870.8924611409506,1196.322250366211,910.1974487304688,1.0,2.0
172,306,240.68600463867188,218.4761962890625,279.9660949707031,227.90939331054688,erihanensis,49,0,0,706,Astragalus,Astragalus,erihanensis,Astragalus_erihanensis_49_0,Eig ,,,,species,,1002.8583526611328,910.3174845377604,1166.525395711263,949.6224721272787,1.0,2.0
173,307,282.983154296875,218.4761962890625,295.4411926269531,227.90939331054688,Eig,49,0,1,706,,Astragalus,,,,author_49_0,,,,,1179.0964762369792,910.3174845377604,1231.0049692789714,949.6224721272787,1.0,2.0
174,309,241.0970001220703,228.76220703125,293.802490234375,238.19540405273438,eriophylloides,50,0,0,706,Astragalus,Astragalus,eriophylloides,Astragalus_eriophylloides_50_0,Rech. fil. ,,,,species,,1004.5708338419596,953.1758626302084,1224.1770426432292,992.4808502197266,1.0,2.0
175,310,296.98333740234375,228.76220703125,320.05572509765625,238.19540405273438,Rech.,50,0,1,706,,Astragalus,,,,author_50_0,,,,,1237.4305725097656,953.1758626302084,1333.5655212402344,992.4808502197266,1.0,2.0
176,311,323.59039306640625,228.76220703125,333.3771057128906,238.19540405273438,fil.,50,0,2,706,,Astragalus,,,,author_50_0,,,,,1348.2933044433594,953.1758626302084,1389.071273803711,992.4808502197266,1.0,2.0
177,314,240.89100646972656,238.43121337890625,277.8915100097656,247.86441040039062,eriopodus,51,0,0,706,Astragalus,Astragalus,eriopodus,Astragalus_eriopodus_51_0,Boiss. ,,,,species,,1003.712526957194,993.463389078776,1157.8812917073567,1032.7683766682942,1.0,2.0
178,315,281.4163818359375,238.43121337890625,302.2386474609375,247.86441040039062,Boiss.,51,0,1,706,,Astragalus,,,,author_51_0,,,,,1172.5682576497395,993.463389078776,1259.3276977539062,1032.7683766682942,1.0,2.0
179,318,240.68600463867188,248.09921264648438,271.5447998046875,257.53240966796875,erisyphe,52,0,0,706,Astragalus,Astragalus,erisyphe,Astragalus_erisyphe_52_0,Eig ,,,,species,,1002.8583526611328,1033.7467193603516,1131.4366658528645,1073.0517069498699,1.0,2.0
180,319,276.0687561035156,248.09921264648438,288.52679443359375,257.53240966796875,Eig,52,0,1,706,,Astragalus,,,,author_52_0,,,,,1150.2864837646484,1033.7467193603516,1202.1949768066406,1073.0517069498699,1.0,2.0
181,322,240.68600463867188,257.7681884765625,296.1358337402344,267.2013854980469,erythrotaenius,53,0,0,706,Astragalus,Astragalus,erythrotaenius,Astragalus_erythrotaenius_53_0,Boiss. ,,,,species,,1002.8583526611328,1074.0341186523438,1233.8993072509766,1113.339106241862,1.0,2.0
182,323,300.1365661621094,257.7681884765625,320.9588317871094,267.2013854980469,Boiss.,53,0,1,706,,Astragalus,,,,author_53_0,,,,,1250.5690256754558,1074.0341186523438,1337.3284657796223,1113.339106241862,1.0,2.0
183,326,240.47999572753906,267.231201171875,267.9772644042969,276.6643981933594,exiguus,54,0,0,706,Astragalus,Astragalus,exiguus,Astragalus_exiguus_54_0,Post ,,,,species,,1001.9999821980795,1113.4633382161458,1116.5719350179036,1152.768325805664,1.0,2.0
184,327,272.1283874511719,267.231201171875,288.10552978515625,276.6643981933594,Post,54,0,1,706,,Astragalus,,,,author_54_0,,,,,1133.8682810465496,1113.4633382161458,1200.4397074381511,1152.768325805664,1.0,2.0
185,331,240.2740020751953,276.6942138671875,271.6461486816406,286.1274108886719,expansus,55,0,0,706,Astragalus,Astragalus,expansus,Astragalus_expansus_55_0,Boiss. ,,,,species,,1001.1416753133138,1152.892557779948,1131.8589528401692,1192.197545369466,1.0,2.0
186,332,274.4798889160156,276.6942138671875,295.4721374511719,286.1274108886719,Boiss.,55,0,1,706,,Astragalus,,,,author_55_0,,,,,1143.6662038167317,1152.892557779948,1231.1339060465496,1192.197545369466,1.0,2.0
187,334,240.2740020751953,286.9792175292969,280.4415283203125,296.41241455078125,faktorovski,56,0,0,706,Astragalus,Astragalus,faktorovski,Astragalus_faktorovski_56_0,Eig ,,,,species,,1001.1416753133138,1195.7467397054036,1168.506368001302,1235.0517272949219,1.0,2.0
188,335,285.7369689941406,286.9792175292969,298.19500732421875,296.41241455078125,Eig,56,0,1,706,,Astragalus,,,,author_56_0,,,,,1190.5707041422527,1195.7467397054036,1242.4791971842449,1235.0517272949219,1.0,2.0
189,337,238.2169952392578,296.44219970703125,274.04498291015625,305.8753967285156,forskhalei,57,0,0,706,Astragalus,Astragalus,forskhalei,Astragalus_forskhalei_57_0,Boiss. ,,,,species,,992.5708134969076,1235.1758321126301,1141.8540954589844,1274.4808197021484,1.0,2.0
190,338,276.8910827636719,296.44219970703125,297.7133483886719,305.8753967285156,Boiss.,57,0,1,706,,Astragalus,,,,author_57_0,,,,,1153.7128448486328,1235.1758321126301,1240.4722849527996,1274.4808197021484,1.0,2.0
191,340,240.2740020751953,306.3161926269531,281.7391357421875,315.7493896484375,gaillardotii,58,0,0,706,Astragalus,Astragalus,gaillardotii,Astragalus_gaillardotii_58_0,Boiss. ,,,,species,,1001.1416753133138,1276.3174692789714,1173.913065592448,1315.6224568684895,1.0,2.0
192,341,285.73779296875,306.3161926269531,306.56005859375,315.7493896484375,Boiss.,58,0,1,706,,Astragalus,,,,author_58_0,,,,,1190.5741373697917,1276.3174692789714,1277.3335774739583,1315.6224568684895,1.0,2.0
193,343,240.2740020751953,315.9851989746094,272.3024597167969,325.41839599609375,galilaeus,59,0,0,706,Astragalus,Astragalus,galilaeus,Astragalus_galilaeus_59_0,Freyn et Bornm. ,,,,species,,1001.1416753133138,1316.604995727539,1134.5935821533203,1355.9099833170574,1.0,2.0
194,344,276.9232482910156,315.9851989746094,299.5263977050781,325.41839599609375,Freyn,59,0,1,706,,Astragalus,,,,author_59_0,,,,,1153.8468678792317,1316.604995727539,1248.0266571044922,1355.9099833170574,1.0,2.0
195,345,303.9381103515625,315.9851989746094,310.74127197265625,325.41839599609375,et,59,0,2,706,,Astragalus,,,,author_59_0,,,,,1266.4087931315105,1316.604995727539,1294.7552998860676,1355.9099833170574,1.0,2.0
196,346,315.1529846191406,315.9851989746094,344.1343078613281,325.41839599609375,Bornm.,59,0,3,706,,Astragalus,,,,author_59_0,,,,,1313.137435913086,1316.604995727539,1433.8929494222004,1355.9099833170574,1.0,2.0
197,349,239.65699768066406,325.4482116699219,272.3160400390625,334.88140869140625,gladiatus,60,0,0,706,Astragalus,Astragalus,gladiatus,Astragalus_gladiatus_60_0,Boiss. ,,,,species,,998.5708236694336,1356.034215291341,1134.650166829427,1395.3392028808594,1.0,2.0
198,350,273.806640625,325.4482116699219,294.464111328125,334.88140869140625,Boiss.,60,0,1,706,,Astragalus,,,,author_60_0,,,,,1140.8610026041667,1356.034215291341,1226.9337972005208,1395.3392028808594,1.0,2.0
199,352,240.06900024414062,335.1162109375,278.1488952636719,344.5494079589844,gombaultii,61,0,0,706,Astragalus,Astragalus,gombaultii,Astragalus_gombaultii_61_0,Eig ,,,,species,,1000.2875010172526,1396.3175455729167,1158.9537302652996,1435.6225331624348,1.0,2.0
200,353,280.2337341308594,335.1162109375,293.2238464355469,344.5494079589844,Eig,61,0,1,706,,Astragalus,,,,author_61_0,,,,,1167.6405588785808,1396.3175455729167,1221.7660268147786,1435.6225331624348,1.0,2.0
201,355,240.2740020751953,344.78521728515625,291.5323791503906,354.2184143066406,goşsypinoides,62,0,0,706,Astragalus,Astragalus,goşsypinoides,Astragalus_goşsypinoides_62_0,Hand.-Mazz. ,,,,species,,1001.1416753133138,1436.6050720214844,1214.718246459961,1475.9100596110027,1.0,2.0
202,356,298.0802917480469,344.78521728515625,351.7358703613281,354.2184143066406,Hand.-Mazz.,62,0,1,706,,Astragalus,,,,author_62_0,,,,,1242.001215616862,1436.6050720214844,1465.566126505534,1475.9100596110027,1.0,2.0
203,359,239.65699768066406,354.2481994628906,276.83929443359375,363.681396484375,gossypinus,63,0,0,706,Astragalus,Astragalus,gossypinus,Astragalus_gossypinus_63_0,Fisch. ,,,,species,,998.5708236694336,1476.034164428711,1153.4970601399739,1515.3391520182292,1.0,2.0
204,360,278.5379638671875,354.2481994628906,301.4678039550781,363.681396484375,Fisch.,63,0,1,706,,Astragalus,,,,author_63_0,,,,,1160.5748494466145,1476.034164428711,1256.1158498128254,1515.3391520182292,1.0,2.0
205,362,240.2740020751953,364.5342102050781,293.7491149902344,373.9674072265625,griseo-sericeus,64,0,0,706,Astragalus,Astragalus,griseo-sericeus,Astragalus_griseo-sericeus_64_0,Eig ,,,,species,,1001.1416753133138,1518.892542521159,1223.9546457926433,1558.197530110677,1.0,2.0
206,363,298.2854309082031,364.5342102050781,310.87738037109375,373.9674072265625,Eig,64,0,1,706,,Astragalus,,,,author_64_0,,,,,1242.855962117513,1518.892542521159,1295.3224182128906,1558.197530110677,1.0,2.0
207,366,240.06900024414062,374.20220947265625,276.06365966796875,383.6354064941406,gummifer,65,0,0,706,Astragalus,Astragalus,gummifer,Astragalus_gummifer_65_0,Lab. ,,,,species,,1000.2875010172526,1559.1758728027344,1150.2652486165364,1598.4808603922527,1.0,2.0
208,367,280.7998046875,374.20220947265625,298.54071044921875,383.6354064941406,Lab.,65,0,1,706,,Astragalus,,,,author_65_0,,,,,1169.9991861979167,1559.1758728027344,1243.9196268717449,1598.4808603922527,1.0,2.0
209,370,240.47999572753906,384.0762023925781,271.286865234375,393.5093994140625,guttatus,66,0,0,706,Astragalus,Astragalus,guttatus,Astragalus_guttatus_66_0,Banks et Sol. ,,,,species,,1001.9999821980795,1600.3175099690754,1130.3619384765625,1639.6224975585938,1.0,2.0
210,371,274.3451232910156,384.0762023925781,296.87451171875,393.5093994140625,Banks,66,0,1,706,,Astragalus,,,,author_66_0,,,,,1143.1046803792317,1600.3175099690754,1236.9771321614583,1639.6224975585938,1.0,2.0
211,372,300.13568115234375,384.0762023925781,306.95428466796875,393.5093994140625,et,66,0,2,706,,Astragalus,,,,author_66_0,,,,,1250.5653381347656,1600.3175099690754,1278.9761861165364,1639.6224975585938,1.0,2.0
212,373,310.0113220214844,384.0762023925781,324.55902099609375,393.5093994140625,Sol.,66,0,3,706,,Astragalus,,,,author_66_0,,,,,1291.7138417561848,1600.3175099690754,1352.3292541503906,1639.6224975585938,1.0,2.0
213,376,240.2740020751953,393.5392150878906,272.5865173339844,402.972412109375,hamosus,67,0,0,706,Astragalus,Astragalus,hamosus,Astragalus_hamosus_67_0,L. ,,,,species,,1001.1416753133138,1639.7467295328777,1135.7771555582683,1679.0517171223958,1.0,2.0
214,377,276.27410888671875,393.5392150878906,284.2320861816406,402.972412109375,L.,67,0,1,706,,Astragalus,,,,author_67_0,,,,,1151.1421203613281,1639.7467295328777,1184.3003590901692,1679.0517171223958,1.0,2.0
215,380,240.2740020751953,403.002197265625,286.2495422363281,412.4353942871094,hamrinensis,68,0,0,706,Astragalus,Astragalus,hamrinensis,Astragalus_hamrinensis_68_0,Hausskn. et Bornm. ,,,,species,,1001.1416753133138,1679.1758219401042,1192.7064259847004,1718.4808095296223,1.0,2.0
216,381,290.4140319824219,403.002197265625,325.5815124511719,412.4353942871094,Hausskn.,68,0,1,706,,Astragalus,,,,author_68_0,,,,,1210.0584665934246,1679.1758219401042,1356.589635213216,1718.4808095296223,1.0,2.0
217,382,330.1075439453125,403.002197265625,336.9488220214844,412.4353942871094,et,68,0,2,706,,Astragalus,,,,author_68_0,,,,,1375.4480997721355,1679.1758219401042,1403.9534250895183,1718.4808095296223,1.0,2.0
218,383,340.9320373535156,403.002197265625,369.7382507324219,412.4353942871094,Bornm.,68,0,3,706,,Astragalus,,,,author_68_0,,,,,1420.5501556396484,1679.1758219401042,1540.5760447184246,1718.4808095296223,1.0,2.0
219,386,240.2740020751953,412.67120361328125,283.34674072265625,422.1044006347656,hasbeyanus,68,1,0,706,Astragalus,Astragalus,hasbeyanus,Astragalus_hasbeyanus_68_1,Boiss. ,,,,species,,1001.1416753133138,1719.4633483886719,1180.6114196777344,1758.7683359781902,1.0,2.0
220,387,287.5884704589844,412.67120361328125,308.4107360839844,422.1044006347656,Boiss.,68,1,1,706,,Astragalus,,,,author_68_1,,,,,1198.2852935791016,1719.4633483886719,1285.0447336832683,1758.7683359781902,1.0,2.0
221,390,240.2740020751953,422.1341857910156,294.5440979003906,431.5673828125,heliopolitanus,69,0,0,706,Astragalus,Astragalus,heliopolitanus,Astragalus_heliopolitanus_69_0,Moût. ,,,,species,,1001.1416753133138,1758.8924407958984,1227.267074584961,1798.1974283854167,1.0,2.0
222,391,298.2864685058594,422.1341857910156,321.6016540527344,431.5673828125,Moût.,69,0,1,706,,Astragalus,,,,author_69_0,,,,,1242.8602854410808,1758.8924407958984,1340.0068918863933,1798.1974283854167,1.0,2.0
223,394,240.2740020751953,431.8022155761719,282.5526428222656,441.23541259765625,hermoneus,70,0,0,706,Astragalus,Astragalus,hermoneus,Astragalus_hermoneus_70_0,Boiss. ,,,,species,,1001.1416753133138,1799.1758982340496,1177.3026784261067,1838.4808858235676,1.0,2.0
224,395,285.3266296386719,431.8022155761719,306.1488952636719,441.23541259765625,Boiss.,70,0,1,706,,Astragalus,,,,author_70_0,,,,,1188.8609568277996,1799.1758982340496,1275.620396931966,1838.4808858235676,1.0,2.0
225,398,240.2740020751953,441.4712219238281,263.5330505371094,450.9044189453125,hilaris,71,0,0,706,Astragalus,Astragalus,hilaris,Astragalus_hilaris_71_0,Bge ,,,,species,,1001.1416753133138,1839.4634246826172,1098.0543772379558,1878.7684122721355,1.0,2.0
226,399,267.42974853515625,441.4712219238281,280.9672546386719,450.9044189453125,Bge,71,0,1,706,,Astragalus,,,,author_71_0,,,,,1114.2906188964844,1839.4634246826172,1170.6968943277996,1878.7684122721355,1.0,2.0
227,402,240.47999572753906,450.9342041015625,288.43310546875,460.3674011230469,hirsutissimus,72,0,0,706,Astragalus,Astragalus,hirsutissimus,Astragalus_hirsutissimus_72_0,D.C. ,,,,species,,1001.9999821980795,1878.8925170898438,1201.8046061197917,1918.197504679362,1.0,2.0
228,403,293.14349365234375,450.9342041015625,312.75079345703125,460.3674011230469,D.C.,72,0,1,706,,Astragalus,,,,author_72_0,,,,,1221.4312235514324,1878.8925170898438,1303.1283060709636,1918.197504679362,1.0,2.0
229,406,240.2740020751953,460.6022033691406,278.56158447265625,470.035400390625,hispidulus,73,0,0,706,Astragalus,Astragalus,hispidulus,Astragalus_hispidulus_73_0,D.C. ,,,,species,,1001.1416753133138,1919.1758473714192,1160.6732686360676,1958.4808349609375,1.0,2.0
230,407,282.85791015625,460.6022033691406,302.1345520019531,470.035400390625,D.C.,73,0,1,706,,Astragalus,,,,author_73_0,,,,,1178.5746256510417,1919.1758473714192,1258.8939666748047,1958.4808349609375,1.0,2.0
231,410,240.2740020751953,470.2712097167969,271.0015869140625,479.70440673828125,hispidus,74,0,0,706,Astragalus,Astragalus,hispidus,Astragalus_hispidus_74_0,Lab. ,,,,species,,1001.1416753133138,1959.463373819987,1129.1732788085938,1998.7683614095051,1.0,2.0
232,411,275.2453918457031,470.2712097167969,292.9862976074219,479.70440673828125,Lab.,74,0,1,706,,Astragalus,,,,author_74_0,,,,,1146.8557993570964,1959.463373819987,1220.7762400309246,1998.7683614095051,1.0,2.0
233,414,240.2740020751953,479.7342224121094,280.80120849609375,489.16741943359375,huninensis,75,0,0,706,Astragalus,Astragalus,huninensis,Astragalus_huninensis_75_0,Freyn et Bornm. ,,,,species,,1001.1416753133138,1998.892593383789,1170.0050354003906,2038.1975809733074,1.0,2.0
234,415,283.88525390625,479.7342224121094,306.3194580078125,489.16741943359375,Freyn,75,0,1,706,,Astragalus,,,,author_75_0,,,,,1182.855224609375,1998.892593383789,1276.331075032552,2038.1975809733074,1.0,2.0
235,416,309.5857849121094,479.7342224121094,316.36627197265625,489.16741943359375,et,75,0,2,706,,Astragalus,,,,author_75_0,,,,,1289.9407704671223,1998.892593383789,1318.1927998860676,2038.1975809733074,1.0,2.0
236,417,319.2700500488281,479.7342224121094,348.2513732910156,489.16741943359375,Bornm.,75,0,3,706,,Astragalus,,,,author_75_0,,,,,1330.2918752034504,1998.892593383789,1451.0473887125652,2038.1975809733074,1.0,2.0
237,419,240.47999572753906,489.6081848144531,274.6764221191406,499.0413818359375,kahiricus,76,0,0,706,Astragalus,Astragalus,kahiricus,Astragalus_kahiricus_76_0,D.C. ,,,,species,,1001.9999821980795,2040.0341033935547,1144.485092163086,2079.3390909830728,1.0,2.0
238,420,278.74407958984375,489.6081848144531,298.0207214355469,499.0413818359375,D.C.,76,0,1,706,,Astragalus,,,,author_76_0,,,,,1161.4336649576824,2040.0341033935547,1241.7530059814453,2079.3390909830728,1.0,2.0
239,423,240.2740020751953,499.0711975097656,286.1901550292969,508.50439453125,kotschyanus,77,0,0,706,Astragalus,Astragalus,kotschyanus,Astragalus_kotschyanus_77_0,Boiss. ,,,,species,,1001.1416753133138,2079.463322957357,1192.458979288737,2118.768310546875,1.0,2.0
240,424,290.6739501953125,499.0711975097656,311.3314208984375,508.50439453125,Boiss.,77,0,1,706,,Astragalus,,,,author_77_0,,,,,1211.1414591471355,2079.463322957357,1297.2142537434895,2118.768310546875,1.0,2.0
241,427,240.2740020751953,508.5342102050781,305.48663330078125,517.9674072265625,kurnet-es-saudae,78,0,0,706,Astragalus,Astragalus,kurnet-es-saudae,Astragalus_kurnet-es-saudae_78_0,Eig ,,,,species,,1001.1416753133138,2118.8925425211587,1272.8609720865886,2158.1975301106772,1.0,2.0
242,428,310.4236145019531,508.5342102050781,322.88165283203125,517.9674072265625,Eig,78,0,1,706,,Astragalus,,,,author_78_0,,,,,1293.4317270914714,2118.8925425211587,1345.3402201334636,2158.1975301106772,1.0,2.0
243,431,240.2740020751953,518.2021484375,267.9195861816406,527.6353759765625,lanatus,79,0,0,706,Astragalus,Astragalus,lanatus,Astragalus_lanatus_79_0,Lab. ,,,,species,,1001.1416753133138,2159.1756184895835,1116.3316090901692,2198.4807332356772,1.0,2.0
244,432,271.95428466796875,518.2021484375,289.6951904296875,527.6353759765625,Lab.,79,0,1,706,,Astragalus,,,,author_79_0,,,,,1133.1428527832031,2159.1756184895835,1207.0632934570312,2198.4807332356772,1.0,2.0
245,435,240.06900024414062,527.8711547851562,285.1426086425781,537.3043823242188,lepidanthus,80,0,0,706,Astragalus,Astragalus,lepidanthus,Astragalus_lepidanthus_80_0,Boiss. ,,,,species,,1000.2875010172526,2199.463144938151,1188.094202677409,2238.7682596842446,1.0,2.0
246,436,288.61700439453125,527.8711547851562,309.10968017578125,537.3043823242188,Boiss.,80,0,1,706,,Astragalus,,,,author_80_0,,,,,1202.5708516438801,2199.463144938151,1287.9570007324219,2238.7682596842446,1.0,2.0
247,439,240.2740020751953,537.3341674804688,286.0483093261719,546.7673950195312,kptothamnus,81,0,0,706,Astragalus,Astragalus,kptothamnus,Astragalus_kptothamnus_81_0,Boiss. ,,,,species,,1001.1416753133138,2238.892364501953,1191.867955525716,2278.197479248047,1.0,2.0
248,440,288.6430969238281,537.3341674804688,309.6353454589844,546.7673950195312,Boiss.,81,0,1,706,,Astragalus,,,,author_81_0,,,,,1202.6795705159504,2238.892364501953,1290.1472727457683,2278.197479248047,1.0,2.0
249,442,240.2740020751953,547.8251953125,281.3973388671875,557.2584228515625,Hbanoticus,82,0,0,706,Astragalus,Astragalus,Hbanoticus,Astragalus_Hbanoticus_82_0,Boiss. ,,,,species,,1001.1416753133138,2282.60498046875,1172.4889119466145,2321.9100952148438,1.0,2.0
250,443,284.50299072265625,547.8251953125,305.16046142578125,557.2584228515625,Boiss.,82,0,1,706,,Astragalus,,,,author_82_0,,,,,1185.4291280110676,2282.60498046875,1271.5019226074219,2321.9100952148438,1.0,2.0
251,445,240.06900024414062,557.2881469726562,262.69891357421875,566.7213745117188,louisir,83,0,0,706,Astragalus,Astragalus,louisir,Astragalus_louisir_83_0,Thiéb. ,,,,species,,1000.2875010172526,2322.033945719401,1094.5788065592449,2361.3390604654946,1.0,2.0
252,446,265.9893493652344,557.2881469726562,291.1200256347656,566.7213745117188,Thiéb.,83,0,1,706,,Astragalus,,,,author_83_0,,,,,1108.2889556884766,2322.033945719401,1213.0001068115234,2361.3390604654946,1.0,2.0
253,448,240.06900024414062,566.9561767578125,280.19158935546875,576.389404296875,lusitanicus,84,0,0,706,Astragalus,Astragalus,lusitanicus,Astragalus_lusitanicus_84_0,Lam. ,,,,species,,1000.2875010172526,2362.3174031575522,1167.4649556477864,2401.622517903646,1.0,2.0
254,449,285.1192932128906,566.9561767578125,305.7487487792969,576.389404296875,Lam.,84,0,1,706,,Astragalus,,,,author_84_0,,,,,1187.997055053711,2362.3174031575522,1273.953119913737,2401.622517903646,1.0,2.0
255,452,240.06900024414062,576.419189453125,283.4233093261719,585.8524169921875,maaratensis,85,0,0,706,Astragalus,Astragalus,maaratensis,Astragalus_maaratensis_85_0,Eig ,,,,species,,1000.2875010172526,2401.746622721354,1180.930455525716,2441.0517374674478,1.0,2.0
256,453,287.386962890625,576.419189453125,299.8450012207031,585.8524169921875,Eig,85,0,1,706,,Astragalus,,,,author_85_0,,,,,1197.4456787109375,2401.746622721354,1249.3541717529297,2441.0517374674478,1.0,2.0
257,455,239.86300659179688,586.0881958007812,288.9690246582031,595.5214233398438,macrocarpus,86,0,0,706,Astragalus,Astragalus,macrocarpus,Astragalus_macrocarpus_86_0,D.C. ,,,,species,,999.4291941324869,2442.034149169922,1204.037602742513,2481.3392639160156,1.0,2.0
258,456,293.5538330078125,586.0881958007812,311.8540954589844,595.5214233398438,D.C.,86,0,1,706,,Astragalus,,,,author_86_0,,,,,1223.1409708658855,2442.034149169922,1299.3920644124348,2481.3392639160156,1.0,2.0
259,459,240.06900024414062,595.7561645507812,286.1239929199219,605.1893920898438,megaloceras,87,0,0,706,Astragalus,Astragalus,megaloceras,Astragalus_megaloceras_87_0,Sam. et Eig ,,,,species,,1000.2875010172526,2482.317352294922,1192.1833038330078,2521.6224670410156,1.0,2.0
260,460,290.07012939453125,595.7561645507812,309.49261474609375,605.1893920898438,Sam.,87,0,1,706,,Astragalus,,,,author_87_0,,,,,1208.6255391438801,2482.317352294922,1289.5525614420574,2521.6224670410156,1.0,2.0
261,461,313.437744140625,595.7561645507812,320.241943359375,605.1893920898438,et,87,0,2,706,,Astragalus,,,,author_87_0,,,,,1305.9906005859375,2482.317352294922,1334.3414306640625,2521.6224670410156,1.0,2.0
262,462,323.7935791015625,595.7561645507812,336.2516174316406,605.1893920898438,Eig,87,0,3,706,,Astragalus,,,,author_87_0,,,,,1349.139912923177,2482.317352294922,1401.0484059651692,2521.6224670410156,1.0,2.0
0,3,30.719999313354492,50.60301971435547,86.34300231933594,62.60901641845703,microthamnus,1,0,0,707,Astragalus,Astragalus,microthamnus,Astragalus_microthamnus_1_0,Boiss. et Hausskn. ,,,,species,,127.99999713897705,210.8459154764811,359.7625096638997,260.870901743571,0.0,0.0
1,4,90.12974548339844,50.60301971435547,111.42662811279297,62.60901641845703,Boiss.,1,0,1,707,,Astragalus,,,,author_1_0,,,,,375.54060618082684,210.8459154764811,464.2776171366374,260.870901743571,0.0,0.0
2,5,116.16080474853516,50.60301971435547,122.72945404052734,62.60901641845703,et,1,0,2,707,,Astragalus,,,,author_1_0,,,,,484.0033531188965,210.8459154764811,511.37272516886395,260.870901743571,0.0,0.0
3,6,126.75379943847656,50.60301971435547,161.19195556640625,62.60901641845703,Hausskn.,1,0,3,707,,Astragalus,,,,author_1_0,,,,,528.1408309936523,210.8459154764811,671.6331481933594,260.870901743571,0.0,0.0
4,7,30.719999313354492,59.24297332763672,63.78996276855469,71.24897003173828,mitchelii,1,1,0,707,Astragalus,Astragalus,mitchelii,Astragalus_mitchelii_1_1,Post ,,,,species,,127.99999713897705,246.84572219848633,265.79151153564453,296.8707084655762,0.0,0.0
5,8,68.15586853027344,59.24297332763672,83.742431640625,71.24897003173828,Post,1,1,1,707,,Astragalus,,,,author_1_1,,,,,283.98278554280597,246.84572219848633,348.9267985026042,296.8707084655762,0.0,0.0
6,9,30.719999313354492,68.84300994873047,53.829002380371094,80.84900665283203,mcillis,1,2,0,707,Astragalus,Astragalus,mcillis,Astragalus_mcillis_1_2,M. Bieb. ,,,,species,,127.99999713897705,286.84587478637695,224.2875099182129,336.8708610534668,0.0,0.0
7,10,57.15639114379883,68.84300994873047,67.49694061279297,80.84900665283203,M.,1,2,1,707,,Astragalus,,,,author_1_2,,,,,238.15162976582846,286.84587478637695,281.237252553304,336.8708610534668,0.0,0.0
8,11,71.06193542480469,68.84300994873047,90.8728256225586,80.84900665283203,Bieb.,1,2,2,707,,Astragalus,,,,author_1_2,,,,,296.09139760335285,286.84587478637695,378.63677342732746,336.8708610534668,0.0,0.0
9,12,30.719999313354492,78.44298553466797,74.01600646972656,90.44898223876953,mossulensis,1,3,0,707,Astragalus,Astragalus,mossulensis,Astragalus_mossulensis_1_3,Bge ,,,,species,,127.99999713897705,326.8457730611165,308.40002695719403,376.87075932820636,0.0,0.0
10,13,77.55426788330078,78.44298553466797,91.69839477539062,90.44898223876953,Bge,1,3,1,707,,Astragalus,,,,author_1_3,,,,,323.1427828470866,326.8457730611165,382.07664489746094,376.87075932820636,0.0,0.0
11,14,30.719999313354492,89.91201782226562,78.27200317382812,99.68002319335938,mouterdeianus,1,4,0,707,Astragalus,Astragalus,mouterdeianus,Astragalus_mouterdeianus_1_4,Eig ,,,,species,,127.99999713897705,374.63340759277344,326.1333465576172,415.33342997233075,0.0,0.0
12,15,81.34693908691406,89.09602355957031,93.51007843017578,99.76802062988281,Eig,1,4,1,707,,Astragalus,,,,author_1_4,,,,,338.9455795288086,371.23343149820965,389.6253267923991,415.70008595784503,0.0,0.0
13,16,30.719999313354492,99.75198364257812,61.832000732421875,109.51998901367188,nqftolskyi,1,5,0,707,Astragalus,Astragalus,nqftolskyi,Astragalus_nqftolskyi_1_5,Eig ,,,,species,,127.99999713897705,415.6332651774089,257.6333363850911,456.3332875569661,0.0,0.0
14,17,67.66706085205078,98.93598937988281,79.8302001953125,109.60798645019531,Eig,1,5,1,707,,Astragalus,,,,author_1_5,,,,,281.9460868835449,412.23328908284503,332.62583414713544,456.69994354248047,0.0,0.0
15,18,30.719999313354492,107.72301483154297,77.21337127685547,119.72901153564453,neurocarpus,1,6,0,707,Astragalus,Astragalus,neurocarpus,Astragalus_neurocarpus_1_6,Boiss. ,,,,species,,127.99999713897705,448.845895131429,321.72238032023114,498.87088139851886,0.0,0.0
16,19,81.81587982177734,107.72301483154297,103.11276245117188,119.72901153564453,Boiss.,1,6,1,707,,Astragalus,,,,author_1_6,,,,,340.8994992574056,448.845895131429,429.6365102132161,498.87088139851886,0.0,0.0
17,20,30.479999542236328,118.48101043701172,61.98899459838867,129.47000122070312,nitidulus,1,7,0,707,Astragalus,Astragalus,nitidulus,Astragalus_nitidulus_1_7,Hand.-Mazz'. ,,,,species,,126.99999809265137,493.67087682088214,258.28747749328613,539.4583384195963,0.0,0.0
18,21,64.15804290771484,117.5630111694336,116.07685089111328,129.5690155029297,Hand.-Mazz'.,1,7,1,707,,Astragalus,,,,author_1_7,,,,,267.3251787821452,489.84587987263996,483.6535453796387,539.8708979288737,0.0,0.0
19,22,30.719999313354492,127.16301727294922,71.15699768066406,139.1690216064453,nucleiferus,1,8,0,707,Astragalus,Astragalus,nucleiferus,Astragalus_nucleiferus_1_8,Boiss. ,,,,species,,127.99999713897705,529.8459053039551,296.4874903361003,579.8709233601888,0.0,0.0
20,23,75.09620666503906,127.16301727294922,96.3930892944336,139.1690216064453,Boiss.,1,8,1,707,,Astragalus,,,,author_1_8,,,,,312.9008611043294,529.8459053039551,401.63787206013996,579.8709233601888,0.0,0.0
21,24,30.239999771118164,137.6809844970703,77.70162200927734,148.66998291015625,nummularius,1,9,0,707,Astragalus,Astragalus,nummularius,Astragalus_nummularius_1_9,L. ,,,,species,,125.99999904632568,573.670768737793,323.75675837198895,619.458262125651,0.0,0.0
22,25,79.20134735107422,136.7629852294922,87.08963775634766,148.7689971923828,L.,1,9,1,707,,Astragalus,,,,author_1_9,,,,,330.00561396280926,569.8457717895508,362.87349065144855,619.8708216349283,0.0,0.0
23,26,30.239999771118164,147.52098083496094,73.7459945678711,158.50997924804688,nusairiensis,1,10,0,707,Astragalus,Astragalus,nusairiensis,Astragalus_nusairiensis_1_10,Eig et Sam. ,,,,species,,125.99999904632568,614.6707534790039,307.2749773661296,660.4582468668619,0.0,0.0
24,27,75.75074768066406,146.6029815673828,88.38414001464844,158.60899353027344,Eig,1,10,1,707,,Astragalus,,,,author_1_10,,,,,315.6281153361003,610.8457565307617,368.26725006103516,660.8708063761393,0.0,0.0
25,28,90.54332733154297,146.6029815673828,97.16544342041016,158.60899353027344,et,1,10,2,707,,Astragalus,,,,author_1_10,,,,,377.263863881429,610.8457565307617,404.856014251709,660.8708063761393,0.0,0.0
26,29,99.17066192626953,146.6029815673828,118.23719024658203,158.60899353027344,Sam.,1,10,3,707,,Astragalus,,,,author_1_10,,,,,413.21109135945636,610.8457565307617,492.6549593607585,660.8708063761393,0.0,0.0
27,30,30.479999542236328,156.88099670410156,73.92247772216797,167.8699951171875,nusairiensis,1,11,0,707,Astragalus,Astragalus,nusairiensis,Astragalus_nusairiensis_1_11,Reçh. fil. ,,,,species,,126.99999809265137,653.6708196004232,308.0103238423665,699.4583129882812,0.0,0.0
28,31,75.42227935791016,155.96299743652344,97.57488250732422,167.96900939941406,Reçh.,1,11,1,707,,Astragalus,,,,author_1_11,,,,,314.25949732462567,649.845822652181,406.56201044718426,699.8708724975586,0.0,0.0
29,32,99.07469177246094,155.96299743652344,109.84993743896484,167.96900939941406,fil.,1,11,2,707,,Astragalus,,,,author_1_11,,,,,412.8112157185872,649.845822652181,457.7080726623535,699.8708724975586,0.0,0.0
30,33,30.479999542236328,165.56300354003906,63.27275085449219,177.5690155029297,odoratus,1,12,0,707,Astragalus,Astragalus,odoratus,Astragalus_odoratus_1_12,Lam. ,,,,species,,126.99999809265137,689.8458480834961,263.63646189371747,739.8708979288737,0.0,0.0
31,34,67.84774017333984,165.56300354003906,87.75642395019531,177.5690155029297,Lam.,1,12,1,707,,Astragalus,,,,author_1_12,,,,,282.698917388916,689.8458480834961,365.65176645914715,739.8708979288737,0.0,0.0
32,35,30.479999542236328,175.1630096435547,72.82500457763672,187.1690216064453,oocephalus,1,13,0,707,Astragalus,Astragalus,oocephalus,Astragalus_oocephalus_1_13,Boiss. ,,,,species,,126.99999809265137,729.8458735148112,303.4375190734863,779.8709233601888,0.0,0.0
33,36,75.81578826904297,175.1630096435547,97.1126708984375,187.1690216064453,Boiss.,1,13,1,707,,Astragalus,,,,author_1_13,,,,,315.899117787679,729.8458735148112,404.63612874348956,779.8709233601888,0.0,0.0
34,37,30.719999313354492,184.5229949951172,67.07280731201172,196.5290069580078,oxyglottis,1,14,0,707,Astragalus,Astragalus,oxyglottis,Astragalus_oxyglottis_1_14,Stev. ,,,,species,,127.99999713897705,768.8458124796549,279.4700304667155,818.8708623250326,0.0,0.0
35,38,71.61612701416016,184.5229949951172,90.15534973144531,196.5290069580078,Stev.,1,14,1,707,,Astragalus,,,,author_1_14,,,,,298.4005292256673,768.8458124796549,375.6472905476888,818.8708623250326,0.0,0.0
36,39,30.479999542236328,195.08299255371094,71.28779602050781,207.08900451660156,oxyphyllus,1,15,0,707,Astragalus,Astragalus,oxyphyllus,Astragalus_oxyphyllus_1_15,Boiss. et Hausskn. ,,,,species,,126.99999809265137,812.8458023071289,297.03248341878253,862.8708521525065,0.0,0.0
37,40,75.6962661743164,195.08299255371094,96.99314880371094,207.08900451660156,Boiss.,1,15,1,707,,Astragalus,,,,author_1_15,,,,,315.4011090596517,812.8458023071289,404.1381200154622,862.8708521525065,0.0,0.0
38,41,101.89067840576172,195.08299255371094,108.42963409423828,207.08900451660156,et,1,15,2,707,,Astragalus,,,,author_1_15,,,,,424.5444933573405,812.8458023071289,451.7901420593262,862.8708521525065,0.0,0.0
39,42,112.59258270263672,195.08299255371094,147.03073120117188,207.08900451660156,Hausskn.,1,15,3,707,,Astragalus,,,,author_1_15,,,,,469.1357612609863,812.8458023071289,612.6280466715494,862.8708521525065,0.0,0.0
40,43,30.239999771118164,204.68299865722656,56.96406173706055,216.6890106201172,pabotii,1,16,0,707,Astragalus,Astragalus,pabotii,Astragalus_pabotii_1_16,Moût. ,,,,species,,125.99999904632568,852.845827738444,237.3502572377523,902.8708775838217,0.0,0.0
41,44,61.100868225097656,204.68299865722656,84.39927673339844,216.6890106201172,Moût.,1,16,1,707,,Astragalus,,,,author_1_16,,,,,254.5869509379069,852.845827738444,351.66365305582684,902.8708775838217,0.0,0.0
42,45,30.479999542236328,214.2830047607422,72.1649398803711,226.2890167236328,palaestinus,1,17,0,707,Astragalus,Astragalus,palaestinus,Astragalus_palaestinus_1_17,Eig ,,,,species,,126.99999809265137,892.8458531697592,300.6872495015462,942.8709030151367,0.0,0.0
43,46,75.93684387207031,214.2830047607422,88.7286376953125,226.2890167236328,Eig,1,17,1,707,,Astragalus,,,,author_1_17,,,,,316.4035161336263,892.8458531697592,369.70265706380206,942.8709030151367,0.0,0.0
44,47,29.280000686645508,225.51199340820312,67.94400024414062,235.27999877929688,palmyrensis,1,18,0,707,Astragalus,Astragalus,palmyrensis,Astragalus_palmyrensis_1_18,Post ,,,,species,,122.00000286102295,939.6333058675131,283.1000010172526,980.3333282470703,0.0,0.0
45,48,73.38306427001953,224.6959991455078,88.54391479492188,235.3679962158203,Post,1,18,1,707,,Astragalus,,,,author_1_18,,,,,305.76276779174805,936.2333297729492,368.9329783121745,980.6999842325846,0.0,0.0
46,49,30.479999542236328,233.4829864501953,74.74191284179688,245.48899841308594,pentaglottis,1,19,0,707,Astragalus,Astragalus,pentaglottis,Astragalus_pentaglottis_1_19,L. ,,,,species,,126.99999809265137,972.8457768758138,311.4246368408203,1022.8708267211914,0.0,0.0
47,50,78.32967376708984,233.4829864501953,86.24175262451172,245.48899841308594,L.,1,19,1,707,,Astragalus,,,,author_1_19,,,,,326.3736406962077,972.8457768758138,359.3406359354655,1022.8708267211914,0.0,0.0
48,52,30.239999771118164,243.08299255371094,69.5855712890625,255.08900451660156,pinetorum,2,0,0,707,Astragalus,Astragalus,pinetorum,Astragalus_pinetorum_2_0,Boiss. ,,,,species,,125.99999904632568,1012.8458023071289,289.93988037109375,1062.8708521525066,0.0,0.0
49,53,74.13560485839844,243.08299255371094,95.43248748779297,255.08900451660156,Boiss.,2,0,1,707,,Astragalus,,,,author_2_0,,,,,308.89835357666016,1012.8458023071289,397.6353645324707,1062.8708521525066,0.0,0.0
50,54,30.239999771118164,253.1630096435547,72.8659896850586,265.16900634765625,platyfaphis,2,1,0,707,Astragalus,Astragalus,platyfaphis,Astragalus_platyfaphis_2_1,Fisch. ,,,,species,,125.99999904632568,1054.8458735148113,303.6082903544108,1104.8708597819011,0.0,0.0
51,55,77.85063934326172,253.1630096435547,100.23255920410156,265.16900634765625,Fisch.,2,1,1,707,,Astragalus,,,,author_2_1,,,,,324.37766393025714,1054.8458735148113,417.63566335042316,1104.8708597819011,0.0,0.0
52,56,29.280000686645508,264.1520080566406,46.88615798950195,273.9200134277344,postii,2,2,0,707,Astragalus,Astragalus,postii,Astragalus_postii_2_2,Eig ,,,,species,,122.00000286102295,1100.6333669026692,195.3589916229248,1141.3333892822266,0.0,0.0
53,57,52.629150390625,263.33599853515625,64.95069122314453,274.00799560546875,Eig,2,2,1,707,,Astragalus,,,,author_2_2,,,,,219.28812662760416,1097.2333272298176,270.62788009643555,1141.6999816894531,0.0,0.0
54,58,29.040000915527344,273.5119934082031,69.04000091552734,283.2799987792969,pseudostella,2,3,0,707,Astragalus,Astragalus,pseudostella,Astragalus_pseudostella_2_3,Del. ,,,,species,,121.00000381469727,1139.633305867513,287.66667048136395,1180.3333282470703,0.0,0.0
55,59,73.72171020507812,272.69598388671875,88.88158416748047,283.36798095703125,Del.,2,3,1,707,,Astragalus,,,,author_2_3,,,,,307.1737925211589,1136.2332661946614,370.33993403116864,1180.6999206542969,0.0,0.0
56,60,30.0,281.9630126953125,75.30142211914062,293.968994140625,psilodontius,2,4,0,707,Astragalus,Astragalus,psilodontius,Astragalus_psilodontius_2_4,Boiss. ,,,,species,,125.0,1174.8458862304688,313.75592549641925,1224.8708089192708,0.0,0.0
57,61,80.13658142089844,281.9630126953125,101.43346405029297,293.968994140625,Boiss.,2,4,1,707,,Astragalus,,,,author_2_4,,,,,333.90242258707684,1174.8458862304688,422.6394335428874,1224.8708089192708,0.0,0.0
58,62,30.239999771118164,291.5630187988281,67.17599487304688,303.5690002441406,qàtmeftsis,2,5,0,707,Astragalus,Astragalus,qàtmeftsis,Astragalus_qàtmeftsis_2_5,Thiéb. ,,,,species,,125.99999904632568,1214.845911661784,279.8999786376953,1264.870834350586,0.0,0.0
59,63,71.68729400634766,291.5630187988281,96.62946319580078,303.5690002441406,Thiéb.,2,5,1,707,,Astragalus,,,,author_2_5,,,,,298.6970583597819,1214.845911661784,402.6227633158366,1264.870834350586,0.0,0.0
60,64,30.0,301.16302490234375,60.613773345947266,313.16900634765625,radiatus,2,6,0,707,Astragalus,Astragalus,radiatus,Astragalus_radiatus_2_6,Ehr. ,,,,species,,125.0,1254.8459370930989,252.55738894144693,1304.8708597819011,0.0,0.0
61,65,65.67762756347656,301.16302490234375,81.99183654785156,313.16900634765625,Ehr.,2,6,1,707,,Astragalus,,,,author_2_6,,,,,273.65678151448566,1254.8459370930989,341.63265228271484,1304.8708597819011,0.0,0.0
62,66,29.760000228881836,312.1610107421875,80.25000762939453,323.1499938964844,rascheyaensis,2,7,0,707,Astragalus,Astragalus,rascheyaensis,Astragalus_rascheyaensis_2_7,Freyn et Bornnu ,,,,species,,124.00000095367432,1300.670878092448,334.37503178914386,1346.4583079020183,0.0,0.0
63,67,82.36900329589844,311.2430114746094,104.65400695800781,323.2489929199219,Freyn,2,7,1,707,,Astragalus,,,,author_2_7,,,,,343.20418039957684,1296.8458811442058,436.05836232503253,1346.8708038330078,0.0,0.0
64,68,106.7726058959961,311.2430114746094,113.4244155883789,323.2489929199219,et,2,7,2,707,,Astragalus,,,,author_2_7,,,,,444.8858578999837,1296.8458811442058,472.6017316182454,1346.8708038330078,0.0,0.0
65,69,115.41841888427734,311.2430114746094,143.52841186523438,323.2489929199219,Bornnu,2,7,3,707,,Astragalus,,,,author_2_7,,,,,480.91007868448895,1296.8458811442058,598.0350494384766,1346.8708038330078,0.0,0.0
66,70,30.0,322.72100830078125,62.75748062133789,333.7099914550781,rauwolfii,2,8,0,707,Astragalus,Astragalus,rauwolfii,Astragalus_rauwolfii_2_8,Pali. ,,,,species,,125.0,1344.6708679199219,261.4895025889079,1390.4582977294922,0.0,0.0
67,71,64.25699615478516,321.8030090332031,81.4024658203125,333.8089904785156,Pali.,2,8,1,707,,Astragalus,,,,author_2_8,,,,,267.7374839782715,1340.8458709716797,339.17694091796875,1390.8707936604817,0.0,0.0
68,72,30.239999771118164,330.9230041503906,75.04542541503906,342.9289855957031,roussaeanus,2,9,0,707,Astragalus,Astragalus,roussaeanus,Astragalus_roussaeanus_2_9,Boiss. ,,,,species,,125.99999904632568,1378.8458506266277,312.6892725626628,1428.8707733154297,0.0,0.0
69,73,78.7331771850586,330.9230041503906,100.23301696777344,342.9289855957031,Boiss.,2,9,1,707,,Astragalus,,,,author_2_9,,,,,328.05490493774414,1378.8458506266277,417.63757069905597,1428.8707733154297,0.0,0.0
70,74,30.239999771118164,340.0429992675781,58.65597915649414,352.0489807128906,russellii,2,10,0,707,Astragalus,Astragalus,russellii,Astragalus_russellii_2_10,Banks et Sol. ,,,,species,,125.99999904632568,1416.8458302815754,244.39991315205893,1466.8707529703777,0.0,0.0
71,75,62.9476318359375,340.0429992675781,85.32955169677734,352.0489807128906,Banks,2,10,1,707,,Astragalus,,,,author_2_10,,,,,262.28179931640625,1416.8458302815754,355.53979873657227,1466.8707529703777,0.0,0.0
72,76,89.11654663085938,340.0429992675781,96.07654571533203,352.0489807128906,et,2,10,2,707,,Astragalus,,,,author_2_10,,,,,371.3189442952474,1416.8458302815754,400.3189404805501,1466.8707529703777,0.0,0.0
73,77,100.11609649658203,340.1239929199219,114.38313293457031,352.5889892578125,Sol.,2,10,3,707,,Astragalus,,,,author_2_10,,,,,417.1504020690918,1417.1833038330078,476.5963872273763,1469.1207885742188,0.0,0.0
74,78,30.0,351.0320129394531,70.9226303100586,360.8000183105469,samuelssonii,2,11,0,707,Astragalus,Astragalus,samuelssonii,Astragalus_samuelssonii_2_11,Eig ,,,,species,,125.0,1462.6333872477214,295.51095962524414,1503.3334096272786,0.0,0.0
75,79,76.14883422851562,350.21600341796875,88.47037506103516,360.88800048828125,Eig,2,11,1,707,,Astragalus,,,,author_2_11,,,,,317.28680928548175,1459.2333475748699,368.62656275431317,1503.7000020345051,0.0,0.0
76,80,29.760000228881836,359.2430114746094,56.98301696777344,371.2489929199219,sanctus,2,12,0,707,Astragalus,Astragalus,sanctus,Astragalus_sanctus_2_12,Boiss. ,,,,species,,124.00000095367432,1496.8458811442058,237.42923736572266,1546.8708038330078,0.0,0.0
77,81,60.696510314941406,359.2430114746094,81.99339294433594,371.2489929199219,Boiss.,2,12,1,707,,Astragalus,,,,author_2_12,,,,,252.90212631225586,1496.8458811442058,341.6391372680664,1546.8708038330078,0.0,0.0
78,82,29.760000228881836,368.3630065917969,66.95999908447266,380.3689880371094,schimperi,2,13,0,707,Astragalus,Astragalus,schimperi,Astragalus_schimperi_2_13,Boiss. ,,,,species,,124.00000095367432,1534.8458607991536,278.99999618530273,1584.8707834879558,0.0,0.0
79,83,70.33293151855469,368.3630065917969,91.83277130126953,380.3689880371094,Boiss.,2,13,1,707,,Astragalus,,,,author_2_13,,,,,293.0538813273112,1534.8458607991536,382.63654708862305,1584.8707834879558,0.0,0.0
80,84,30.0,378.4429931640625,76.20726013183594,390.448974609375,schizopterus,2,14,0,707,Astragalus,Astragalus,schizopterus,Astragalus_schizopterus_2_14,Boiss. ,,,,species,,125.0,1576.8458048502605,317.5302505493164,1626.8707275390625,0.0,0.0
81,85,80.65335083007812,378.4429931640625,102.15319061279297,390.448974609375,Boiss.,2,14,1,707,,Astragalus,,,,author_2_14,,,,,336.0556284586589,1576.8458048502605,425.6382942199707,1626.8707275390625,0.0,0.0
82,86,29.760000228881836,388.04302978515625,71.01824951171875,400.04901123046875,scorpioides,2,15,0,707,Astragalus,Astragalus,scorpioides,Astragalus_scorpioides_2_15,Pourr. ,,,,species,,124.00000095367432,1616.8459574381511,295.9093729654948,1666.8708801269531,0.0,0.0
83,87,76.00389099121094,388.04302978515625,99.75202178955078,400.04901123046875,Pourr.,2,15,1,707,,Astragalus,,,,author_2_15,,,,,316.6828791300456,1616.8459574381511,415.63342412312824,1666.8708801269531,0.0,0.0
84,88,29.760000228881836,397.64300537109375,70.93311309814453,409.64898681640625,selemiensis,2,16,0,707,Astragalus,Astragalus,selemiensis,Astragalus_selemiensis_2_16,Moût. ,,,,species,,124.00000095367432,1656.8458557128906,295.55463790893555,1706.8707784016926,0.0,0.0
85,89,75.54935455322266,397.64300537109375,99.03994750976562,409.64898681640625,Moût.,2,16,1,707,,Astragalus,,,,author_2_16,,,,,314.7889773050944,1656.8458557128906,412.66644795735675,1706.8707784016926,0.0,0.0
86,90,29.760000228881836,408.6319885253906,70.20000457763672,418.3999938964844,semaanensis,2,17,0,707,Astragalus,Astragalus,semaanensis,Astragalus_semaanensis_2_17,Eig ,,,,species,,124.00000095367432,1702.633285522461,292.5000190734863,1743.3333079020183,0.0,0.0
87,91,73.74915313720703,407.81597900390625,86.07069396972656,418.48797607421875,Eig,2,17,1,707,,Astragalus,,,,author_2_17,,,,,307.288138071696,1699.2332458496094,358.62789154052734,1743.6999003092449,0.0,0.0
88,92,29.760000228881836,417.322998046875,63.75956726074219,429.3289794921875,sesameus,2,18,0,707,Astragalus,Astragalus,sesameus,Astragalus_sesameus_2_18,L. ,,,,species,,124.00000095367432,1738.8458251953125,265.6648635864258,1788.8707478841145,0.0,0.0
89,93,68.57196044921875,417.322998046875,76.47216033935547,429.3289794921875,L.,2,18,1,707,,Astragalus,,,,author_2_18,,,,,285.7165018717448,1738.8458251953125,318.63400141398114,1788.8707478841145,0.0,0.0
90,94,29.760000228881836,427.3609924316406,54.09729766845703,438.3499755859375,sieberi,2,19,0,707,Astragalus,Astragalus,sieberi,Astragalus_sieberi_2_19,D.C. ,,,,species,,124.00000095367432,1780.6708017985027,225.4054069519043,1826.458231608073,0.0,0.0
91,95,55.59739303588867,426.4429931640625,73.88463592529297,438.448974609375,D.C.,2,19,1,707,,Astragalus,,,,author_2_19,,,,,231.6558043162028,1776.8458048502605,307.8526496887207,1826.8707275390625,0.0,0.0
92,96,29.760000228881836,437.2010192871094,63.762001037597656,448.19000244140625,sintenesii,2,20,0,707,Astragalus,Astragalus,sintenesii,Astragalus_sintenesii_2_20,Freyn ,,,,species,,124.00000095367432,1821.670913696289,265.67500432332355,1867.4583435058594,0.0,0.0
93,97,65.26200103759766,436.28302001953125,87.16300201416016,448.28900146484375,Freyn,2,20,1,707,,Astragalus,,,,author_2_20,,,,,271.92500432332355,1817.8459167480469,363.17917505900067,1867.8708394368489,0.0,0.0
94,98,29.760000228881836,447.0830078125,64.92776489257812,459.0889892578125,sofarensis,2,21,0,707,Astragalus,Astragalus,sofarensis,Astragalus_sofarensis_2_21,Thiéb. ,,,,species,,124.00000095367432,1862.8458658854167,270.5323537190755,1912.8707885742188,0.0,0.0
95,99,70.08818054199219,447.0830078125,95.42927551269531,459.0889892578125,Thiéb.,2,21,1,707,,Astragalus,,,,author_2_21,,,,,292.0340855916341,1862.8458658854167,397.62198130289715,1912.8707885742188,0.0,0.0
96,100,29.760000228881836,455.4830322265625,78.37296295166016,467.489013671875,spicaeiformis,2,22,0,707,Astragalus,Astragalus,spicaeiformis,Astragalus_spicaeiformis_2_22,Eig ,,,,species,,124.00000095367432,1897.845967610677,326.554012298584,1947.8708902994792,0.0,0.0
97,101,83.40995788574219,455.4830322265625,96.17095947265625,467.489013671875,Eig,2,22,1,707,,Astragalus,,,,author_2_22,,,,,347.54149119059247,1897.845967610677,400.7123311360677,1947.8708902994792,0.0,0.0
98,102,29.760000228881836,465.322998046875,60.6905632019043,477.3289794921875,spinosus,2,23,0,707,Astragalus,Astragalus,spinosus,Astragalus_spinosus_2_23,(Forssk.) Muschl. ,,,,species,,124.00000095367432,1938.8458251953125,252.87734667460123,1988.8707478841145,0.0,0.0
99,103,67.33247375488281,465.322998046875,99.08277893066406,477.3289794921875,(Forssk.),2,23,1,707,,Astragalus,,,,author_2_23,,,,,280.5519739786784,1938.8458251953125,412.8449122111003,1988.8707478841145,0.0,0.0
100,104,105.47916412353516,465.322998046875,135.99293518066406,477.3289794921875,Muschl.,2,23,2,707,,Astragalus,,,,author_2_23,,,,,439.4965171813965,1938.8458251953125,566.6372299194336,1988.8707478841145,0.0,0.0
101,105,29.760000228881836,474.9230041503906,69.7748031616211,486.9289855957031,squarrosus,2,24,0,707,Astragalus,Astragalus,squarrosus,Astragalus_squarrosus_2_24,Bge ,,,,species,,124.00000095367432,1978.8458506266277,290.7283465067546,2028.8707733154297,0.0,0.0
102,106,75.23564147949219,474.9230041503906,89.53816986083984,486.9289855957031,Bge,2,24,1,707,,Astragalus,,,,author_2_24,,,,,313.4818394978841,1978.8458506266277,373.07570775349933,2028.8707733154297,0.0,0.0
103,107,29.760000228881836,485.00299072265625,54.3842658996582,497.00897216796875,stojani,2,25,0,707,Astragalus,Astragalus,stojani,Astragalus_stojani_2_25,Nabelek ,,,,species,,124.00000095367432,2020.8457946777344,226.60110791524252,2070.8707173665366,0.0,0.0
104,108,59.3223876953125,485.00299072265625,90.18663787841797,497.00897216796875,Nabelek,2,25,1,707,,Astragalus,,,,author_2_25,,,,,247.1766153971354,2020.8457946777344,375.7776578267415,2070.8707173665366,0.0,0.0
105,109,29.760000228881836,494.60302734375,70.68363189697266,506.6090087890625,stramineus,2,26,0,707,Astragalus,Astragalus,stramineus,Astragalus_stramineus_2_26,Boiss. et Ky ,,,,species,,124.00000095367432,2060.845947265625,294.51513290405273,2110.8708699544272,0.0,0.0
106,110,74.5139389038086,494.60302734375,95.81082153320312,506.6090087890625,Boiss.,2,26,1,707,,Astragalus,,,,author_2_26,,,,,310.4747454325358,2060.845947265625,399.2117563883464,2110.8708699544272,0.0,0.0
107,111,100.40640258789062,494.60302734375,107.04732513427734,506.6090087890625,et,2,26,2,707,,Astragalus,,,,author_2_26,,,,,418.3600107828776,2060.845947265625,446.03052139282227,2110.8708699544272,0.0,0.0
108,112,110.87763977050781,494.60302734375,121.97356414794922,506.6090087890625,Ky,2,26,3,707,,Astragalus,,,,author_2_26,,,,,461.9901657104492,2060.845947265625,508.2231839497884,2110.8708699544272,0.0,0.0
109,113,29.760000228881836,503.7230224609375,65.81976318359375,515.72900390625,suberosus,2,27,0,707,Astragalus,Astragalus,suberosus,Astragalus_suberosus_2_27,Banks et Sol. ,,,,species,,124.00000095367432,2098.8459269205728,274.24901326497394,2148.870849609375,0.0,0.0
110,114,69.70353698730469,503.7230224609375,92.2755355834961,515.72900390625,Banks,2,27,1,707,,Astragalus,,,,author_2_27,,,,,290.43140411376953,2098.8459269205728,384.4813982645671,2148.870849609375,0.0,0.0
111,115,96.1593017578125,503.7230224609375,102.7408218383789,515.72900390625,et,2,27,2,707,,Astragalus,,,,author_2_27,,,,,400.66375732421875,2098.8459269205728,428.0867576599121,2148.870849609375,0.0,0.0
112,116,106.62471771240234,503.7230224609375,120.86796569824219,515.72900390625,Sol.,2,27,3,707,,Astragalus,,,,author_2_27,,,,,444.26965713500977,2098.8459269205728,503.6165237426758,2148.870849609375,0.0,0.0
113,117,29.520000457763672,514.7120361328125,69.08000183105469,524.47998046875,supranubius,2,28,0,707,Astragalus,Astragalus,supranubius,Astragalus_supranubius_2_28,BgKim. ,,,,species,,123.00000190734863,2144.6334838867188,287.83334096272785,2185.333251953125,0.0,0.0
114,118,73.68359375,513.89599609375,101.60651397705078,524.5679931640625,BgKim.,2,28,1,707,,Astragalus,,,,author_2_28,,,,,307.0149739583333,2141.2333170572915,423.36047490437824,2185.6999715169272,0.0,0.0
115,119,29.760000228881836,523.4030151367188,68.40267181396484,535.4089965820312,surugensis,2,29,0,707,Astragalus,Astragalus,surugensis,Astragalus_surugensis_2_29,Boiss. et Hausskn. ,,,,species,,124.00000095367432,2180.8458964029946,285.01113255818683,2230.870819091797,0.0,0.0
116,120,72.26465606689453,523.4030151367188,93.56153869628906,535.4089965820312,Boiss.,2,29,1,707,,Astragalus,,,,author_2_29,,,,,301.10273361206055,2180.8458964029946,389.8397445678711,2230.870819091797,0.0,0.0
117,121,98.14722442626953,523.4030151367188,104.65152740478516,535.4089965820312,et,2,29,2,707,,Astragalus,,,,author_2_29,,,,,408.94676844278973,2180.8458964029946,436.0480308532715,2230.870819091797,0.0,0.0
118,122,108.75408172607422,523.4030151367188,143.19223022460938,535.4089965820312,Hausskn.,2,29,3,707,,Astragalus,,,,author_2_29,,,,,453.1420071919759,2180.8458964029946,596.6342926025391,2230.870819091797,0.0,0.0
119,123,30.0,533.0029907226562,75.45783233642578,545.0089721679688,tadmorensis,2,30,0,707,Astragalus,Astragalus,tadmorensis,Astragalus_tadmorensis_2_30,Eig et Sam. ,,,,species,,125.0,2220.8457946777344,314.4076347351074,2270.8707173665366,0.0,0.0
120,124,79.1416244506836,533.0029907226562,91.93341827392578,545.0089721679688,Eig,2,30,1,707,,Astragalus,,,,author_2_30,,,,,329.75676854451496,2220.8457946777344,383.05590947469074,2270.8707173665366,0.0,0.0
121,125,95.88055419921875,533.0029907226562,102.52246856689453,545.0089721679688,et,2,30,2,707,,Astragalus,,,,author_2_30,,,,,399.50230916341144,2220.8457946777344,427.17695236206055,2270.8707173665366,0.0,0.0
122,126,106.73294067382812,533.0029907226562,125.67263793945312,545.0089721679688,Sam.,2,30,3,707,,Astragalus,,,,author_2_30,,,,,444.7205861409505,2220.8457946777344,523.6359914143881,2270.8707173665366,0.0,0.0
123,127,30.239999771118164,542.60302734375,79.25093841552734,554.6090087890625,trachoniticus,2,31,0,707,Astragalus,Astragalus,trachoniticus,Astragalus_trachoniticus_2_31,Post ,,,,species,,125.99999904632568,2260.845947265625,330.2122433980306,2310.8708699544272,0.0,0.0
124,128,83.93363952636719,542.60302734375,99.34200286865234,554.6090087890625,Post,2,31,1,707,,Astragalus,,,,author_2_31,,,,,349.72349802652997,2260.845947265625,413.9250119527181,2310.8708699544272,0.0,0.0
125,129,30.0,552.2030029296875,87.68334197998047,564.208984375,transjordanicus,2,32,0,707,Astragalus,Astragalus,transjordanicus,Astragalus_transjordanicus_2_32,Sam. ,,,,species,,125.0,2300.8458455403647,365.34725824991864,2350.8707682291665,0.0,0.0
126,130,93.0531005859375,552.2030029296875,111.9927978515625,564.208984375,Sam.,2,32,1,707,,Astragalus,,,,author_2_32,,,,,387.72125244140625,2300.8458455403647,466.63665771484375,2350.8707682291665,0.0,0.0
127,131,30.0,561.8030395507812,70.03758239746094,573.8090209960938,tribuloides,2,33,0,707,Astragalus,Astragalus,tribuloides,Astragalus_tribuloides_2_33,Del. ,,,,species,,125.0,2340.8459981282554,291.8232599894206,2390.870920817057,0.0,0.0
128,132,74.57970428466797,561.8030395507812,90.39198303222656,573.8090209960938,Del.,2,33,1,707,,Astragalus,,,,author_2_33,,,,,310.7487678527832,2340.8459981282554,376.63326263427734,2390.870920817057,0.0,0.0
129,133,30.0,571.4030151367188,75.39447021484375,583.4089965820312,trichopterus,2,34,0,707,Astragalus,Astragalus,trichopterus,Astragalus_trichopterus_2_34,Boiss. ,,,,species,,125.0,2380.8458964029946,314.1436258951823,2430.870819091797,0.0,0.0
130,134,79.45347595214844,571.4030151367188,100.95331573486328,583.4089965820312,Boiss.,2,34,1,707,,Astragalus,,,,author_2_34,,,,,331.05614980061847,2380.8458964029946,420.63881556193036,2430.870819091797,0.0,0.0
131,135,30.0,581.0029907226562,73.05899810791016,593.0089721679688,trifoliolatus,2,35,0,707,Astragalus,Astragalus,trifoliolatus,Astragalus_trifoliolatus_2_35,Boiss. ,,,,species,,125.0,2420.8457946777344,304.4124921162923,2470.8707173665366,0.0,0.0
132,136,77.25560760498047,581.0029907226562,98.552490234375,593.0089721679688,Boiss.,2,35,1,707,,Astragalus,,,,author_2_35,,,,,321.89836502075195,2420.8457946777344,410.6353759765625,2470.8707173665366,0.0,0.0
133,137,30.0,590.363037109375,69.63465881347656,602.3690185546875,triradiatus,2,36,0,707,Astragalus,Astragalus,triradiatus,Astragalus_triradiatus_2_36,Bge ,,,,species,,125.0,2459.845987955729,290.14441172281903,2509.8709106445312,0.0,0.0
134,138,74.03520965576172,590.363037109375,88.33773803710938,602.3690185546875,Bge,2,36,1,707,,Astragalus,,,,author_2_36,,,,,308.4800402323405,2459.845987955729,368.07390848795575,2509.8709106445312,0.0,0.0
135,139,29.760000228881836,601.83203125,70.64800262451172,611.5999755859375,tuberculosus,2,37,0,707,Astragalus,Astragalus,tuberculosus,Astragalus_tuberculosus_2_37,D.C. ,,,,species,,124.00000095367432,2507.6334635416665,294.36667760213214,2548.3332316080728,0.0,0.0
136,140,73.51801300048828,601.0159912109375,91.04200744628906,611.68798828125,D.C.,2,37,1,707,,Astragalus,,,,author_2_37,,,,,306.3250541687012,2504.2332967122397,379.3416976928711,2548.699951171875,0.0,0.0
137,242,236.63999938964844,50.60301971435547,270.60491943359375,62.60901641845703,vexillaris,23,0,0,707,Astragalus,Astragalus,vexillaris,Astragalus_vexillaris_23_0,Boiss. ,,,,species,,985.9999974568685,210.8459154764811,1127.5204976399739,260.870901743571,1.0,1.0
138,243,273.5758972167969,50.60301971435547,294.872802734375,62.60901641845703,Boiss.,23,0,1,707,,Astragalus,,,,author_23_0,,,,,1139.8995717366536,210.8459154764811,1228.6366780598958,260.870901743571,1.0,1.0
139,244,236.8800048828125,59.72301483154297,273.9723815917969,71.72901153564453,zachlensis,23,1,0,707,Astragalus,Astragalus,zachlensis,Astragalus_zachlensis_23_1,Bge ,,,,species,,987.0000203450521,248.84589513142905,1141.5515899658203,298.87088139851886,1.0,1.0
140,245,277.4739990234375,59.72301483154297,291.6181640625,71.72901153564453,Bge,23,1,1,707,,Astragalus,,,,author_23_1,,,,,1156.1416625976562,248.84589513142905,1215.07568359375,298.87088139851886,1.0,1.0
141,246,236.63999938964844,70.0009994506836,282.6300048828125,80.98999786376953,zebedamenis,23,2,0,707,Astragalus,Astragalus,zebedamenis,Astragalus_zebedamenis_23_2,Freyn et Bornm. ,,,,species,,985.9999974568685,291.67083104451496,1177.625020345052,337.45832443237305,1.0,1.0
142,247,284.8406677246094,69.08300018310547,306.71270751953125,81.08899688720703,Freyn,23,2,1,707,,Astragalus,,,,author_23_2,,,,,1186.8361155192058,287.84583409627277,1277.9696146647136,337.8708203633626,1.0,1.0
143,248,309.24017333984375,69.08300018310547,315.8187255859375,81.08899688720703,et,23,2,2,707,,Astragalus,,,,author_23_2,,,,,1288.5007222493489,287.84583409627277,1315.911356608073,337.8708203633626,1.0,1.0
144,249,318.1877746582031,69.08300018310547,346.23150634765625,81.08899688720703,Bornm.,23,2,3,707,,Astragalus,,,,author_23_2,,,,,1325.7823944091797,287.84583409627277,1442.6312764485676,337.8708203633626,1.0,1.0
145,250,236.39999389648438,80.55197143554688,281.7279968261719,90.31997680664062,zemeraniensis,23,3,0,707,Astragalus,Astragalus,zemeraniensis,Astragalus_zemeraniensis_23_3,Eig ,,,,species,,984.9999745686849,335.6332143147786,1173.8666534423828,376.33323669433594,1.0,1.0
146,251,285.90875244140625,79.73597717285156,298.23028564453125,90.40797424316406,Eig,23,3,1,707,,Astragalus,,,,author_23_3,,,,,1191.2864685058594,332.23323822021484,1242.6261901855469,376.6998926798503,1.0,1.0
147,252,222.9600067138672,90.15200805664062,252.74400329589844,99.92001342773438,Astrantia,24,0,0,707,Astrantia,Astrantia,,,,,,,genus,,929.0000279744467,375.63336690266925,1053.1000137329102,416.33338928222656,1.0,2.0
148,253,235.67999267578125,99.75198364257812,264.1199951171875,109.51998901367188,prenticei,25,0,0,707,Astrantia,Astrantia,prenticei,Astrantia_prenticei_25_0,Post ,,,,species,,981.9999694824219,415.6332651774089,1100.499979654948,456.3332875569661,1.0,1.0
149,254,268.2631530761719,98.93598937988281,283.42401123046875,109.60798645019531,Post,25,0,1,707,,Astrantia,,,,author_25_0,,,,,1117.7631378173828,412.23328908284503,1180.9333801269531,456.69994354248047,1.0,1.0
150,255,222.9600067138672,107.72301483154297,269.8809814453125,119.72901153564453,Astrodaucus,26,0,0,707,Astrodaucus,Astrodaucus,,,,,,,genus,,929.0000279744467,448.845895131429,1124.5040893554688,498.87088139851886,1.0,2.0
151,256,236.39999389648438,117.32299041748047,279.8610534667969,129.32899475097656,leptocarpus,27,0,0,707,Astrodaucus,Astrodaucus,leptocarpus,Astrodaucus_leptocarpus_27_0,(Hochst.) Drude ,,,,species,,984.9999745686849,488.84579340616864,1166.0877227783203,538.8708114624023,1.0,1.0
152,257,286.3220520019531,117.32299041748047,321.3350830078125,129.32899475097656,(Hochst.),27,0,1,707,,Astrodaucus,,,,author_27_0,,,,,1193.008550008138,488.84579340616864,1338.8961791992188,538.8708114624023,1.0,1.0
153,258,327.79583740234375,117.32299041748047,351.6181945800781,129.32899475097656,Drude,27,0,2,707,,Astrodaucus,,,,author_27_0,,,,,1365.8159891764324,488.84579340616864,1465.0758107503254,538.8708114624023,1.0,1.0
154,259,236.39999389648438,126.9229965209961,271.0064697265625,138.9290008544922,orientalis,27,1,0,707,Astrodaucus,Astrodaucus,orientalis,Astrodaucus_orientalis_27_1,(L.) Drude ,,,,species,,984.9999745686849,528.8458188374838,1129.193623860677,578.8708368937174,1.0,1.0
155,260,276.4138488769531,126.9229965209961,290.2481384277344,138.9290008544922,(L.),27,1,1,707,,Astrodaucus,,,,author_27_1,,,,,1151.724370320638,528.8458188374838,1209.3672434488933,578.8708368937174,1.0,1.0
156,261,295.3971252441406,126.9229965209961,319.219482421875,138.9290008544922,Drude,27,1,2,707,,Astrodaucus,,,,author_27_1,,,,,1230.8213551839192,528.8458188374838,1330.0811767578125,578.8708368937174,1.0,1.0
157,262,222.47999572753906,138.15200805664062,247.99827575683594,147.92001342773438,Atriplex,28,0,0,707,Atriplex,Atriplex,,,,,,,genus,,926.9999821980795,575.6333669026693,1033.3261489868164,616.3333892822266,1.0,2.0
158,264,236.2499237060547,147.52098083496094,257.0369567871094,158.50997924804688,laevis,29,0,0,707,Atriplex,Atriplex,laevis,Atriplex_laevis_29_0,C'A. Mey. ,,,,species,,984.3746821085612,614.6707534790039,1070.987319946289,660.4582468668619,1.0,1.0
159,265,259.620849609375,146.6029815673828,276.7340393066406,158.60899353027344,C'A.,29,0,1,707,,Atriplex,,,,author_29_0,,,,,1081.7535400390625,610.8457565307617,1153.0584971110027,660.8708063761393,1.0,1.0
160,266,279.7159118652344,146.6029815673828,299.3119812011719,158.60899353027344,Mey.,29,0,2,707,,Atriplex,,,,author_29_0,,,,,1165.4829661051433,610.8457565307617,1247.1332550048828,660.8708063761393,1.0,1.0
161,267,236.39999389648438,156.64100646972656,267.3876647949219,167.6300048828125,littoralis,29,1,0,707,Atriplex,Atriplex,littoralis,Atriplex_littoralis_29_1,L. ,,,,species,,984.9999745686849,652.6708602905273,1114.115269978841,698.4583536783854,1.0,1.0
162,268,268.88739013671875,155.72300720214844,276.7756652832031,167.72901916503906,L.,29,1,1,707,,Atriplex,,,,author_29_1,,,,,1120.3641255696614,648.8458633422852,1153.231938680013,698.8709131876627,1.0,1.0
163,269,222.47999572753906,165.32298278808594,258.6809997558594,177.32899475097656,Àubrietia,30,0,0,707,Àubrietia,Àubrietia,,,,,,,genus,,926.9999821980795,688.8457616170248,1077.8374989827473,738.8708114624023,1.0,2.0
164,270,236.16000366210938,175.8409881591797,272.6197509765625,186.82998657226562,cdnescens,31,0,0,707,Àubrietia,Àubrietia,cdnescens,Àubrietia_cdnescens_31_0,(Boiss.) Bornm. ,,,,species,,984.0000152587891,732.670783996582,1135.9156290690105,778.4582773844401,1.0,1.0
165,271,274.1196594238281,174.92298889160156,301.05621337890625,186.9290008544922,(Boiss.),31,0,1,707,,Àubrietia,,,,author_31_0,,,,,1142.165247599284,728.8457870483398,1254.4008890787761,778.8708368937174,1.0,1.0
166,272,302.55596923828125,174.92298889160156,331.0213317871094,186.9290008544922,Bornm.,31,0,2,707,,Àubrietia,,,,author_31_0,,,,,1260.6498718261719,728.8457870483398,1379.2555491129558,778.8708368937174,1.0,1.0
167,273,236.16000366210938,184.5229949951172,273.26129150390625,196.5290069580078,libanotica,31,1,0,707,Àubrietia,Àubrietia,libanotica,Àubrietia_libanotica_31_1,Boiss. ,,,,species,,984.0000152587891,768.8458124796549,1138.5887145996094,818.8708623250326,1.0,1.0
168,274,276.4560241699219,184.5229949951172,297.7529296875,196.5290069580078,Boiss.,31,1,1,707,,Àubrietia,,,,author_31_1,,,,,1151.9001007080078,768.8458124796549,1240.63720703125,818.8708623250326,1.0,1.0
169,275,235.9199981689453,194.1230010986328,272.2371520996094,206.12901306152344,parviflora,31,2,0,707,Àubrietia,Àubrietia,parviflora,Àubrietia_parviflora_31_2,Boiss. ,,,,species,,982.9999923706055,808.8458379109701,1134.3214670817058,858.8708877563477,1.0,1.0
170,276,276.2159729003906,194.1230010986328,297.51287841796875,206.12901306152344,Boiss.,31,2,1,707,,Àubrietia,,,,author_31_2,,,,,1150.899887084961,808.8458379109701,1239.6369934082031,858.8708877563477,1.0,1.0
171,277,222.47999572753906,204.68299865722656,246.53501892089844,216.6890106201172,Avena,32,0,0,707,Avena,Avena,,,,,,,genus,,926.9999821980795,852.845827738444,1027.2292455037434,902.8708775838217,1.0,2.0
172,278,236.16000366210938,215.2010040283203,252.00198364257812,226.19000244140625,alba,33,0,0,707,Avena,Avena,alba,Avena_alba_33_0,auct. ,,,,species,,984.0000152587891,896.6708501180013,1050.008265177409,942.4583435058594,1.0,1.0
173,279,255.1620635986328,214.2830047607422,273.5127258300781,226.2890167236328,auct.,33,0,1,707,,Avena,,,,author_33_0,,,,,1063.1752649943035,892.8458531697592,1139.6363576253254,942.8709030151367,1.0,1.0
174,280,236.16000366210938,223.8829803466797,265.3105773925781,235.8889923095703,barbata,33,1,0,707,Avena,Avena,barbata,Avena_barbata_33_1,Potter ,,,,species,,984.0000152587891,932.8457514444987,1105.4607391357422,982.8708012898763,1.0,1.0
175,281,270.23284912109375,223.8829803466797,292.7464904785156,235.8889923095703,Potter,33,1,1,707,,Avena,,,,author_33_1,,,,,1125.9702046712239,932.8457514444987,1219.7770436604817,982.8708012898763,1.0,1.0
176,282,236.16000366210938,233.0030059814453,279.9120788574219,245.00901794433594,ludoviciana,33,2,0,707,Avena,Avena,ludoviciana,Avena_ludoviciana_33_2,Dur. ,,,,species,,984.0000152587891,970.8458582560221,1166.300328572591,1020.8709081013998,1.0,1.0
177,283,285.2759094238281,233.0030059814453,302.5523986816406,245.00901794433594,Dur.,33,2,1,707,,Avena,,,,author_33_2,,,,,1188.649622599284,970.8458582560221,1260.634994506836,1020.8709081013998,1.0,1.0
178,284,236.16000366210938,243.08299255371094,259.9853515625,255.08900451660156,sterilis,33,3,0,707,Avena,Avena,sterilis,Avena_sterilis_33_3,L. ,,,,species,,984.0000152587891,1012.8458023071289,1083.2722981770833,1062.8708521525066,1.0,1.0
179,285,264.25323486328125,243.08299255371094,272.0732421875,255.08900451660156,L.,33,3,1,707,,Avena,,,,author_33_3,,,,,1101.0551452636719,1012.8458023071289,1133.6385091145833,1062.8708521525066,1.0,1.0
180,287,222.47999572753906,292.76300048828125,256.7983703613281,304.76898193359375,Barbarea,35,0,0,707,Barbarea,Barbarea,,,,,,,genus,,926.9999821980795,1219.8458353678386,1069.9932098388672,1269.8707580566406,1.0,2.0
181,288,236.16000366210938,302.3630065917969,258.4320373535156,314.3689880371094,minor,36,0,0,707,Barbarea,Barbarea,minor,Barbarea_minor_36_0,C. Koch ,,,,species,,984.0000152587891,1259.8458607991536,1076.8001556396484,1309.8707834879558,1.0,1.0
182,289,262.3851013183594,302.3630065917969,270.8218994140625,314.3689880371094,C.,36,0,1,707,,Barbarea,,,,author_36_0,,,,,1093.271255493164,1259.8458607991536,1128.424580891927,1309.8707834879558,1.0,1.0
183,290,275.3026428222656,302.3630065917969,295.4927062988281,314.3689880371094,Koch,36,0,2,707,,Barbarea,,,,author_36_0,,,,,1147.0943450927734,1259.8458607991536,1231.2196095784504,1309.8707834879558,1.0,1.0
184,291,236.16000366210938,311.9630126953125,280.5219421386719,323.968994140625,plantaginea,36,1,0,707,Barbarea,Barbarea,plantaginea,Barbarea_plantaginea_36_1,D.C. ,,,,species,,984.0000152587891,1299.8458862304688,1168.8414255777996,1349.8708089192708,1.0,1.0
185,292,285.0491943359375,311.9630126953125,303.27313232421875,323.968994140625,D.C.,36,1,1,707,,Barbarea,,,,author_36_1,,,,,1187.7049763997395,1299.8458862304688,1263.6380513509114,1349.8708089192708,1.0,1.0
186,293,222.47999572753906,322.72100830078125,244.9709930419922,333.7099914550781,Behen,37,0,0,707,Behen,Behen,,,,,,,genus,,926.9999821980795,1344.6708679199219,1020.7124710083008,1390.4582977294922,1.0,2.0
187,294,236.39999389648438,332.3210144042969,265.90203857421875,343.30999755859375,vulgaris,38,0,0,707,Behen,Behen,vulgaris,Behen_vulgaris_38_0,Moench ,,,,species,,984.9999745686849,1384.670893351237,1107.9251607259114,1430.4583231608074,1.0,1.0
188,295,267.40203857421875,331.40301513671875,298.1650390625,343.40899658203125,Moench,38,0,1,707,,Behen,,,,author_38_0,,,,,1114.1751607259114,1380.8458964029949,1242.3543294270833,1430.8708190917969,1.0,1.0
189,296,222.72000122070312,340.76300048828125,259.4915771484375,352.76898193359375,Bellevalia,39,0,0,707,Bellevalia,Bellevalia,,,,,,,genus,,928.0000050862631,1419.8458353678386,1081.2149047851562,1469.8707580566406,1.0,2.0
190,297,236.39999389648438,350.3630065917969,262.99932861328125,362.3689880371094,douinii,40,0,0,707,Bellevalia,Bellevalia,douinii,Bellevalia_douinii_40_0,Pabot et Moût. ,,,,species,,984.9999745686849,1459.8458607991536,1095.8305358886719,1509.8707834879558,1.0,1.0
191,298,266.8712158203125,350.3630065917969,288.58587646484375,362.3689880371094,Pabot,40,0,1,707,,Bellevalia,,,,author_40_0,,,,,1111.963399251302,1459.8458607991536,1202.4411519368489,1509.8707834879558,1.0,1.0
192,299,292.457763671875,350.3630065917969,299.19671630859375,362.3689880371094,et,40,0,2,707,,Bellevalia,,,,author_40_0,,,,,1218.5740152994792,1459.8458607991536,1246.6529846191406,1509.8707834879558,1.0,1.0
193,300,303.0682678222656,350.3630065917969,326.558837890625,362.3689880371094,Moût.,40,0,3,707,,Bellevalia,,,,author_40_0,,,,,1262.7844492594402,1459.8458607991536,1360.6618245442708,1509.8707834879558,1.0,1.0
194,301,222.72000122070312,359.9630126953125,300.74188232421875,371.968994140625,BERBERIDACEAE,41,0,0,707,,,,,,,,,,,928.0000050862631,1499.8458862304688,1253.0911763509114,1549.8708089192708,1.0,2.0
195,302,222.47999572753906,369.8030090332031,253.2769317626953,381.8089904785156,Berberis,41,1,0,707,Berberis,Berberis,,,,,,,genus,,926.9999821980795,1540.8458709716797,1055.3205490112305,1590.8707936604817,1.0,2.0
196,303,236.16000366210938,381.0320129394531,258.3760070800781,390.8000183105469,eretica,42,0,0,707,Berberis,Berberis,eretica,Berberis_eretica_42_0,L. ,,,,species,,984.0000152587891,1587.6333872477214,1076.5666961669922,1628.3334096272786,1.0,1.0
197,304,261.0854187011719,380.21600341796875,268.6476135253906,390.88800048828125,L.,42,0,1,707,,Berberis,,,,author_42_0,,,,,1087.8559112548828,1584.2333475748699,1119.3650563557942,1628.7000020345051,1.0,1.0
198,305,236.16000366210938,388.76300048828125,273.47509765625,400.76898193359375,libanotica,42,1,0,707,Berberis,Berberis,libanotica,Berberis_libanotica_42_1,Ehrenb. ,,,,species,,984.0000152587891,1619.8458353678386,1139.4795735677083,1669.8707580566406,1.0,1.0
199,306,278.7973327636719,388.76300048828125,309.51312255859375,400.76898193359375,Ehrenb.,42,1,1,707,,Berberis,,,,author_42_1,,,,,1161.655553181966,1619.8458353678386,1289.6380106608074,1669.8707580566406,1.0,1.0
200,307,222.72000122070312,398.60302734375,247.251220703125,410.6090087890625,Berula,43,0,0,707,Berula,Berula,,,,,,,genus,,928.0000050862631,1660.845947265625,1030.2134195963542,1710.870869954427,1.0,2.0
201,308,236.39999389648438,408.8810119628906,278.9809265136719,419.8699951171875,angustifolia,44,0,0,707,Berula,Berula,angustifolia,Berula_angustifolia_44_0,(L.) Mert. et Koch ,,,,species,,984.9999745686849,1703.670883178711,1162.4205271402996,1749.4583129882812,1.0,1.0
202,309,282.32391357421875,407.9630126953125,296.29791259765625,419.968994140625,(L.),44,0,1,707,,Berula,,,,author_44_0,,,,,1176.3496398925781,1699.8458862304688,1234.5746358235676,1749.8708089192708,1.0,1.0
203,310,299.6411437988281,407.9630126953125,320.7657775878906,419.968994140625,Mert.,44,0,2,707,,Berula,,,,author_44_0,,,,,1248.5047658284504,1699.8458862304688,1336.5240732828777,1749.8708089192708,1.0,1.0
204,311,323.7159729003906,407.9630126953125,330.34600830078125,419.968994140625,et,44,0,3,707,,Berula,,,,author_44_0,,,,,1348.8165537516277,1699.8458862304688,1376.4417012532551,1749.8708089192708,1.0,1.0
205,312,332.9031982421875,407.9630126953125,353.09326171875,419.968994140625,Koch,44,0,4,707,,Berula,,,,author_44_0,,,,,1387.096659342448,1699.8458862304688,1471.221923828125,1749.8708089192708,1.0,1.0
206,313,236.39999389648438,417.56298828125,258.7720031738281,429.5689697265625,erecta,44,1,0,707,Berula,Berula,erecta,Berula_erecta_44_1,(Huds.) Coville ,,,,species,,984.9999745686849,1739.8457845052083,1078.2166798909504,1789.8707071940105,1.0,1.0
207,314,263.4992370605469,417.56298828125,291.491455078125,429.5689697265625,(Huds.),44,1,1,707,,Berula,,,,author_44_1,,,,,1097.9134877522786,1739.8457845052083,1214.5477294921875,1789.8707071940105,1.0,1.0
208,315,296.4800720214844,417.56298828125,323.05865478515625,429.5689697265625,Coville,44,1,2,707,,Berula,,,,author_44_1,,,,,1235.3336334228516,1739.8457845052083,1346.0777282714844,1789.8707071940105,1.0,1.0
209,316,222.9600067138672,427.16302490234375,251.07000732421875,439.16900634765625,Biarum,45,0,0,707,Biarum,Biarum,,,,,,,genus,,929.0000279744467,1779.8459370930989,1046.1250305175781,1829.8708597819011,1.0,2.0
210,317,236.39999389648438,436.76300048828125,280.0429992675781,448.76898193359375,gramineum,46,0,0,707,Biarum,Biarum,gramineum,Biarum_gramineum_46_0,(Banks et Sol.) Eig ,,,,species,,984.9999745686849,1819.8458353678386,1166.8458302815754,1869.8707580566406,1.0,1.0
211,318,284.8979797363281,436.76300048828125,309.7589111328125,448.76898193359375,(Banks,46,0,1,707,,Biarum,,,,author_46_0,,,,,1187.074915568034,1819.8458353678386,1290.662129720052,1869.8707580566406,1.0,1.0
212,319,313.88623046875,436.76300048828125,320.41131591796875,448.76898193359375,et,46,0,2,707,,Biarum,,,,author_46_0,,,,,1307.8592936197917,1819.8458353678386,1335.0471496582031,1869.8707580566406,1.0,1.0
213,320,324.538330078125,436.76300048828125,341.72332763671875,448.76898193359375,Sol.),46,0,3,707,,Biarum,,,,author_46_0,,,,,1352.2430419921875,1819.8458353678386,1423.8471984863281,1869.8707580566406,1.0,1.0
214,321,346.33673095703125,436.76300048828125,358.9701232910156,448.76898193359375,Eig,46,0,4,707,,Biarum,,,,author_46_0,,,,,1443.0697123209636,1819.8458353678386,1495.7088470458984,1869.8707580566406,1.0,1.0
215,322,236.39999389648438,448.0010070800781,282.9030456542969,458.989990234375,russellianum,46,1,0,707,Biarum,Biarum,russellianum,Biarum_russellianum_46_1,Schott ,,,,species,,984.9999745686849,1866.670862833659,1178.762690226237,1912.4582926432292,1.0,1.0
216,323,284.4030456542969,447.0830078125,308.6221008300781,459.0889892578125,Schott,46,1,1,707,,Biarum,,,,author_46_1,,,,,1185.012690226237,1862.8458658854167,1285.9254201253254,1912.8707885742188,1.0,1.0
217,324,222.9600067138672,456.2030029296875,271.3324279785156,468.208984375,Biebersteinia,47,0,0,707,Biebersteinia,Biebersteinia,,,,,,,genus,,929.0000279744467,1900.8458455403645,1130.5517832438152,1950.8707682291667,1.0,2.0
218,325,236.63999938964844,465.56298828125,270.34259033203125,477.5689697265625,multifida,48,0,0,707,Biebersteinia,Biebersteinia,multifida,Biebersteinia_multifida_48_0,D.C. ,,,,species,,985.9999974568685,1939.8457845052083,1126.4274597167969,1989.8707071940105,1.0,1.0
219,326,275.626220703125,465.56298828125,293.67193603515625,477.5689697265625,D.C.,48,0,1,707,,Biebersteinia,,,,author_48_0,,,,,1148.4425862630208,1939.8457845052083,1223.6330668131511,1989.8707071940105,1.0,1.0
220,327,222.9600067138672,475.40301513671875,245.27955627441406,487.40899658203125,Bifora,49,0,0,707,Bifora,Bifora,,,,,,,genus,,929.0000279744467,1980.8458964029949,1021.998151143392,2030.8708190917969,1.0,2.0
221,328,236.63999938964844,485.00299072265625,274.7203369140625,497.00897216796875,testiculata,50,0,0,707,Bifora,Bifora,testiculata,Bifora_testiculata_50_0,Roth ,,,,species,,985.9999974568685,2020.8457946777344,1144.6680704752605,2070.8707173665366,1.0,1.0
222,329,279.20404052734375,485.00299072265625,297.6536560058594,497.00897216796875,Roth,50,0,1,707,,Bifora,,,,author_50_0,,,,,1163.3501688639324,2020.8457946777344,1240.2235666910808,2070.8707173665366,1.0,1.0
223,330,222.72000122070312,494.60302734375,266.0899353027344,506.6090087890625,Bilderdykia,51,0,0,707,Bilderdykia,Bilderdykia,,,,,,,genus,,928.0000050862631,2060.845947265625,1108.7080637613933,2110.8708699544272,1.0,2.0
224,331,236.16000366210938,503.9630126953125,280.8000793457031,515.968994140625,convolvulus,52,0,0,707,Bilderdykia,Bilderdykia,convolvulus,Bilderdykia_convolvulus_52_0,(L.) Dumort. ,,,,species,,984.0000152587891,2099.8458862304688,1170.0003306070964,2149.870808919271,1.0,1.0
225,332,285.3214111328125,503.9630126953125,299.3338928222656,515.968994140625,(L.),52,0,1,707,,Bilderdykia,,,,author_52_0,,,,,1188.8392130533855,2099.8458862304688,1247.2245534261067,2149.870808919271,1.0,1.0
226,333,303.855224609375,503.9630126953125,336.1540222167969,515.968994140625,Dumort.,52,0,2,707,,Bilderdykia,,,,author_52_0,,,,,1266.0634358723958,2099.8458862304688,1400.6417592366536,2149.870808919271,1.0,1.0
227,334,222.72000122070312,513.322998046875,258.80548095703125,525.3289794921875,Biscutella,53,0,0,707,Biscutella,Biscutella,,,,,,,genus,,928.0000050862631,2138.8458251953125,1078.3561706542969,2188.8707478841147,1.0,2.0
228,335,236.39999389648438,523.4030151367188,259.2808837890625,535.4089965820312,ciliata,54,0,0,707,Biscutella,Biscutella,ciliata,Biscutella_ciliata_54_0,D.C. ,,,,species,,984.9999745686849,2180.8458964029946,1080.3370157877605,2230.870819091797,1.0,1.0
229,336,263.8665771484375,523.4030151367188,281.91229248046875,535.4089965820312,D.C.,54,0,1,707,,Biscutella,,,,author_54_0,,,,,1099.444071451823,2180.8458964029946,1174.6345520019531,2230.870819091797,1.0,1.0
230,337,236.39999389648438,534.6320190429688,267.9519958496094,544.3999633789062,coluntnae,54,1,0,707,Biscutella,Biscutella,coluntnae,Biscutella_coluntnae_54_1,Boiss. ,,,,species,,984.9999745686849,2227.6334126790366,1116.4666493733723,2268.333180745443,1.0,1.0
231,338,269.64886474609375,533.8159790039062,290.482421875,544.4879760742188,Boiss.,54,1,1,707,,Biscutella,,,,author_54_1,,,,,1123.5369364420574,2224.2332458496094,1210.3434244791667,2268.6999003092446,1.0,1.0
232,339,236.39999389648438,543.9920043945312,259.9519958496094,553.7599487304688,didyma,54,2,0,707,Biscutella,Biscutella,didyma,Biscutella_didyma_54_2,L. ,,,,species,,984.9999745686849,2266.6333516438804,1083.133316040039,2307.3331197102866,1.0,1.0
233,340,264.3245849609375,543.1759643554688,272.0065612792969,553.8479614257812,L.,54,2,1,707,,Biscutella,,,,author_54_2,,,,,1101.3524373372395,2263.233184814453,1133.3606719970703,2307.6998392740884,1.0,1.0
234,341,222.72000122070312,551.9630126953125,256.10479736328125,563.968994140625,Biserrula,55,0,0,707,Biserrula,Biserrula,,,,,,,genus,,928.0000050862631,2299.8458862304688,1067.1033223470051,2349.870808919271,1.0,2.0
235,342,236.39999389648438,561.8030395507812,271.04302978515625,573.8090209960938,pelecinus,56,0,0,707,Biserrula,Biserrula,pelecinus,Biserrula_pelecinus_56_0,L. ,,,,species,,984.9999745686849,2340.8459981282554,1129.3459574381511,2390.870920817057,1.0,1.0
236,343,274.7545166015625,561.8030395507812,282.6319580078125,573.8090209960938,L.,56,0,1,707,,Biserrula,,,,author_56_0,,,,,1144.8104858398438,2340.8459981282554,1177.6331583658855,2390.870920817057,1.0,1.0
237,344,222.72000122070312,572.7920532226562,256.0480041503906,582.5599975585938,Boerhavia,57,0,0,707,Boerhavia,Boerhavia,,,,,,,genus,,928.0000050862631,2386.633555094401,1066.866683959961,2427.333323160807,1.0,2.0
238,345,236.16000366210938,581.9209594726562,266.6610107421875,592.9099731445312,africana,58,0,0,707,Boerhavia,Boerhavia,africana,Boerhavia_africana_58_0,Loureiro ,,,,species,,984.0000152587891,2424.670664469401,1111.0875447591145,2470.458221435547,1.0,1.0
239,346,268.1610107421875,581.0029907226562,301.3390197753906,593.0089721679688,Loureiro,58,0,1,707,,Boerhavia,,,,author_58_0,,,,,1117.3375447591145,2420.8457946777344,1255.5792490641277,2470.8707173665366,1.0,1.0
240,347,235.1999969482422,592.4720458984375,276.97601318359375,602.239990234375,plumbaginea,58,1,0,707,Boerhavia,Boerhavia,plumbaginea,Boerhavia_plumbaginea_58_1,Cav. ,,,,species,,979.9999872843424,2468.6335245768228,1154.0667215983074,2509.333292643229,1.0,1.0
241,348,282.5853271484375,591.656005859375,299.6024475097656,602.3280029296875,Cav.,58,1,1,707,,Boerhavia,,,,author_58_1,,,,,1177.4388631184895,2465.233357747396,1248.3435312906902,2509.7000122070312,1.0,1.0
242,349,222.47999572753906,600.2030029296875,255.6580047607422,612.208984375,Boissiera,59,0,0,707,Boissiera,Boissiera,,,,,,,genus,,926.9999821980795,2500.8458455403647,1065.2416865030925,2550.8707682291665,1.0,2.0
0,3,36.959999084472656,50.841026306152344,64.46399688720703,61.83002471923828,pumilio,1,0,0,708,Boissiera,Boissiera,pumilio,Boissiera_pumilio_1_0,(Ton.) Beck. ,,,,species,,153.99999618530273,211.8376096089681,268.5999870300293,257.6251029968262,0.0,0.0
1,4,68.50799560546875,49.92302703857422,93.60600280761719,61.92902374267578,(Ton.),1,0,1,708,,Boissiera,,,,author_1_0,,,,,285.4499816894531,208.01261266072592,390.02501169840497,258.03759892781574,0.0,0.0
2,5,97.65015411376953,49.92302703857422,117.9936752319336,61.92902374267578,Beck.,1,0,2,708,,Boissiera,,,,author_1_0,,,,,406.87564214070636,208.01261266072592,491.64031346638996,258.03759892781574,0.0,0.0
3,6,37.91999816894531,58.56298065185547,74.04312133789062,70.56897735595703,squarrosa,1,1,0,708,Boissiera,Boissiera,squarrosa,Boissiera_squarrosa_1_1,(Banks et Sol.) Nevski ,,,,species,,157.99999237060547,244.0124193827311,308.51300557454425,294.037405649821,0.0,0.0
4,7,78.83868408203125,58.56298065185547,103.89756774902344,70.56897735595703,(Banks,1,1,1,708,,Boissiera,,,,author_1_1,,,,,328.49451700846356,244.0124193827311,432.90653228759766,294.037405649821,0.0,0.0
5,8,107.93677520751953,58.56298065185547,114.4668197631836,70.56897735595703,et,1,1,2,708,,Boissiera,,,,author_1_1,,,,,449.73656336466473,244.0124193827311,476.9450823465983,294.037405649821,0.0,0.0
6,9,118.50582122802734,58.56298065185547,135.88282775878906,70.56897735595703,Sol.),1,1,3,708,,Boissiera,,,,author_1_1,,,,,493.7742551167806,244.0124193827311,566.1784489949545,294.037405649821,0.0,0.0
7,10,140.6783905029297,58.56298065185547,166.0540771484375,70.56897735595703,Nevski,1,1,4,708,,Boissiera,,,,author_1_1,,,,,586.1599604288737,244.0124193827311,691.8919881184896,294.037405649821,0.0,0.0
8,11,24.239999771118164,69.79202270507812,58.113834381103516,79.56002807617188,Bonavenia,2,0,0,708,Bonavenia,Bonavenia,,,,,,,genus,,100.99999904632568,290.8000946044922,242.1409765879313,331.5001169840495,0.0,1.0
9,12,37.91999816894531,79.39199829101562,89.69599914550781,89.16000366210938,securidacaiÇL.),3,0,0,708,Bonavenia,Bonavenia,securidacaiÇL.),Bonavenia_securidacaiÇL.)_3_0,Desv. ,,,,species,,157.99999237060547,330.79999287923175,373.7333297729492,371.50001525878906,0.0,0.0
10,13,93.69757843017578,78.57600402832031,113.84209442138672,89.24800109863281,Desv.,3,0,1,708,,Bonavenia,,,,author_3_0,,,,,390.4065767923991,327.40001678466797,474.3420600891113,371.8666712443034,0.0,0.0
11,14,24.479999542236328,87.36302947998047,63.46818161010742,99.36902618408203,Bongardia,4,0,0,708,Bongardia,Bongardia,,,,,,,genus,,101.99999809265137,364.01262283325195,264.45075670878094,414.0376091003418,0.0,1.0
12,15,37.91999816894531,96.96300506591797,88.88599395751953,108.96900177001953,chrysogonum,5,0,0,708,Bongardia,Bongardia,chrysogonum,Bongardia_chrysogonum_5_0,(L.) Boiss. ,,,,species,,157.99999237060547,404.0125211079915,370.35830815633136,454.03750737508136,0.0,0.0
13,16,93.58650970458984,96.96300506591797,107.5989761352539,108.96900177001953,(L.),5,0,1,708,,Bongardia,,,,author_5_0,,,,,389.943790435791,404.0125211079915,448.3290672302246,454.03750737508136,0.0,0.0
14,17,112.53610229492188,96.96300506591797,133.83297729492188,108.96900177001953,Boiss.,5,0,2,708,,Bongardia,,,,author_5_0,,,,,468.9004262288411,404.0125211079915,557.6374053955078,454.03750737508136,0.0,0.0
15,18,38.15999984741211,107.4809799194336,71.1719970703125,118.46997833251953,rauwolfii,5,1,0,708,Bongardia,Bongardia,rauwolfii,Bongardia_rauwolfii_5_1,C.A. Mey. ,,,,species,,158.99999936421713,447.8374163309733,296.54998779296875,493.62490971883136,0.0,0.0
16,19,73.3480224609375,106.56298065185547,90.44335174560547,118.56897735595703,C.A.,5,1,1,708,,Bongardia,,,,author_5_1,,,,,305.61676025390625,444.01241938273114,376.84729894002277,494.037405649821,0.0,0.0
17,20,93.05496978759766,106.56298065185547,112.47283172607422,118.56897735595703,Mey.,5,1,2,708,,Bongardia,,,,author_5_1,,,,,387.7290407816569,444.01241938273114,468.6367988586426,494.037405649821,0.0,0.0
18,21,24.239999771118164,116.64299774169922,54.64191436767578,128.6490020751953,Brassica,6,0,0,708,Brassica,Brassica,,,,,,,genus,,100.99999904632568,486.0124905904134,227.67464319864908,536.0375086466471,0.0,1.0
19,22,37.91999816894531,126.08401489257812,71.94432830810547,138.54901123046875,assyriaca,7,0,0,708,Brassica,Brassica,assyriaca,Brassica_assyriaca_7_0,Moût. ,,,,species,,157.99999237060547,525.3500620524088,299.76803461710614,577.2875467936198,0.0,0.0
20,23,75.70413208007812,126.08401489257812,99.26563262939453,138.54901123046875,Moût.,7,0,1,708,,Brassica,,,,author_7_0,,,,,315.4338836669922,525.3500620524088,413.60680262247723,577.2875467936198,0.0,0.0
21,24,37.91999816894531,137.71200561523438,72.58399963378906,147.48001098632812,campestris,7,1,0,708,Brassica,Brassica,campestris,Brassica_campestris_7_1,L. ,,,,species,,157.99999237060547,573.8000233968099,302.4333318074544,614.5000457763672,0.0,0.0
22,25,75.90445709228516,136.89601135253906,83.12255096435547,147.56800842285156,L.,7,1,1,708,,Brassica,,,,author_7_1,,,,,316.2685712178548,570.4000473022461,346.34396235148114,614.8667017618815,0.0,0.0
23,26,37.91999816894531,145.44300842285156,63.16500473022461,157.4490203857422,eretica,7,2,0,708,Brassica,Brassica,eretica,Brassica_eretica_7_2,"Lam, ",,,,species,,157.99999237060547,606.0125350952148,263.1875197092692,656.0375849405924,0.0,0.0
24,27,67.75267028808594,145.44300842285156,87.56554412841797,157.4490203857422,"Lam,",7,2,1,708,,Brassica,,,,author_7_2,,,,,282.3027928670247,606.0125350952148,364.8564338684082,656.0375849405924,0.0,0.0
25,28,37.68000030517578,155.04298400878906,63.91400909423828,167.0489959716797,deflexa,7,3,0,708,Brassica,Brassica,deflexa,Brassica_deflexa_7_3,Boiss. ,,,,species,,157.00000127156576,646.0124333699545,266.30837122599286,696.037483215332,0.0,0.0
26,29,67.52057647705078,155.04298400878906,88.81745910644531,167.0489959716797,Boiss.,7,3,1,708,,Brassica,,,,author_7_3,,,,,281.3357353210449,646.0124333699545,370.07274627685547,696.037483215332,0.0,0.0
27,31,37.68000030517578,166.51199340820312,55.89600372314453,176.27999877929688,eruca,8,0,0,708,Brassica,Brassica,eruca,Brassica_eruca_8_0,L. ,,,,species,,157.00000127156576,693.7999725341797,232.9000155131022,734.4999949137369,0.0,0.0
28,32,59.58375549316406,165.6959991455078,66.80184936523438,176.3679962158203,L.,8,0,1,708,,Brassica,,,,author_8_0,,,,,248.2656478881836,690.3999964396158,278.3410390218099,734.8666508992513,0.0,0.0
29,33,37.68000030517578,174.2429962158203,80.71530151367188,186.24900817871094,leptocarpos,8,1,0,708,Brassica,Brassica,leptocarpos,Brassica_leptocarpos_8_1,Boiss. ,,,,species,,157.00000127156576,726.0124842325846,336.3137563069661,776.0375340779623,0.0,0.0
30,34,84.2892074584961,174.2429962158203,105.78904724121094,186.24900817871094,Boiss.,8,1,1,708,,Brassica,,,,author_8_1,,,,,351.2050310770671,726.0124842325846,440.7876968383789,776.0375340779623,0.0,0.0
31,36,37.91999816894531,185.47198486328125,70.36799621582031,195.239990234375,libanotica,9,0,0,708,Brassica,Brassica,libanotica,Brassica_libanotica_9_0,Post ,,,,species,,157.99999237060547,772.7999369303385,293.19998423258465,813.4999593098959,0.0,0.0
32,37,74.34284973144531,184.65599060058594,89.50370025634766,195.32798767089844,Post,9,0,1,708,,Brassica,,,,author_9_0,,,,,309.76187388102215,769.3999608357748,372.93208440144855,813.8666152954102,0.0,0.0
33,38,37.68000030517578,195.31201171875,56.60087585449219,205.08001708984375,napus,9,1,0,708,Brassica,Brassica,napus,Brassica_napus_9_1,L. ,,,,species,,157.00000127156576,813.800048828125,235.83698272705078,854.5000712076823,0.0,0.0
34,39,61.02419662475586,194.4960174560547,68.2422866821289,205.1680145263672,L.,9,1,1,708,,Brassica,,,,author_9_1,,,,,254.26748593648276,810.4000727335612,284.3428611755371,854.8667271931967,0.0,0.0
35,40,37.68000030517578,203.04298400878906,57.13449478149414,215.0489959716797,nigra,9,2,0,708,Brassica,Brassica,nigra,Brassica_nigra_9_2,L. ,,,,species,,157.00000127156576,846.0124333699545,238.06039492289224,896.037483215332,0.0,0.0
36,41,61.495445251464844,203.04298400878906,69.51345825195312,215.0489959716797,L.,9,2,1,708,,Brassica,,,,author_9_2,,,,,256.2310218811035,846.0124333699545,289.639409383138,896.037483215332,0.0,0.0
37,42,37.439998626708984,213.5609893798828,56.933998107910156,224.54998779296875,nivea,9,3,0,708,Brassica,Brassica,nivea,Brassica_nivea_9_3,Boiss. et Sprun. ,,,,species,,155.9999942779541,889.8374557495117,237.22499211629233,935.6249491373698,0.0,0.0
38,43,59.24564743041992,212.6429901123047,80.7454833984375,224.6490020751953,Boiss.,9,3,1,708,,Brassica,,,,author_9_3,,,,,246.85686429341635,886.0124588012695,336.43951416015625,936.0375086466471,0.0,0.0
39,44,83.41253662109375,212.6429901123047,89.95941162109375,224.6490020751953,et,9,3,2,708,,Brassica,,,,author_9_3,,,,,347.55223592122394,886.0124588012695,374.8308817545573,936.0375086466471,0.0,0.0
40,45,92.27106475830078,212.6429901123047,117.51209259033203,224.6490020751953,Sprun.,9,3,3,708,,Brassica,,,,author_9_3,,,,,384.46276982625324,886.0124588012695,489.6337191263835,936.0375086466471,0.0,0.0
41,46,37.439998626708984,224.11199951171875,65.1520767211914,233.8800048828125,oleracea,9,4,0,708,Brassica,Brassica,oleracea,Brassica_oleracea_9_4,L. ,,,,species,,155.9999942779541,933.7999979654948,271.46698633829754,974.5000203450521,0.0,0.0
42,47,68.6447982788086,223.29600524902344,75.92229461669922,233.96800231933594,L.,9,4,1,708,,Brassica,,,,author_9_4,,,,,286.01999282836914,930.400021870931,316.34289423624676,974.8666763305664,0.0,0.0
43,48,36.47999954223633,233.71200561523438,80.0320053100586,243.48001098632812,purpurascens,9,5,0,708,Brassica,Brassica,purpurascens,Brassica_purpurascens_9_5,Banks et Sol. ,,,,species,,151.99999809265137,973.8000233968099,333.4666887919108,1014.5000457763672,0.0,0.0
44,49,83.10397338867188,232.89601135253906,105.34333038330078,243.56800842285156,Banks,9,5,1,708,,Brassica,,,,author_9_5,,,,,346.2665557861328,970.4000473022461,438.93054326375324,1014.8667017618815,0.0,0.0
45,50,108.72220611572266,232.89601135253906,114.89188385009766,243.56800842285156,et,9,5,2,708,,Brassica,,,,author_9_5,,,,,453.0091921488444,970.4000473022461,478.71618270874023,1014.8667017618815,0.0,0.0
46,51,118.57878112792969,232.89601135253906,132.55902099609375,243.56800842285156,Sol.,9,5,3,708,,Brassica,,,,author_9_5,,,,,494.07825469970703,970.4000473022461,552.3292541503906,1014.8667017618815,0.0,0.0
47,52,37.68000030517578,241.52401733398438,55.428001403808594,253.989013671875,râpa,9,6,0,708,Brassica,Brassica,râpa,Brassica_râpa_9_6,L. ,,,,species,,157.00000127156576,1006.3500722249349,230.95000584920248,1058.2875569661458,0.0,0.0
48,53,58.437583923339844,241.52401733398438,66.61747741699219,253.989013671875,L.,9,6,1,708,,Brassica,,,,author_9_6,,,,,243.48993301391602,1006.3500722249349,277.5728225708008,1058.2875569661458,0.0,0.0
49,54,37.68000030517578,251.9609832763672,68.18099975585938,262.9499816894531,rupicola,9,7,0,708,Brassica,Brassica,rupicola,Brassica_rupicola_9_7,Bouloumoy ,,,,species,,157.00000127156576,1049.8374303181965,284.0874989827474,1095.6249237060547,0.0,0.0
50,55,69.68099975585938,251.04298400878906,113.27600860595703,263.0489807128906,Bouloumoy,9,7,1,708,,Brassica,,,,author_9_7,,,,,290.3374989827474,1046.0124333699544,471.9833691914876,1096.0374196370442,0.0,0.0
51,56,37.68000030517578,261.1230163574219,80.13813018798828,273.1289978027344,tournefortii,9,8,0,708,Brassica,Brassica,tournefortii,Brassica_tournefortii_9_8,Gouan ,,,,species,,157.00000127156576,1088.0125681559246,333.9088757832845,1138.0374908447266,0.0,0.0
52,57,85.60986328125,261.1230163574219,110.9241714477539,273.1289978027344,Gouan,9,8,1,708,,Brassica,,,,author_9_8,,,,,356.707763671875,1088.0125681559246,462.1840476989746,1138.0374908447266,0.0,0.0
53,58,37.439998626708984,272.11199951171875,66.47471618652344,281.8800048828125,vesicaria,9,9,0,708,Brassica,Brassica,vesicaria,Brassica_vesicaria_9_9,L. ,,,,species,,155.9999942779541,1133.7999979654949,276.97798411051434,1174.500020345052,0.0,0.0
54,59,69.92487335205078,271.2959899902344,77.60687255859375,281.9679870605469,L.,9,9,1,708,,Brassica,,,,author_9_9,,,,,291.35363896687824,1130.3999582926433,323.3619689941406,1174.8666127522786,0.0,0.0
55,60,23.760000228881836,280.322998046875,43.411502838134766,292.3289794921875,Briza,10,0,0,708,Briza,Briza,,,,,,,genus,,99.00000095367432,1168.0124918619792,180.88126182556152,1218.0374145507812,0.0,1.0
56,61,37.439998626708984,289.9230041503906,65.15306854248047,301.9289855957031,humilis,11,0,0,708,Briza,Briza,humilis,Briza_humilis_11_0,M. Bieb. ,,,,species,,155.9999942779541,1208.0125172932942,271.47111892700195,1258.0374399820964,0.0,0.0
57,62,69.00020599365234,289.9230041503906,79.471435546875,301.9289855957031,M.,11,0,1,708,,Briza,,,,author_11_0,,,,,287.50085830688477,1208.0125172932942,331.1309814453125,1258.0374399820964,0.0,0.0
58,63,83.06217193603516,289.9230041503906,102.87306213378906,301.9289855957031,Bieb.,11,0,2,708,,Briza,,,,author_11_0,,,,,346.09238306681317,1208.0125172932942,428.6377588907878,1258.0374399820964,0.0,0.0
59,64,37.20000076293945,300.4410095214844,63.20099639892578,311.42999267578125,spicata,11,1,0,708,Briza,Briza,spicata,Briza_spicata_11_1,Sibth. et Smith ,,,,species,,155.0000031789144,1251.8375396728516,263.3374849955241,1297.6249694824219,0.0,0.0
60,65,65.45657348632812,299.52301025390625,88.12003326416016,311.52899169921875,Sibth.,11,1,1,708,,Briza,,,,author_11_1,,,,,272.7357228597005,1248.0125427246094,367.166805267334,1298.0374654134114,0.0,0.0
61,66,90.72274017333984,299.52301025390625,97.30821990966797,311.52899169921875,et,11,1,2,708,,Briza,,,,author_11_1,,,,,378.011417388916,1248.0125427246094,405.4509162902832,1298.0374654134114,0.0,0.0
62,67,99.5644302368164,299.52301025390625,121.7344970703125,311.52899169921875,Smith,11,1,3,708,,Briza,,,,author_11_1,,,,,414.8517926534017,1248.0125427246094,507.22707112630206,1298.0374654134114,0.0,0.0
63,68,23.760000228881836,309.6029968261719,52.77300262451172,321.6089782714844,Bromus,12,0,0,708,Bromus,Bromus,,,,,,,genus,,99.00000095367432,1290.012486775716,219.88751093546549,1340.0374094645183,0.0,1.0
64,69,37.20000076293945,320.16302490234375,70.16600799560547,332.16900634765625,diandrus,13,0,0,708,Bromus,Bromus,diandrus,Bromus_diandrus_13_0,Roth ,,,,species,,155.0000031789144,1334.0126037597656,292.35836664835614,1384.0375264485676,0.0,0.0
65,70,75.32687377929688,320.16302490234375,94.1329116821289,332.16900634765625,Roth,13,0,1,708,,Bromus,,,,author_13_0,,,,,313.8619740804036,1334.0126037597656,392.2204653422038,1384.0375264485676,0.0,0.0
66,71,36.720001220703125,330.2010192871094,66.5024642944336,341.19000244140625,gussonii,13,1,0,708,Bromus,Bromus,gussonii,Bromus_gussonii_13_1,Pari. ,,,,species,,153.00000508626303,1375.8375803629558,277.09360122680664,1421.6250101725261,0.0,0.0
67,72,68.00277709960938,329.28302001953125,86.01532745361328,341.28900146484375,Pari.,13,1,1,708,,Bromus,,,,author_13_1,,,,,283.34490458170575,1372.0125834147136,358.3971977233887,1422.0375061035156,0.0,0.0
68,73,37.20000076293945,340.7610168457031,65.3280029296875,351.75,rigidus,13,2,0,708,Bromus,Bromus,rigidus,Bromus_rigidus_13_2,Roth ,,,,species,,155.0000031789144,1419.8375701904297,272.20001220703125,1465.625,0.0,0.0
69,74,66.8280029296875,339.843017578125,85.64400482177734,351.8489990234375,Roth,13,2,1,708,,Bromus,,,,author_13_2,,,,,278.45001220703125,1416.0125732421875,356.85002009073895,1466.0374959309895,0.0,0.0
70,75,23.520000457763672,349.4430236816406,54.85699462890625,361.4490051269531,Buffonia,14,0,0,708,Buffonia,Buffonia,,,,,,,genus,,98.00000190734863,1456.0125986735027,228.57081095377603,1506.0375213623047,0.0,1.0
71,76,23.520000457763672,359.7120056152344,54.19199752807617,369.4800109863281,Bullardia,14,1,0,708,Bullardia,Bullardia,,,,,,,genus,,98.00000190734863,1498.8000233968098,225.79998970031738,1539.5000457763672,0.0,1.0
72,77,37.20000076293945,369.0810241699219,69.3829345703125,380.07000732421875,vaillantii,15,0,0,708,Bullardia,Bullardia,vaillantii,Bullardia_vaillantii_15_0,(Willd.) D.C. ,,,,species,,155.0000031789144,1537.8376007080078,289.09556070963544,1583.6250305175781,0.0,0.0
73,78,72.78693389892578,368.16302490234375,102.32392883300781,380.16900634765625,(Willd.),15,0,1,708,,Bullardia,,,,author_15_0,,,,,303.2788912455241,1534.0126037597656,426.3497034708659,1584.0375264485676,0.0,0.0
74,79,106.12751007080078,368.16302490234375,123.9920654296875,380.16900634765625,D.C.,15,0,2,708,,Bullardia,,,,author_15_0,,,,,442.1979586283366,1534.0126037597656,516.6336059570312,1584.0375264485676,0.0,0.0
75,80,23.520000457763672,379.3919982910156,45.74399948120117,389.1600036621094,Bunias,16,0,0,708,Bunias,Bunias,,,,,,,genus,,98.00000190734863,1580.7999928792317,190.59999783833823,1621.500015258789,0.0,1.0
76,81,36.959999084472656,388.99200439453125,75.1760025024414,398.760009765625,aegyptiacus,17,0,0,708,Bunias,Bunias,aegyptiacus,Bunias_aegyptiacus_17_0,L. ,,,,species,,153.99999618530273,1620.8000183105469,313.23334376017254,1661.5000406901042,0.0,0.0
77,82,79.56368255615234,388.1759948730469,86.72237396240234,398.8479919433594,L.,17,0,1,708,,Bunias,,,,author_17_0,,,,,331.5153439839681,1617.3999786376953,361.3432248433431,1661.8666330973308,0.0,0.0
78,83,37.20000076293945,398.5920104980469,56.11295700073242,408.3600158691406,cakile,17,1,0,708,Bunias,Bunias,cakile,Bunias_cakile_17_1,L. ,,,,species,,155.0000031789144,1660.800043741862,233.80398750305176,1701.5000661214192,0.0,0.0
79,84,61.74407958984375,397.7760009765625,68.96217346191406,408.447998046875,L.,17,1,1,708,,Bunias,,,,author_17_1,,,,,257.2669982910156,1657.4000040690105,287.3423894246419,1701.8666585286458,0.0,0.0
80,85,37.439998626708984,408.6719970703125,46.90142822265625,418.44000244140625,my,17,2,0,708,Bunias,Bunias,my,Bunias_my_17_2,agroides L. ,,,,species,,155.9999942779541,1702.7999877929688,195.42261759440103,1743.5000101725261,0.0,0.0
81,86,49.1893196105957,408.6719970703125,76.90931701660156,418.44000244140625,agroides,17,2,1,708,,Bunias,,,,author_17_2,,,,,204.9554983774821,1702.7999877929688,320.45548756917316,1743.5000101725261,0.0,0.0
82,87,79.19720458984375,407.8559875488281,86.24303436279297,418.5279846191406,L.,17,2,2,708,,Bunias,,,,author_17_2,,,,,329.9883524576823,1699.3999481201172,359.3459765116374,1743.8666025797527,0.0,0.0
83,88,36.959999084472656,417.7919921875,61.407997131347656,427.55999755859375,spinosa,17,3,0,708,Bunias,Bunias,spinosa,Bunias_spinosa_17_3,Turra ,,,,species,,153.99999618530273,1740.7999674479167,255.86665471394858,1781.4999898274739,0.0,0.0
84,89,66.07584381103516,416.9759826660156,87.85585021972656,427.6479797363281,Turra,17,3,1,708,,Bunias,,,,author_17_3,,,,,275.31601587931317,1737.3999277750652,366.06604258219403,1781.8665822347004,0.0,0.0
85,90,23.520000457763672,426.6300048828125,54.53999710083008,439.9700012207031,Bunium,18,0,0,708,Bunium,Bunium,,,,,,,genus,,98.00000190734863,1777.625020345052,227.24998792012533,1833.2083384195964,0.0,1.0
86,91,36.959999084472656,436.7610168457031,65.72978210449219,447.75,cassium,19,0,0,708,Bunium,Bunium,cassium,Bunium_cassium_19_0,Boiss. ,,,,species,,153.99999618530273,1819.8375701904297,273.8740921020508,1865.625,0.0,0.0
87,92,67.2298812866211,435.843017578125,88.57258605957031,447.8489990234375,Boiss.,19,0,1,708,,Bunium,,,,author_19_0,,,,,280.1245053609212,1816.0125732421875,369.0524419148763,1866.0374959309895,0.0,0.0
88,93,36.959999084472656,446.84100341796875,68.45100402832031,457.8299865722656,creticum,19,1,0,708,Bunium,Bunium,creticum,Bunium_creticum_19_1,d'Urv. ,,,,species,,153.99999618530273,1861.8375142415364,285.21251678466797,1907.6249440511067,0.0,0.0
89,94,69.95149230957031,445.9230041503906,94.91773986816406,457.9289855957031,d'Urv.,19,1,1,708,,Bunium,,,,author_19_1,,,,,291.4645512898763,1858.0125172932942,395.4905827840169,1908.0374399820964,0.0,0.0
90,95,37.20000076293945,454.9499816894531,64.95365905761719,468.28997802734375,elegans,19,2,0,708,Bunium,Bunium,elegans,Bunium_elegans_19_2,(Fenzl) Freyn ,,,,species,,155.0000031789144,1895.6249237060547,270.64024607340497,1951.2082417805989,0.0,0.0
91,96,69.68365478515625,454.9499816894531,96.58365631103516,468.28997802734375,(Fenzl),19,2,1,708,,Bunium,,,,author_19_2,,,,,290.3485616048177,1895.6249237060547,402.4319012959798,1951.2082417805989,0.0,0.0
92,97,101.31387329101562,454.9499816894531,123.65025329589844,468.28997802734375,Freyn,19,2,2,708,,Bunium,,,,author_19_2,,,,,422.1411387125651,1895.6249237060547,515.2093887329102,1951.2082417805989,0.0,0.0
93,98,36.959999084472656,464.5500183105469,78.90631103515625,477.8900146484375,ferulaceum,19,3,0,708,Bunium,Bunium,ferulaceum,Bunium_ferulaceum_19_3,Sibth. et Smith ,,,,species,,153.99999618530273,1935.6250762939453,328.7762959798177,1991.2083943684895,0.0,0.0
94,99,82.98016357421875,464.5500183105469,106.1263656616211,477.8900146484375,Sibth.,19,3,1,708,,Bunium,,,,author_19_3,,,,,345.7506815592448,1935.6250762939453,442.1931902567546,1991.2083943684895,0.0,0.0
95,100,110.91895294189453,464.5500183105469,117.86775970458984,477.8900146484375,et,19,3,2,708,,Bunium,,,,author_19_3,,,,,462.16230392456055,1935.6250762939453,491.115665435791,1991.2083943684895,0.0,0.0
96,101,122.18218231201172,464.5500183105469,145.01950073242188,477.8900146484375,Smith,19,3,3,708,,Bunium,,,,author_19_3,,,,,509.0924263000488,1935.6250762939453,604.2479197184244,1991.2083943684895,0.0,0.0
97,102,35.040000915527344,475.6410217285156,77.5469970703125,486.6300048828125,ferulifolium,19,4,0,708,Bunium,Bunium,ferulifolium,Bunium_ferulifolium_19_4,Desf. ,,,,species,,146.00000381469727,1981.8375905354817,323.11248779296875,2027.625020345052,0.0,0.0
98,103,80.8293228149414,474.7230224609375,99.29702758789062,486.72900390625,Desf.,19,4,1,708,,Bunium,,,,author_19_4,,,,,336.78884506225586,1978.0125935872395,413.73761494954425,2028.0375162760417,0.0,0.0
99,104,36.959999084472656,483.843017578125,79.80818939208984,495.8489990234375,pestalozzae,19,5,0,708,Bunium,Bunium,pestalozzae,Bunium_pestalozzae_19_5,Boiss. ,,,,species,,153.99999618530273,2016.0125732421875,332.534122467041,2066.0374959309897,0.0,0.0
100,105,83.89385223388672,483.843017578125,105.2690200805664,495.8489990234375,Boiss.,19,5,1,708,,Bunium,,,,author_19_5,,,,,349.55771764119464,2016.0125732421875,438.62091700236004,2066.0374959309897,0.0,0.0
101,106,23.520000457763672,493.6830139160156,65.76132202148438,505.6889953613281,Bupleurum,20,0,0,708,Bupleurum,Bupleurum,,,,,,,genus,,98.00000190734863,2057.0125579833984,274.00550842285156,2107.0374806722007,0.0,1.0
102,107,36.959999084472656,503.52301025390625,76.39962005615234,515.5289916992188,aleppicum,21,0,0,708,Bupleurum,Bupleurum,aleppicum,Bupleurum_aleppicum_21_0,Bobs. ,,,,species,,153.99999618530273,2098.0125427246094,318.3317502339681,2148.0374654134116,0.0,0.0
103,108,81.81888580322266,503.52301025390625,102.87222290039062,515.5289916992188,Bobs.,21,0,1,708,,Bupleurum,,,,author_21_0,,,,,340.9120241800944,2098.0125427246094,428.63426208496094,2148.0374654134116,0.0,0.0
104,109,36.959999084472656,514.0499877929688,69.76850891113281,526.260009765625,australe,21,1,0,708,Bupleurum,Bupleurum,australe,Bupleurum_australe_21_1,Jord. ,,,,species,,153.99999618530273,2141.8749491373696,290.7021204630534,2192.750040690104,0.0,0.0
105,110,71.43595886230469,513.0299682617188,92.0658950805664,526.3699951171875,Jord.,21,1,1,708,,Bupleurum,,,,author_21_1,,,,,297.6498285929362,2137.6248677571616,383.6078961690267,2193.2083129882812,0.0,0.0
106,111,36.959999084472656,522.6300048828125,55.944000244140625,535.9700317382812,boiss,21,2,0,708,Bupleurum,Bupleurum,boiss,Bupleurum_boiss_21_2,ri Post ,,,,species,,153.99999618530273,2177.6250203450522,233.1000010172526,2233.208465576172,0.0,0.0
107,112,61.73451232910156,522.6300048828125,67.55867767333984,535.9700317382812,ri,21,2,1,708,,Bupleurum,,,,author_21_2,,,,,257.22713470458984,2177.6250203450522,281.4944903055827,2233.208465576172,0.0,0.0
108,113,71.56718444824219,522.6300048828125,87.57943725585938,535.9700317382812,Post,21,2,2,708,,Bupleurum,,,,author_21_2,,,,,298.1966018676758,2177.6250203450522,364.91432189941406,2233.208465576172,0.0,0.0
109,114,36.959999084472656,532.22998046875,81.46399688720703,545.5700073242188,brachiatum,21,3,0,708,Bupleurum,Bupleurum,brachiatum,Bupleurum_brachiatum_21_3,C. Koch ,,,,species,,153.99999618530273,2217.6249186197915,339.4333203633626,2273.2083638509116,0.0,0.0
110,115,85.2230224609375,532.22998046875,94.21024322509766,545.5700073242188,C.,21,3,1,708,,Bupleurum,,,,author_21_3,,,,,355.09592692057294,2217.6249186197915,392.54268010457355,2273.2083638509116,0.0,0.0
111,116,98.19103240966797,532.22998046875,119.0998306274414,545.5700073242188,Koch,21,3,2,708,,Bupleurum,,,,author_21_3,,,,,409.1293017069499,2217.6249186197915,496.24929428100586,2273.2083638509116,0.0,0.0
112,117,36.959999084472656,541.3499755859375,76.62533569335938,554.6900024414062,brevicaule,21,4,0,708,Bupleurum,Bupleurum,brevicaule,Bupleurum_brevicaule_21_4,Schlecht. ,,,,species,,153.99999618530273,2255.6248982747397,319.27223205566406,2311.2083435058594,0.0,0.0
113,118,80.58137512207031,541.3499755859375,115.66300964355469,554.6900024414062,Schlecht.,21,4,1,708,,Bupleurum,,,,author_21_4,,,,,335.75572967529297,2255.6248982747397,481.92920684814453,2311.2083435058594,0.0,0.0
114,119,36.720001220703125,550.949951171875,93.05000305175781,564.2899780273438,cappadocicum,21,5,0,708,Bupleurum,Bupleurum,cappadocicum,Bupleurum_cappadocicum_21_5,Boiss. ,,,,species,,153.00000508626303,2295.624796549479,387.7083460489909,2351.208241780599,0.0,0.0
115,120,96.13682556152344,550.949951171875,118.30292510986328,564.2899780273438,Boiss.,21,5,1,708,,Bupleurum,,,,author_21_5,,,,,400.57010650634766,2295.624796549479,492.92885462443036,2351.208241780599,0.0,0.0
116,121,37.20000076293945,560.5499877929688,69.94400024414062,573.8900146484375,croceum,21,6,0,708,Bupleurum,Bupleurum,croceum,Bupleurum_croceum_21_6,Fenzl ,,,,species,,155.0000031789144,2335.6249491373696,291.43333435058594,2391.2083943684897,0.0,0.0
117,122,73.42286682128906,560.5499877929688,94.51779174804688,573.8900146484375,Fenzl,21,6,1,708,,Bupleurum,,,,author_21_6,,,,,305.9286117553711,2335.6249491373696,393.8241322835286,2391.2083943684897,0.0,0.0
118,123,37.20000076293945,570.6299438476562,85.45458221435547,583.969970703125,dichotomum,21,7,0,708,Bupleurum,Bupleurum,dichotomum,Bupleurum_dichotomum_21_7,Boiss. ,,,,species,,155.0000031789144,2377.624766031901,356.06075922648114,2433.208211263021,0.0,0.0
119,124,88.89482879638672,570.6299438476562,110.8629379272461,583.969970703125,Boiss.,21,7,1,708,,Bupleurum,,,,author_21_7,,,,,370.39511998494464,2377.624766031901,461.9289080301921,2433.208211263021,0.0,0.0
120,125,36.959999084472656,579.75,73.34900665283203,593.0900268554688,fontanesii,21,8,0,708,Bupleurum,Bupleurum,fontanesii,Bupleurum_fontanesii_21_8,Guss. ,,,,species,,153.99999618530273,2415.625,305.6208610534668,2471.2084452311196,0.0,0.0
121,126,77.02190399169922,579.75,97.9029769897461,593.0900268554688,Guss.,21,8,1,708,,Bupleurum,,,,author_21_8,,,,,320.9245999654134,2415.625,407.9290707906087,2471.2084452311196,0.0,0.0
122,127,36.959999084472656,589.3499755859375,76.55109405517578,602.6900024414062,fruticosum,21,9,0,708,Bupleurum,Bupleurum,fruticosum,Bupleurum_fruticosum_21_9,L. ,,,,species,,153.99999618530273,2455.6248982747397,318.96289189656574,2511.2083435058594,0.0,0.0
123,128,81.63375091552734,589.3499755859375,89.982421875,602.6900024414062,L.,21,9,1,708,,Bupleurum,,,,author_21_9,,,,,340.14062881469727,2455.6248982747397,374.9267578125,2511.2083435058594,0.0,0.0
124,129,36.959999084472656,598.949951171875,67.00748443603516,612.2899780273438,gerardii,21,10,0,708,Bupleurum,Bupleurum,gerardii,Bupleurum_gerardii_21_10,Ail. ,,,,species,,153.99999618530273,2495.624796549479,279.19785181681317,2551.208241780599,0.0,0.0
125,130,70.63481140136719,598.949951171875,85.1795654296875,612.2899780273438,Ail.,21,10,1,708,,Bupleurum,,,,author_21_10,,,,,294.3117141723633,2495.624796549479,354.91485595703125,2551.208241780599,0.0,0.0
126,209,243.36000061035156,50.84998321533203,277.62884521484375,63.05998611450195,glaucum,49,0,0,708,Bupleurum,Bupleurum,glaucum,Bupleurum_glaucum_49_0,Rob. et Cast. ,,,,species,,1014.0000025431315,211.87493006388345,1156.7868550618489,262.7499421437581,1.0,2.0
127,210,279.2955322265625,49.829986572265625,298.68072509765625,63.169986724853516,Rob.,49,0,1,708,,Bupleurum,,,,author_49_0,,,,,1163.7313842773438,207.62494405110678,1244.5030212402344,263.20827802022296,1.0,2.0
128,211,300.3473815917969,49.829986572265625,307.479736328125,63.169986724853516,et,49,0,2,708,,Bupleurum,,,,author_49_0,,,,,1251.4474232991536,207.62494405110678,1281.1655680338542,263.20827802022296,1.0,2.0
129,212,309.14642333984375,49.829986572265625,328.63311767578125,63.169986724853516,Cast.,49,0,3,708,,Bupleurum,,,,author_49_0,,,,,1288.1100972493489,207.62494405110678,1369.3046569824219,263.20827802022296,1.0,2.0
130,214,244.56300354003906,60.431976318359375,290.77899169921875,70.19998168945312,heterophyllum,50,0,0,708,Bupleurum,Bupleurum,heterophyllum,Bupleurum_heterophyllum_50_0,Link ,,,,species,,1019.0125147501627,251.7999013264974,1211.5791320800781,292.4999237060547,1.0,2.0
131,215,294.3014221191406,59.6159782409668,311.1927795410156,70.28797912597656,Link,50,0,1,708,,Bupleurum,,,,author_50_0,,,,,1226.2559254964192,248.39990933736166,1296.6365814208984,292.86657969156903,1.0,2.0
132,216,243.60000610351562,70.27200317382812,276.15911865234375,80.04000854492188,irregulare,51,0,0,708,Bupleurum,Bupleurum,irregulare,Bupleurum_irregulare_51_0,Boiss. et Ky ,,,,species,,1015.0000254313151,292.8000132242839,1150.6629943847656,333.5000356038411,1.0,2.0
133,217,280.12506103515625,69.45600891113281,300.9586181640625,80.12800598144531,Boiss.,51,0,1,708,,Bupleurum,,,,author_51_0,,,,,1167.1877543131511,289.40003712972003,1253.9942423502605,333.86669158935547,1.0,2.0
134,218,306.05810546875,69.45600891113281,312.2901611328125,80.12800598144531,et,51,0,2,708,,Bupleurum,,,,author_51_0,,,,,1275.2421061197917,289.40003712972003,1301.209004720052,333.86669158935547,1.0,2.0
135,219,316.256103515625,69.45600891113281,326.4481506347656,80.12800598144531,Ky,51,0,3,708,,Bupleurum,,,,author_51_0,,,,,1317.7337646484375,289.40003712972003,1360.2006276448567,333.86669158935547,1.0,2.0
136,220,243.60000610351562,79.63198852539062,272.4800109863281,89.39999389648438,koechelii,51,1,0,708,Bupleurum,Bupleurum,koechelii,Bupleurum_koechelii_51_1,Fenzl ,,,,species,,1015.0000254313151,331.7999521891276,1135.3333791097004,372.4999745686849,1.0,2.0
137,221,276.3241882324219,78.81599426269531,296.3182067871094,89.48799133300781,Fenzl,51,1,1,708,,Bupleurum,,,,author_51_1,,,,,1151.3507843017578,328.3999760945638,1234.659194946289,372.8666305541992,1.0,2.0
138,222,243.36000061035156,89.47201538085938,273.57598876953125,99.24002075195312,kurdicum,51,2,0,708,Bupleurum,Bupleurum,kurdicum,Bupleurum_kurdicum_51_2,Boiss. ,,,,species,,1014.0000025431315,372.80006408691406,1139.8999532063801,413.5000864664714,1.0,2.0
139,223,277.6112365722656,88.65602111816406,298.642822265625,99.32801818847656,Boiss.,51,2,1,708,,Bupleurum,,,,author_51_2,,,,,1156.7134857177734,369.4000879923503,1244.3450927734375,413.86674245198566,1.0,2.0
140,224,243.60000610351562,96.87002563476562,285.8631591796875,110.21002197265625,lancifolium,51,3,0,708,Bupleurum,Bupleurum,lancifolium,Bupleurum_lancifolium_51_3,Hornem. ,,,,species,,1015.0000254313151,403.62510681152344,1191.0964965820312,459.2084248860677,1.0,2.0
141,225,290.34295654296875,96.87002563476562,325.1890869140625,110.21002197265625,Hornem.,51,3,1,708,,Bupleurum,,,,author_51_3,,,,,1209.7623189290364,403.62510681152344,1354.9545288085938,459.2084248860677,1.0,2.0
142,226,243.36000061035156,106.47000122070312,289.18707275390625,119.80999755859375,libanoticum,51,4,0,708,Bupleurum,Bupleurum,libanoticum,Bupleurum_libanoticum_51_4,Boiss. ,,,,species,,1014.0000025431315,443.625005086263,1204.9461364746094,499.2083231608073,1.0,2.0
143,227,292.1748962402344,106.47000122070312,314.1429748535156,119.80999755859375,Boiss.,51,4,1,708,,Bupleurum,,,,author_51_4,,,,,1217.3954010009766,443.625005086263,1308.9290618896484,499.2083231608073,1.0,2.0
144,228,243.36000061035156,116.07000732421875,291.517578125,129.41000366210938,linearifolium,51,5,0,708,Bupleurum,Bupleurum,linearifolium,Bupleurum_linearifolium_51_5,D.C. ,,,,species,,1014.0000025431315,483.6250305175781,1214.6565755208333,539.2083485921224,1.0,2.0
145,229,295.87652587890625,116.07000732421875,314.6221923828125,129.41000366210938,D.C.,51,5,1,708,,Bupleurum,,,,author_51_5,,,,,1232.8188578287761,483.6250305175781,1310.925801595052,539.2083485921224,1.0,2.0
146,230,243.36000061035156,125.67001342773438,285.2460021972656,139.010009765625,nodiflorum,51,6,0,708,Bupleurum,Bupleurum,nodiflorum,Bupleurum_nodiflorum_51_6,Sibth. et Smith ,,,,species,,1014.0000025431315,523.6250559488932,1188.5250091552734,579.2083740234375,1.0,2.0
147,231,289.48516845703125,125.67001342773438,312.433349609375,139.010009765625,Sibth.,51,6,1,708,,Bupleurum,,,,author_51_6,,,,,1206.1882019042969,523.6250559488932,1301.8056233723958,579.2083740234375,1.0,2.0
148,232,317.1437683105469,125.67001342773438,324.0985107421875,139.010009765625,et,51,6,2,708,,Bupleurum,,,,author_51_6,,,,,1321.432367960612,523.6250559488932,1350.4104614257812,579.2083740234375,1.0,2.0
149,233,328.10205078125,125.67001342773438,350.9394226074219,139.010009765625,Smith,51,6,3,708,,Bupleurum,,,,author_51_6,,,,,1367.0918782552083,523.6250559488932,1462.247594197591,579.2083740234375,1.0,2.0
150,234,243.1199951171875,137.23199462890625,272.45599365234375,147.0,odontiies,51,7,0,708,Bupleurum,Bupleurum,odontiies,Bupleurum_odontiies_51_7,Boiss. ,,,,species,,1012.9999796549479,571.7999776204427,1135.2333068847656,612.5,1.0,2.0
151,235,274.73101806640625,136.41600036621094,295.7626037597656,147.08799743652344,Boiss.,51,7,1,708,,Bupleurum,,,,author_51_7,,,,,1144.7125752766926,568.4000015258789,1232.3441823323567,612.8666559855143,1.0,2.0
152,236,243.1199951171875,145.44300842285156,284.53369140625,157.4490203857422,papillosum,51,8,0,708,Bupleurum,Bupleurum,papillosum,Bupleurum_papillosum_51_8,D.C. ,,,,species,,1012.9999796549479,606.0125350952148,1185.5570475260417,656.0375849405924,1.0,2.0
153,237,288.8887023925781,145.44300842285156,307.1126403808594,157.4490203857422,D.C.,51,8,1,708,,Bupleurum,,,,author_51_8,,,,,1203.7029266357422,606.0125350952148,1279.636001586914,656.0375849405924,1.0,2.0
154,238,243.1199951171875,155.04298400878906,263.4318542480469,167.0489959716797,postii,51,9,0,708,Bupleurum,Bupleurum,postii,Bupleurum_postii_51_9,Wolff ,,,,species,,1012.9999796549479,646.0124333699545,1097.6327260335286,696.037483215332,1.0,2.0
155,239,267.8304138183594,155.04298400878906,288.7709045410156,167.0489959716797,Wolff,51,9,1,708,,Bupleurum,,,,author_51_9,,,,,1115.9600575764973,646.0124333699545,1203.2121022542317,696.037483215332,1.0,2.0
156,240,242.16000366210938,165.3209991455078,282.2550048828125,176.30999755859375,protractum,51,10,0,708,Bupleurum,Bupleurum,protractum,Bupleurum_protractum_51_10,Hoffm. et Link ,,,,species,,1009.0000152587891,688.8374964396158,1176.062520345052,734.624989827474,1.0,2.0
157,241,285.5685119628906,164.4029998779297,311.2877197265625,176.4090118408203,Hoffm.,51,10,1,708,,Bupleurum,,,,author_51_10,,,,,1189.8687998453777,685.0124994913737,1297.0321655273438,735.0375493367513,1.0,2.0
158,242,315.01605224609375,164.4029998779297,321.549072265625,176.4090118408203,et,51,10,2,708,,Bupleurum,,,,author_51_10,,,,,1312.5668843587239,685.0124994913737,1339.7878011067708,735.0375493367513,1.0,2.0
159,243,324.65570068359375,164.4029998779297,342.1875915527344,176.4090118408203,Link,51,10,3,708,,Bupleurum,,,,author_51_10,,,,,1352.7320861816406,685.0124994913737,1425.7816314697266,735.0375493367513,1.0,2.0
160,244,243.1199951171875,175.63198852539062,287.12799072265625,185.39999389648438,rotundifolium,51,11,0,708,Bupleurum,Bupleurum,rotundifolium,Bupleurum_rotundifolium_51_11,L. ,,,,species,,1012.9999796549479,731.7999521891276,1196.3666280110676,772.4999745686849,1.0,2.0
161,245,292.4443054199219,174.8159942626953,299.6029968261719,185.4879913330078,L.,51,11,1,708,,Bupleurum,,,,author_51_11,,,,,1218.5179392496746,728.3999760945638,1248.3458201090496,772.8666305541992,1.0,2.0
162,246,243.1199951171875,184.32298278808594,306.3939208984375,196.32899475097656,semicompositum,51,12,0,708,Bupleurum,Bupleurum,semicompositum,Bupleurum_semicompositum_51_12,L. ,,,,species,,1012.9999796549479,768.0124282836914,1276.641337076823,818.037478129069,1.0,2.0
163,247,311.4102478027344,184.32298278808594,319.35302734375,196.32899475097656,L.,51,12,1,708,,Bupleurum,,,,author_51_12,,,,,1297.5426991780598,768.0124282836914,1330.6376139322917,818.037478129069,1.0,2.0
164,248,242.8800048828125,195.07199096679688,277.54400634765625,204.83999633789062,subovatum,51,13,0,708,Bupleurum,Bupleurum,subovatum,Bupleurum_subovatum_51_13,Link ,,,,species,,1012.0000203450521,812.7999623616537,1156.4333597819011,853.4999847412109,1.0,2.0
165,249,281.6831970214844,194.25599670410156,298.7527770996094,204.92799377441406,Link,51,13,1,708,,Bupleurum,,,,author_51_13,,,,,1173.6799875895183,809.3999862670898,1244.803237915039,853.8666407267252,1.0,2.0
166,250,243.1199951171875,204.6719970703125,283.5990905761719,214.44000244140625,trichopodum,51,14,0,708,Bupleurum,Bupleurum,trichopodum,Bupleurum_trichopodum_51_14,Boiss. et Sprun. ,,,,species,,1012.9999796549479,852.7999877929688,1181.662877400716,893.500010172526,1.0,2.0
167,251,287.6145324707031,203.8560028076172,308.4480895996094,214.5279998779297,Boiss.,51,14,1,708,,Bupleurum,,,,author_51_14,,,,,1198.3938852945964,849.4000116984049,1285.2003733317058,893.8666661580404,1.0,2.0
168,252,313.2159423828125,203.8560028076172,319.3034362792969,214.5279998779297,et,51,14,2,708,,Bupleurum,,,,author_51_14,,,,,1305.066426595052,849.4000116984049,1330.4309844970703,893.8666661580404,1.0,2.0
169,253,323.5693359375,203.8560028076172,348.32135009765625,214.5279998779297,Sprun.,51,14,3,708,,Bupleurum,,,,author_51_14,,,,,1348.20556640625,849.4000116984049,1451.3389587402344,893.8666661580404,1.0,2.0
170,254,229.44000244140625,213.7919921875,253.0,223.55999755859375,Butinia,52,0,0,708,Butinia,Butinia,,,,,,,genus,,956.000010172526,890.7999674479166,1054.1666666666667,931.499989827474,1.0,3.0
171,255,243.1199951171875,223.87200927734375,275.2434997558594,233.6400146484375,libanotica,53,0,0,708,Butinia,Butinia,libanotica,Butinia_libanotica_53_0,Boiss. ,,,,species,,1012.9999796549479,932.800038655599,1146.847915649414,973.5000610351562,1.0,2.0
172,256,278.7688903808594,223.05601501464844,299.6024475097656,233.72801208496094,Boiss.,53,0,1,708,,Butinia,,,,author_53_0,,,,,1161.5370432535808,929.4000625610352,1248.3435312906902,973.8667170206705,1.0,2.0
173,257,229.44000244140625,231.3629913330078,280.58636474609375,243.36900329589844,BUXACEAE,54,0,0,708,,,,,,,,,,,956.000010172526,964.0124638875326,1169.1098531087239,1014.0375137329102,1.0,3.0
174,258,229.67999267578125,241.44300842285156,252.5410614013672,253.4490203857422,Buxus,54,1,0,708,Buxus,Buxus,,,,,,,genus,,956.9999694824219,1006.0125350952148,1052.2544225056965,1056.0375849405925,1.0,3.0
175,259,243.1199951171875,251.04298400878906,277.70867919921875,263.0489807128906,longifolia,55,0,0,708,Buxus,Buxus,longifolia,Buxus_longifolia_55_0,Boiss. ,,,,species,,1012.9999796549479,1046.0124333699544,1157.1194966634114,1096.0374196370442,1.0,2.0
176,260,283.416015625,251.04298400878906,304.7129211425781,263.0489807128906,Boiss.,55,0,1,708,,Buxus,,,,author_55_0,,,,,1180.9000651041667,1046.0124333699544,1269.637171427409,1096.0374196370442,1.0,2.0
177,261,242.8800048828125,262.2720031738281,285.5360107421875,272.0400085449219,sempervirens,55,1,0,708,Buxus,Buxus,sempervirens,Buxus_sempervirens_55_1,L. ,,,,species,,1012.0000203450521,1092.800013224284,1189.733378092448,1133.500035603841,1.0,2.0
178,262,288.7842102050781,261.45599365234375,296.0023193359375,272.12799072265625,L.,55,1,1,708,,Buxus,,,,author_55_1,,,,,1203.267542521159,1089.3999735514324,1233.342997233073,1133.8666280110676,1.0,2.0
179,264,229.67999267578125,310.2300109863281,260.7760009765625,323.57000732421875,Cachrys,57,0,0,708,Cachrys,Cachrys,,,,,,,genus,,956.9999694824219,1292.6250457763672,1086.566670735677,1348.2083638509114,1.0,3.0
180,265,242.8800048828125,322.7519836425781,262.6800231933594,332.5199890136719,crispa,58,0,0,708,Cachrys,Cachrys,crispa,Cachrys_crispa_58_0,Pers. ,,,,species,,1012.0000203450521,1344.7999318440754,1094.5000966389973,1385.4999542236328,1.0,2.0
181,266,266.0707702636719,321.93597412109375,284.00164794921875,332.60797119140625,Pers.,58,0,1,708,,Cachrys,,,,author_58_0,,,,,1108.628209431966,1341.3998921712239,1183.3401997884114,1385.8665466308594,1.0,2.0
182,267,243.1199951171875,330.7230224609375,284.6495361328125,342.72900390625,goniocarpa,58,1,0,708,Cachrys,Cachrys,goniocarpa,Cachrys_goniocarpa_58_1,Boiss. ,,,,species,,1012.9999796549479,1378.0125935872395,1186.0397338867188,1428.0375162760417,1.0,2.0
183,268,289.2124328613281,330.7230224609375,310.7122802734375,342.72900390625,Boiss.,58,1,1,708,,Cachrys,,,,author_58_1,,,,,1205.0518035888672,1378.0125935872395,1294.634501139323,1428.0375162760417,1.0,2.0
184,269,242.8800048828125,342.1919860839844,279.8346862792969,351.9599914550781,microcarpa,58,2,0,708,Cachrys,Cachrys,microcarpa,Cachrys_microcarpa_58_2,M. Bieb. ,,,,species,,1012.0000203450521,1425.7999420166016,1165.9778594970703,1466.499964396159,1.0,2.0
185,270,283.6491394042969,341.3759765625,293.1957092285156,352.0479736328125,M.,58,2,1,708,,Cachrys,,,,author_58_2,,,,,1181.8714141845703,1422.39990234375,1221.6487884521484,1466.8665568033855,1.0,2.0
186,271,297.26361083984375,341.3759765625,316.4023132324219,352.0479736328125,Bieb.,58,2,2,708,,Cachrys,,,,author_58_2,,,,,1238.5983784993489,1422.39990234375,1318.3429718017578,1466.8665568033855,1.0,2.0
187,272,229.67999267578125,349.3500061035156,287.3280029296875,362.69000244140625,CACTACEAE,59,0,0,708,,,,,,,,,,,956.9999694824219,1455.6250254313152,1197.2000122070312,1511.2083435058594,1.0,3.0
188,273,229.44000244140625,361.1520080566406,251.66400146484375,370.9200134277344,Cactus,59,1,0,708,Cactus,Cactus,,,,,,,genus,,956.000010172526,1504.800033569336,1048.6000061035156,1545.5000559488933,1.0,3.0
189,274,240.72000122070312,370.5119934082031,285.5997314453125,380.2799987792969,ficus-indica,60,0,0,708,Cactus,Cactus,ficus-indica,Cactus_ficus-indica_60_0,L. ,,,,species,,1003.0000050862631,1543.7999725341797,1189.9988810221355,1584.499994913737,1.0,2.0
190,275,286.9322814941406,369.69598388671875,294.4315490722656,380.36798095703125,L.,60,0,1,708,,Cactus,,,,author_60_0,,,,,1195.5511728922527,1540.3999328613281,1226.7981211344402,1584.8665873209636,1.0,2.0
191,276,242.39999389648438,380.3520202636719,266.603515625,390.1200256347656,opuntia,60,1,0,708,Cactus,Cactus,opuntia,Cactus_opuntia_60_1,L. ,,,,species,,1009.9999745686849,1584.800084431966,1110.8479817708333,1625.5001068115234,1.0,2.0
192,277,271.8039855957031,379.5360107421875,278.9626770019531,390.2080078125,L.,60,1,1,708,,Cactus,,,,author_60_1,,,,,1132.516606648763,1581.4000447591145,1162.344487508138,1625.86669921875,1.0,2.0
193,278,229.1999969482422,387.75,253.79501342773438,401.0899963378906,Cakile,61,0,0,708,Cakile,Cakile,,,,,,,genus,,954.9999872843424,1615.625,1057.4792226155598,1671.2083180745442,1.0,3.0
194,279,242.8800048828125,397.3500061035156,283.69769287109375,410.69000244140625,aegyptiaca,62,0,0,708,Cakile,Cakile,aegyptiaca,Cakile_aegyptiaca_62_0,(L.) Maire et Weiller ,,,,species,,1012.0000203450521,1655.6250254313152,1182.0737202962239,1711.2083435058594,1.0,2.0
195,280,287.6527404785156,397.3500061035156,301.89385986328125,410.69000244140625,(L.),62,0,1,708,,Cakile,,,,author_62_0,,,,,1198.5530853271484,1655.6250254313152,1257.8910827636719,1711.2083435058594,1.0,2.0
196,281,306.3142395019531,397.3500061035156,329.7099304199219,410.69000244140625,Maire,62,0,2,708,,Cakile,,,,author_62_0,,,,,1276.309331258138,1655.6250254313152,1373.7913767496746,1711.2083435058594,1.0,2.0
197,282,332.967041015625,397.3500061035156,339.927734375,410.69000244140625,et,62,0,3,708,,Cakile,,,,author_62_0,,,,,1387.3626708984375,1655.6250254313152,1416.3655598958333,1711.2083435058594,1.0,2.0
198,283,342.71954345703125,397.3500061035156,370.7404479980469,410.69000244140625,Weiller,62,0,4,708,,Cakile,,,,author_62_0,,,,,1427.9980977376301,1655.6250254313152,1544.7518666585286,1711.2083435058594,1.0,2.0
199,284,242.8800048828125,408.4410095214844,275.6025390625,419.42999267578125,maritima,62,1,0,708,Cakile,Cakile,maritima,Cakile_maritima_62_1,Scop. ,,,,species,,1012.0000203450521,1701.8375396728516,1148.3439127604167,1747.6249694824219,1.0,2.0
200,285,277.1026611328125,407.52301025390625,297.8944091796875,419.52899169921875,Scop.,62,1,1,708,,Cakile,,,,author_62_1,,,,,1154.5944213867188,1698.0125427246094,1241.2267049153645,1748.0374654134114,1.0,2.0
201,286,229.44000244140625,416.5500183105469,263.9330139160156,429.8900146484375,Calepina,63,0,0,708,Calepina,Calepina,,,,,,,genus,,956.000010172526,1735.6250762939453,1099.7208913167317,1791.2083943684895,1.0,3.0
202,287,242.63999938964844,428.5920104980469,267.27911376953125,438.3600158691406,corvinii,64,0,0,708,Calepina,Calepina,corvinii,Calepina_corvinii_64_0,Desv. ,,,,species,,1010.9999974568685,1785.800043741862,1113.6629740397136,1826.5000661214192,1.0,2.0
203,288,271.1044616699219,427.7760009765625,291.44305419921875,438.447998046875,Desv.,64,0,1,708,,Calepina,,,,author_64_0,,,,,1129.6019236246746,1782.4000040690105,1214.3460591634114,1826.8666585286458,1.0,2.0
204,289,242.8800048828125,435.75,281.885986328125,449.0899963378906,irregularis,64,1,0,708,Calepina,Calepina,irregularis,Calepina_irregularis_64_1,(Asso) Thell. ,,,,species,,1012.0000203450521,1815.625,1174.5249430338542,1871.2083180745442,1.0,2.0
205,290,285.9449768066406,435.75,309.0960998535156,449.0899963378906,(Asso),64,1,1,708,,Calepina,,,,author_64_1,,,,,1191.4374033610027,1815.625,1287.9004160563152,1871.2083180745442,1.0,2.0
206,291,312.94134521484375,435.75,336.2237854003906,449.0899963378906,Thell.,64,1,2,708,,Calepina,,,,author_64_1,,,,,1303.9222717285156,1815.625,1400.9324391682942,1871.2083180745442,1.0,2.0
207,292,229.44000244140625,445.8299865722656,274.39300537109375,459.16998291015625,Calligonum,65,0,0,708,Calligonum,Calligonum,,,,,,,genus,,956.000010172526,1857.6249440511067,1143.3041890462239,1913.2082621256511,1.0,3.0
208,293,242.8800048828125,454.9499816894531,278.7734375,468.28997802734375,comosum,66,0,0,708,Calligonum,Calligonum,comosum,Calligonum_comosum_66_0,L'Hér. ,,,,species,,1012.0000203450521,1895.6249237060547,1161.5559895833333,1951.2082417805989,1.0,2.0
209,294,282.83441162109375,454.9499816894531,308.143798828125,468.28997802734375,L'Hér.,66,0,1,708,,Calligonum,,,,author_66_0,,,,,1178.4767150878906,1895.6249237060547,1283.9324951171875,1951.2082417805989,1.0,2.0
210,295,242.8800048828125,464.5500183105469,288.2715148925781,477.8900146484375,tetrapterum,66,1,0,708,Calligonum,Calligonum,tetrapterum,Calligonum_tetrapterum_66_1,Jaub. et Spach ,,,,species,,1012.0000203450521,1935.6250762939453,1201.131312052409,1991.2083943684895,1.0,2.0
211,296,290.6069030761719,464.5500183105469,312.7175598144531,477.8900146484375,Jaub.,66,1,1,708,,Calligonum,,,,author_66_1,,,,,1210.862096150716,1935.6250762939453,1302.9898325602214,1991.2083943684895,1.0,2.0
212,297,316.6874694824219,464.5500183105469,323.8214111328125,477.8900146484375,et,66,1,2,708,,Calligonum,,,,author_66_1,,,,,1319.5311228434246,1935.6250762939453,1349.255879720052,1991.2083943684895,1.0,2.0
213,298,327.32403564453125,464.5500183105469,350.4583740234375,477.8900146484375,Spach,66,1,3,708,,Calligonum,,,,author_66_1,,,,,1363.8501485188801,1935.6250762939453,1460.2432250976562,1991.2083943684895,1.0,2.0
214,299,229.44000244140625,474.6300048828125,321.4120178222656,487.9700012207031,CALLITRICHACEAE,67,0,0,708,,,,,,,,,,,956.000010172526,1977.625020345052,1339.2167409261067,2033.2083384195964,1.0,3.0
215,300,229.44000244140625,483.75,270.2000427246094,497.0899963378906,Callitriche,67,1,0,708,Callitriche,Callitriche,,,,,,,genus,,956.000010172526,2015.625,1125.833511352539,2071.2083180745444,1.0,3.0
216,301,242.63999938964844,493.3500061035156,278.4888610839844,506.69000244140625,naftolskyi,68,0,0,708,Callitriche,Callitriche,naftolskyi,Callitriche_naftolskyi_68_0,Warb. ,,,,species,,1010.9999974568685,2055.625025431315,1160.3702545166016,2111.2083435058594,1.0,2.0
217,302,283.9259338378906,493.3500061035156,308.62249755859375,506.69000244140625,Warb.,68,0,1,708,,Callitriche,,,,author_68_0,,,,,1183.0247243245442,2055.625025431315,1285.9270731608074,2111.2083435058594,1.0,2.0
218,303,242.63999938964844,503.4300231933594,253.61911010742188,516.77001953125,sp.,68,1,0,708,Callitriche,Callitriche,sp.,Callitriche_sp._68_1,nova ,,,,species,,1010.9999974568685,2097.6250966389975,1056.7462921142578,2153.2084147135415,1.0,2.0
219,304,256.9920349121094,503.4300231933594,275.5396728515625,516.77001953125,nova,68,1,1,708,,Callitriche,,,,author_68_1,,,,,1070.8001454671223,2097.6250966389975,1148.0819702148438,2153.2084147135415,1.0,2.0
220,305,242.8800048828125,513.0299682617188,274.6986389160156,526.3699951171875,truncata,68,2,0,708,Callitriche,Callitriche,truncata,Callitriche_truncata_68_2,Guss. ,,,,species,,1012.0000203450521,2137.6248677571616,1144.5776621500652,2193.2083129882812,1.0,2.0
221,306,278.62200927734375,513.0299682617188,299.50311279296875,526.3699951171875,Guss.,68,2,1,708,,Callitriche,,,,author_68_2,,,,,1160.9250386555989,2137.6248677571616,1247.9296366373699,2193.2083129882812,1.0,2.0
222,307,229.44000244140625,522.6300048828125,275.14202880859375,535.9700317382812,Calycotome,69,0,0,708,Calycotome,Calycotome,,,,,,,genus,,956.000010172526,2177.6250203450522,1146.4251200358074,2233.208465576172,1.0,3.0
223,308,242.63999938964844,532.22998046875,266.7920227050781,545.5700073242188,villosa,70,0,0,708,Calycotome,Calycotome,villosa,Calycotome_villosa_70_0,(Vahl) Link ,,,,species,,1010.9999974568685,2217.6249186197915,1111.6334279378254,2273.2083638509116,1.0,2.0
224,309,270.9230041503906,532.22998046875,295.81298828125,545.5700073242188,(Vahl),70,0,1,708,,Calycotome,,,,author_70_0,,,,,1128.8458506266277,2217.6249186197915,1232.5541178385417,2273.2083638509116,1.0,2.0
225,310,299.9442443847656,532.22998046875,317.94146728515625,545.5700073242188,Link,70,0,2,708,,Calycotome,,,,author_70_0,,,,,1249.7676849365234,2217.6249186197915,1324.7561136881511,2273.2083638509116,1.0,2.0
226,311,229.1999969482422,541.3499755859375,266.136962890625,554.6900024414062,Camelina,71,0,0,708,Camelina,Camelina,,,,,,,genus,,954.9999872843424,2255.6248982747397,1108.9040120442708,2311.2083435058594,1.0,3.0
227,312,242.63999938964844,550.949951171875,275.5515441894531,564.2899780273438,anomala,72,0,0,708,Camelina,Camelina,anomala,Camelina_anomala_72_0,Boiss et Hausskn.. ,,,,species,,1010.9999974568685,2295.624796549479,1148.1314341227214,2351.208241780599,1.0,2.0
228,313,279.5858154296875,550.949951171875,299.0908203125,564.2899780273438,Boiss,72,0,1,708,,Camelina,,,,author_72_0,,,,,1164.940897623698,2295.624796549479,1246.2117513020833,2351.208241780599,1.0,2.0
229,314,303.3616943359375,550.949951171875,310.28179931640625,564.2899780273438,et,72,0,2,708,,Camelina,,,,author_72_0,,,,,1264.007059733073,2295.624796549479,1292.8408304850261,2351.208241780599,1.0,2.0
230,315,314.3160705566406,550.949951171875,352.06280517578125,564.2899780273438,Hausskn..,72,0,3,708,,Camelina,,,,author_72_0,,,,,1309.6502939860027,2295.624796549479,1466.9283548990886,2351.208241780599,1.0,2.0
231,316,242.63999938964844,560.5499877929688,270.4440002441406,573.8900146484375,hispida,72,1,0,708,Camelina,Camelina,hispida,Camelina_hispida_72_1,Boiss. ,,,,species,,1010.9999974568685,2335.6249491373696,1126.8500010172527,2391.2083943684897,1.0,2.0
232,317,273.41796875,560.5499877929688,295.18310546875,573.8900146484375,Boiss.,72,1,1,708,,Camelina,,,,author_72_1,,,,,1139.2415364583333,2335.6249491373696,1229.9296061197917,2391.2083943684897,1.0,2.0
233,318,242.63999938964844,570.6299438476562,281.0104064941406,583.969970703125,lasiocarpa,72,2,0,708,Camelina,Camelina,lasiocarpa,Camelina_lasiocarpa_72_2,Boiss. et Hausskn. ,,,,species,,1010.9999974568685,2377.624766031901,1170.876693725586,2433.208211263021,1.0,2.0
234,319,285.28125,570.6299438476562,307.24932861328125,583.969970703125,Boiss.,72,2,1,708,,Camelina,,,,author_72_2,,,,,1188.671875,2377.624766031901,1280.2055358886719,2433.208211263021,1.0,2.0
235,320,312.1953430175781,570.6299438476562,319.07684326171875,583.969970703125,et,72,2,2,708,,Camelina,,,,author_72_2,,,,,1300.813929239909,2377.624766031901,1329.4868469238281,2433.208211263021,1.0,2.0
236,321,323.3476867675781,570.6299438476562,358.3035888671875,583.969970703125,Hausskn.,72,2,3,708,,Camelina,,,,author_72_2,,,,,1347.2820281982422,2377.624766031901,1492.931620279948,2433.208211263021,1.0,2.0
237,322,242.8800048828125,582.1920166015625,279.8346862792969,591.9599609375,microcarpa,72,3,0,708,Camelina,Camelina,microcarpa,Camelina_microcarpa_72_3,Andrz. ,,,,species,,1012.0000203450521,2425.8000691731772,1165.9778594970703,2466.4998372395835,1.0,2.0
238,323,282.66607666015625,581.3759765625,308.4823303222656,592.0479736328125,Andrz.,72,3,1,708,,Camelina,,,,author_72_3,,,,,1177.7753194173176,2422.39990234375,1285.3430430094402,2466.8665568033853,1.0,2.0
239,324,242.8800048828125,589.3499755859375,276.0856018066406,602.6900024414062,rumelica,72,4,0,708,Camelina,Camelina,rumelica,Camelina_rumelica_72_4,Velen. ,,,,species,,1012.0000203450521,2455.6248982747397,1150.356674194336,2511.2083435058594,1.0,2.0
240,325,278.931640625,589.3499755859375,304.30853271484375,602.6900024414062,Velen.,72,4,1,708,,Camelina,,,,author_72_4,,,,,1162.2151692708333,2455.6248982747397,1267.9522196451824,2511.2083435058594,1.0,2.0
241,326,242.63999938964844,599.9609985351562,274.6862487792969,610.9500122070312,silvestris,72,5,0,708,Camelina,Camelina,silvestris,Camelina_silvestris_72_5,Wallr. ,,,,species,,1010.9999974568685,2499.8374938964844,1144.5260365804036,2545.6250508626304,1.0,2.0
242,327,276.18621826171875,599.0430297851562,300.6865234375,611.0490112304688,Wallr.,72,5,1,708,,Camelina,,,,author_72_5,,,,,1150.7759094238281,2496.012624104818,1252.8605143229167,2546.0375467936196,1.0,2.0
0,3,30.719999313354492,49.912017822265625,82.27200317382812,59.68001937866211,Campylopterum,1,0,0,709,Campylopterum,Campylopterum,,,,,,,genus,,127.99999713897705,207.96674092610678,342.8000132242839,248.66674741109213,0.0,0.0
1,4,43.68000030517578,59.032012939453125,73.00800323486328,68.80001831054688,syriacum,2,0,0,709,Campylopterum,Campylopterum,syriacum,Campylopterum_syriacum_2_0,Boiss. ,,,,species,,182.00000127156576,245.9667205810547,304.200013478597,286.666742960612,0.0,1.0
2,5,77.40855407714844,58.21601486206055,98.24211883544922,68.88801574707031,Boiss.,2,0,1,709,,Campylopterum,,,,author_2_0,,,,,322.53564198811847,242.56672859191895,409.34216181437176,287.0333989461263,0.0,1.0
3,6,30.959999084472656,67.00298309326172,87.45829010009766,79.00897979736328,Capnophyllum,3,0,0,709,Capnophyllum,Capnophyllum,,,,,,,genus,,128.99999618530273,279.1790962219238,364.40954208374023,329.2040824890137,0.0,0.0
4,7,43.91999816894531,77.08300018310547,87.84628295898438,89.08899688720703,peregrinum,4,0,0,709,Capnophyllum,Capnophyllum,peregrinum,Capnophyllum_peregrinum_4_0,(L.) Lagr. ,,,,species,,182.99999237060547,321.17916742960614,366.02617899576825,371.204153696696,0.0,1.0
5,8,92.92103576660156,77.08300018310547,106.57709503173828,89.08899688720703,(L.),4,0,1,709,,Capnophyllum,,,,author_4_0,,,,,387.17098236083984,321.17916742960614,444.0712292989095,371.204153696696,0.0,1.0
6,9,111.91912841796875,77.08300018310547,132.15274047851562,89.08899688720703,Lagr.,4,0,2,709,,Capnophyllum,,,,author_4_0,,,,,466.32970174153644,321.17916742960614,550.6364186604818,371.204153696696,0.0,1.0
7,10,30.719999313354492,86.68297576904297,108.95574951171875,98.68897247314453,CAPPARIDACEAE,5,0,0,709,,,,,,,,,,,127.99999713897705,361.1790657043457,453.98228963216144,411.20405197143555,0.0,0.0
8,11,30.719999313354492,95.80303192138672,64.46018981933594,107.80902862548828,Capparis,5,1,0,709,Capparis,Capparis,,,,,,,genus,,127.99999713897705,399.17929967244464,268.5841242472331,449.2042859395345,0.0,0.0
9,12,42.720001220703125,107.75198364257812,75.16799926757812,117.51998901367188,parviflora,6,0,0,709,Capparis,Capparis,parviflora,Capparis_parviflora_6_0,Boiss. ,,,,species,,178.00000508626303,448.9665985107422,313.1999969482422,489.6666208902995,0.0,1.0
10,13,80.76941680908203,106.93598937988281,101.60298156738281,117.60798645019531,Boiss.,6,0,1,709,,Capparis,,,,author_6_0,,,,,336.5392367045085,445.5666224161784,423.3457565307617,490.0332768758138,0.0,1.0
11,14,43.91999816894531,116.8810043334961,65.4209976196289,127.87000274658203,sicula,6,1,0,709,Capparis,Capparis,sicula,Capparis_sicula_6_1,Duhamel ,,,,species,,182.99999237060547,487.0041847229004,272.5874900817871,532.7916781107584,0.0,1.0
12,15,66.9209976196289,115.96300506591797,102.02698516845703,127.96900177001953,Duhamel,6,1,1,709,,Capparis,,,,author_6_1,,,,,278.8374900817871,483.1791877746582,425.1124382019043,533.204174041748,0.0,1.0
13,16,43.91999816894531,125.08300018310547,70.97076416015625,137.08900451660156,spinosa,6,2,0,709,Capparis,Capparis,spinosa,Capparis_spinosa_6_2,L. ,,,,species,,182.99999237060547,521.1791674296061,295.7115173339844,571.2041854858398,0.0,1.0
14,17,75.76929473876953,125.08300018310547,83.67147827148438,137.08900451660156,L.,6,2,1,709,,Capparis,,,,author_6_2,,,,,315.70539474487305,521.1791674296061,348.63115946451825,571.2041854858398,0.0,1.0
15,18,30.239999771118164,134.68296813964844,62.35361862182617,146.68898010253906,Capsella,7,0,0,709,Capsella,Capsella,,,,,,,genus,,125.99999904632568,561.1790339152018,259.80674425760907,611.2040837605795,0.0,0.0
16,19,43.91999816894531,144.7629852294922,97.29600524902344,156.7689971923828,bursa-pastoris,8,0,0,709,Capsella,Capsella,bursa-pastoris,Capsella_bursa-pastoris_8_0,(L.) Medik. ,,,,species,,182.99999237060547,603.1791051228842,405.40002187093097,653.2041549682617,0.0,1.0
17,20,102.4954833984375,144.7629852294922,116.32975006103516,156.7689971923828,(L.),8,0,1,709,,Capsella,,,,author_8_0,,,,,427.06451416015625,603.1791051228842,484.7072919209798,653.2041549682617,0.0,1.0
18,21,121.52922821044922,144.7629852294922,148.23348999023438,156.7689971923828,Medik.,8,0,2,709,,Capsella,,,,author_8_0,,,,,506.3717842102051,603.1791051228842,617.6395416259766,653.2041549682617,0.0,1.0
19,22,45.36000061035156,154.3629913330078,51.79302215576172,166.36900329589844,X,8,1,0,709,,,,,,,,,,,189.0000025431315,643.1791305541992,215.80425898234049,693.2041803995768,0.0,1.0
20,23,58.15802001953125,154.3629913330078,78.94401550292969,166.36900329589844,gelmi,8,1,1,709,Capsella,Capsella,gelmi,Capsella_gelmi_8_1,Murr. ,,,,hybrid-species,,242.32508341471353,643.1791305541992,328.9333979288737,693.2041803995768,0.0,1.0
21,24,83.33367156982422,154.3629913330078,105.57402038574219,166.36900329589844,Murr.,8,1,2,709,,Capsella,,,,author_8_1,,,,,347.22363154093426,643.1791305541992,439.8917516072591,693.2041803995768,0.0,1.0
22,25,42.47999954223633,165.35198974609375,81.58399963378906,175.1199951171875,procumbens,8,2,0,709,Capsella,Capsella,procumbens,Capsella_procumbens_8_2,(L.) Fries ,,,,species,,176.99999809265137,688.9666239420573,339.9333318074544,729.6666463216146,0.0,1.0
23,26,85.75981903076172,164.53599548339844,99.18421936035156,175.20799255371094,(L.),8,2,1,709,,Capsella,,,,author_8_2,,,,,357.3325792948405,685.5666478474935,413.26758066813153,730.0333023071289,0.0,1.0
24,27,103.88077545166016,164.53599548339844,121.71662139892578,175.20799255371094,Fries,8,2,2,709,,Capsella,,,,author_8_2,,,,,432.8365643819173,685.5666478474935,507.15258916219074,730.0333023071289,0.0,1.0
25,28,43.439998626708984,173.56300354003906,69.74529266357422,185.5690155029297,rubella,8,3,0,709,Capsella,Capsella,rubella,Capsella_rubella_8_3,Reut. ,,,,species,,180.9999942779541,723.1791814168295,290.6053860982259,773.204231262207,0.0,1.0
26,29,74.83587646484375,173.56300354003906,95.67241668701172,185.5690155029297,Reut.,8,3,1,709,,Capsella,,,,author_8_3,,,,,311.81615193684894,723.1791814168295,398.6350695292155,773.204231262207,0.0,1.0
27,30,30.0,183.1630096435547,72.37596130371094,195.1690216064453,Cardamine,9,0,0,709,Cardamine,Cardamine,,,,,,,genus,,125.0,763.1792068481445,301.5665054321289,813.2042566935221,0.0,0.0
28,31,41.279998779296875,193.6809844970703,68.50897216796875,204.66998291015625,fontana,10,0,0,709,Cardamine,Cardamine,fontana,Cardamine_fontana_10_0,Lam. ,,,,species,,171.99999491373697,807.0041020711263,285.4540506998698,852.7915954589844,0.0,1.0
29,32,72.29769897460938,192.7629852294922,92.07196044921875,204.7689971923828,Lam.,10,0,1,709,,Cardamine,,,,author_10_0,,,,,301.24041239420575,803.1791051228842,383.63316853841144,853.2041549682617,0.0,1.0
30,33,43.439998626708984,202.84300231933594,68.12168884277344,214.84901428222656,graeca,10,1,0,709,Cardamine,Cardamine,graeca,Cardamine_graeca_10_1,L. ,,,,species,,180.9999942779541,845.1791763305664,283.84037017822266,895.204226175944,0.0,1.0
31,34,72.53411865234375,202.84300231933594,80.5531234741211,214.84901428222656,L.,10,1,1,709,,Cardamine,,,,author_10_1,,,,,302.2254943847656,845.1791763305664,335.6380144755046,895.204226175944,0.0,1.0
32,35,43.20000076293945,212.44300842285156,69.28848266601562,224.4490203857422,hirsuta,10,2,0,709,Cardamine,Cardamine,hirsuta,Cardamine_hirsuta_10_2,L. ,,,,species,,180.0000031789144,885.1792017618815,288.70201110839844,935.2042516072592,0.0,1.0
33,36,73.72566223144531,212.44300842285156,81.75357055664062,224.4490203857422,L.,10,2,1,709,,Cardamine,,,,author_10_2,,,,,307.1902592976888,885.1792017618815,340.63987731933594,935.2042516072592,0.0,1.0
34,37,43.20000076293945,221.56300354003906,77.38700866699219,233.5690155029297,uliginosa,10,3,0,709,Cardamine,Cardamine,uliginosa,Cardamine_uliginosa_10_3,M. Bieb. ,,,,species,,180.0000031789144,923.1791814168295,322.4458694458008,973.204231262207,0.0,1.0
35,38,81.3569107055664,221.56300354003906,91.76676177978516,233.5690155029297,M.,10,3,1,709,,Cardamine,,,,author_10_3,,,,,338.98712793986004,923.1791814168295,382.3615074157715,973.204231262207,0.0,1.0
36,39,95.73666381835938,221.56300354003906,115.35350799560547,233.5690155029297,Bieb.,10,3,2,709,,Cardamine,,,,author_10_3,,,,,398.90276590983075,923.1791814168295,480.63961664835614,973.204231262207,0.0,1.0
37,40,30.239999771118164,231.6429901123047,64.16000366210938,243.6490020751953,Cardariâ,11,0,0,709,Cardariâ,Cardariâ,,,,,,,genus,,125.99999904632568,965.1791254679362,267.3333485921224,1015.2041753133138,0.0,0.0
38,41,42.959999084472656,241.0030059814453,85.42109680175781,253.00901794433594,chalepensis,12,0,0,709,Cardariâ,Cardariâ,chalepensis,Cardariâ_chalepensis_12_0,(L.) Hand. Mazz. ,,,,species,,178.99999618530273,1004.1791915893555,355.9212366739909,1054.2042414347331,0.0,1.0
39,42,89.72561645507812,241.0030059814453,103.55988311767578,253.00901794433594,(L.),12,0,1,709,,Cardariâ,,,,author_12_0,,,,,373.8567352294922,1004.1791915893555,431.49951299031574,1054.2042414347331,0.0,1.0
40,43,107.61195373535156,241.0030059814453,131.2135467529297,253.00901794433594,Hand.,12,0,2,709,,Cardariâ,,,,author_12_0,,,,,448.38314056396484,1004.1791915893555,546.7231114705404,1054.2042414347331,0.0,1.0
41,44,135.26560974121094,241.0030059814453,158.5533905029297,253.00901794433594,Mazz.,12,0,3,709,,Cardariâ,,,,author_12_0,,,,,563.6067072550455,1004.1791915893555,660.6391270955404,1054.2042414347331,0.0,1.0
42,45,43.20000076293945,250.84300231933594,65.06099700927734,262.8489990234375,drabà,12,1,0,709,Cardariâ,Cardariâ,drabà,Cardariâ_drabà_12_1,(L.) Desv. ,,,,species,,180.0000031789144,1045.1791763305664,271.0874875386556,1095.2041625976562,0.0,1.0
43,46,69.83378601074219,250.84300231933594,83.4898452758789,262.8489990234375,(L.),12,1,1,709,,Cardariâ,,,,author_12_1,,,,,290.97410837809247,1045.1791763305664,347.8743553161621,1095.2041625976562,0.0,1.0
44,47,88.26263427734375,250.84300231933594,109.11302185058594,262.8489990234375,Desv.,12,1,2,709,,Cardariâ,,,,author_12_1,,,,,367.76097615559894,1045.1791763305664,454.6375910441081,1095.2041625976562,0.0,1.0
45,48,29.760000228881836,260.6830139160156,52.35575866699219,272.6889953613281,Carex,13,0,0,709,Carex,Carex,,,,,,,genus,,124.00000095367432,1086.1792246500652,218.14899444580078,1136.2041473388672,0.0,0.0
46,49,43.20000076293945,270.0429992675781,66.49470520019531,282.0489807128906,buekii,14,0,0,709,Carex,Carex,buekii,Carex_buekii_14_0,Wimm. ,,,,species,,180.0000031789144,1125.179163614909,277.06127166748047,1175.204086303711,0.0,1.0
47,50,72.09117126464844,270.0429992675781,100.47248840332031,282.0489807128906,Wimm.,14,0,1,709,,Carex,,,,author_14_0,,,,,300.37988026936847,1125.179163614909,418.63536834716797,1175.204086303711,0.0,1.0
48,51,42.959999084472656,279.64300537109375,74.75483703613281,291.64898681640625,echinata,14,1,0,709,Carex,Carex,echinata,Carex_echinata_14_1,Murr. ,,,,species,,178.99999618530273,1165.1791890462239,311.4784876505534,1215.2041117350261,0.0,1.0
49,52,79.48208618164062,279.64300537109375,101.91251373291016,291.64898681640625,Murr.,14,1,1,709,,Carex,,,,author_14_1,,,,,331.17535909016925,1165.1791890462239,424.63547388712567,1215.2041117350261,0.0,1.0
50,53,42.2400016784668,291.11199951171875,66.44351959228516,300.8800048828125,gracilis,14,2,0,709,Carex,Carex,gracilis,Carex_gracilis_14_2,Curt. ,,,,species,,176.00000699361166,1212.9666646321614,276.84799830118817,1253.6666870117188,0.0,1.0
51,54,73.0616683959961,290.2959899902344,92.48152160644531,300.9679870605469,Curt.,14,2,1,709,,Carex,,,,author_14_2,,,,,304.4236183166504,1209.5666249593098,385.3396733601888,1254.0332794189453,0.0,1.0
52,55,42.720001220703125,300.9519958496094,72.2061538696289,310.7200012207031,stellulata,14,3,0,709,Carex,Carex,stellulata,Carex_stellulata_14_3,Good. ,,,,species,,178.00000508626303,1253.9666493733723,300.8589744567871,1294.6666717529297,0.0,1.0
53,56,77.71549987792969,300.135986328125,99.9231948852539,310.8079833984375,Good.,14,3,1,709,,Carex,,,,author_14_3,,,,,323.81458282470703,1250.5666097005208,416.3466453552246,1295.0332641601562,0.0,1.0
54,57,29.040000915527344,310.31201171875,62.816001892089844,320.08001708984375,Caroxylon,15,0,0,709,Caroxylon,Caroxylon,,,,,,,genus,,121.00000381469727,1292.9667154947917,261.733341217041,1333.6667378743489,0.0,0.0
55,58,42.47999954223633,319.9119873046875,82.91999816894531,329.67999267578125,salicomicum,16,0,0,709,Caroxylon,Caroxylon,salicomicum,Caroxylon_salicomicum_16_0,Moqu. ,,,,species,,176.99999809265137,1332.9666137695312,345.49999237060547,1373.6666361490886,0.0,1.0
56,59,88.28678894042969,319.0959777832031,112.8823471069336,329.7679748535156,Moqu.,16,0,1,709,,Caroxylon,,,,author_16_0,,,,,367.8616205851237,1329.5665740966797,470.34311294555664,1374.0332285563152,0.0,1.0
57,60,29.040000915527344,329.5119934082031,66.81600189208984,339.2799987792969,Carpoceras,17,0,0,709,Carpoceras,Carpoceras,,,,,,,genus,,121.00000381469727,1372.9666392008464,278.4000078837077,1413.6666615804036,0.0,0.0
58,61,42.47999954223633,339.35198974609375,62.47999954223633,349.1199951171875,amani,18,0,0,709,Carpoceras,Carpoceras,amani,Carpoceras_amani_18_0,Post ,,,,species,,176.99999809265137,1413.9666239420574,260.3333314259847,1454.6666463216145,0.0,1.0
59,62,68.10319519042969,338.5359802246094,83.26404571533203,349.2079772949219,Post,18,0,1,709,,Carpoceras,,,,author_18_0,,,,,283.76331329345703,1410.5665842692058,346.9335238138835,1455.033238728841,0.0,1.0
60,63,42.0,348.7120056152344,88.656005859375,358.4800109863281,cappadocicum,18,1,0,709,Carpoceras,Carpoceras,cappadocicum,Carpoceras_cappadocicum_18_1,Boiss. et Reut. ,,,,species,,175.0,1452.9666900634766,369.4000244140625,1493.666712443034,0.0,1.0
61,64,92.23485565185547,347.89599609375,113.06842041015625,358.5679931640625,Boiss.,18,1,1,709,,Carpoceras,,,,author_18_1,,,,,384.31189854939777,1449.566650390625,471.11841837565106,1494.0333048502605,0.0,1.0
62,65,117.12445068359375,347.89599609375,123.262451171875,358.5679931640625,et,18,1,2,709,,Carpoceras,,,,author_18_1,,,,,488.01854451497394,1449.566650390625,513.5935465494791,1494.0333048502605,0.0,1.0
63,66,126.60370635986328,347.89599609375,146.9620819091797,358.5679931640625,Reut.,18,1,3,709,,Carpoceras,,,,author_18_1,,,,,527.515443166097,1449.566650390625,612.3420079549154,1494.0333048502605,0.0,1.0
64,67,42.0,358.31201171875,69.10400390625,368.08001708984375,oxyciras,18,2,0,709,Carpoceras,Carpoceras,oxyciras,Carpoceras_oxyciras_18_2,Boiss. ,,,,species,,175.0,1492.9667154947917,287.933349609375,1533.6667378743489,0.0,1.0
65,68,73.37090301513672,357.4960021972656,94.40245819091797,368.1679992675781,Boiss.,18,2,1,709,,Carpoceras,,,,author_18_2,,,,,305.712095896403,1489.5666758219402,393.3435757954915,1534.0333302815754,0.0,1.0
66,69,28.559999465942383,367.0030212402344,72.18138122558594,379.0090026855469,Carrichtera,19,0,0,709,Carrichtera,Carrichtera,,,,,,,genus,,118.99999777475993,1529.1792551676433,300.7557551066081,1579.2041778564453,0.0,0.0
67,70,42.0,376.3630065917969,65.2768783569336,388.3689880371094,annua,20,0,0,709,Carrichtera,Carrichtera,annua,Carrichtera_annua_20_0,(L.) Asch. ,,,,species,,175.0,1568.179194132487,271.98699315388996,1618.204116821289,0.0,1.0
68,71,70.5615005493164,376.3630065917969,84.57396697998047,388.3689880371094,(L.),20,0,1,709,,Carrichtera,,,,author_20_0,,,,,294.00625228881836,1568.179194132487,352.39152908325195,1618.204116821289,0.0,1.0
69,72,89.59425354003906,376.3630065917969,110.79312133789062,388.3689880371094,Asch.,20,0,2,709,,Carrichtera,,,,author_20_0,,,,,373.3093897501628,1568.179194132487,461.63800557454425,1618.204116821289,0.0,1.0
70,73,42.0,387.8320007324219,60.91295623779297,397.6000061035156,vellae,20,1,0,709,Carrichtera,Carrichtera,vellae,Carrichtera_vellae_20_1,D.C. ,,,,species,,175.0,1615.9666697184246,253.80398432413736,1656.6666920979817,0.0,1.0
71,74,64.6383285522461,387.0159912109375,82.16232299804688,397.68798828125,D.C.,20,1,1,709,,Carrichtera,,,,author_20_1,,,,,269.3263689676921,1612.566630045573,342.343012491862,1657.0332845052083,0.0,1.0
72,75,28.559999465942383,395.322998046875,54.96999740600586,407.3289794921875,Carum,21,0,0,709,Carum,Carum,,,,,,,genus,,118.99999777475993,1647.1791585286458,229.04165585835776,1697.204081217448,0.0,0.0
73,76,41.7599983215332,406.7919921875,65.95559692382812,416.55999755859375,elegans,22,0,0,709,Carum,Carum,elegans,Carum_elegans_22_0,Fenzl ,,,,species,,173.99999300638834,1694.9666341145833,274.8149871826172,1735.6666564941406,0.0,1.0
74,77,69.67559814453125,405.9759826660156,89.67959594726562,416.6479797363281,Fenzl,22,0,1,709,,Carum,,,,author_22_0,,,,,290.3149922688802,1691.5665944417317,373.66498311360675,1736.0332489013672,0.0,1.0
75,78,39.599998474121094,416.6319885253906,77.38399505615234,426.3999938964844,ferulifolium,22,1,0,709,Carum,Carum,ferulifolium,Carum_ferulifolium_22_1,Boiss. ,,,,species,,164.99999364217123,1735.9666188557942,322.4333127339681,1776.6666412353516,0.0,1.0
76,79,84.89116668701172,415.81597900390625,105.92272186279297,426.48797607421875,Boiss.,22,1,1,709,,Carum,,,,author_22_1,,,,,353.7131945292155,1732.5665791829426,441.344674428304,1777.0332336425781,0.0,1.0
77,80,40.560001373291016,426.23199462890625,78.4017562866211,436.0,paucifolium,22,2,0,709,Carum,Carum,paucifolium,Carum_paucifolium_22_2,D.C. ,,,,species,,169.0000057220459,1775.9666442871094,326.6739845275879,1816.6666666666667,0.0,1.0
78,81,85.75746154785156,425.4159851074219,103.28145599365234,436.0879821777344,D.C.,22,2,1,709,,Carum,,,,author_22_2,,,,,357.32275644938153,1772.5666046142578,430.33939997355145,1817.0332590738933,0.0,1.0
79,82,40.31999969482422,435.8320007324219,77.20800018310547,445.6000061035156,pestalozzae,22,3,0,709,Carum,Carum,pestalozzae,Carum_pestalozzae_22_3,Boiss. ,,,,species,,167.99999872843424,1815.9666697184246,321.70000076293945,1856.6666920979817,0.0,1.0
80,83,82.68863677978516,435.0159912109375,103.52220153808594,445.68798828125,Boiss.,22,3,1,709,,Carum,,,,author_22_3,,,,,344.53598658243817,1812.566630045573,431.3425064086914,1857.0332845052083,0.0,1.0
81,84,41.52000045776367,443.8030090332031,90.03799438476562,455.8089904785156,polyphyllum,22,4,0,709,Carum,Carum,polyphyllum,Carum_polyphyllum_22_4,Boiss. et Bl. ,,,,species,,173.00000190734863,1849.179204305013,375.15830993652344,1899.2041269938152,0.0,1.0
82,85,93.53368377685547,443.8030090332031,115.03352355957031,455.8089904785156,Boiss.,22,4,1,709,,Carum,,,,author_22_4,,,,,389.72368240356445,1849.179204305013,479.3063481648763,1899.2041269938152,0.0,1.0
83,86,119.22815704345703,443.8030090332031,125.75621795654297,455.8089904785156,et,22,4,2,709,,Carum,,,,author_22_4,,,,,496.783987681071,1849.179204305013,523.9842414855957,1899.2041269938152,0.0,1.0
84,87,129.01968383789062,443.8030090332031,139.82510375976562,455.8089904785156,Bl.,22,4,3,709,,Carum,,,,author_22_4,,,,,537.5820159912109,1849.179204305013,582.6045989990234,1899.2041269938152,0.0,1.0
85,88,41.52000045776367,454.3210144042969,68.52899932861328,465.30999755859375,ridolfia,22,5,0,709,Carum,Carum,ridolfia,Carum_ridolfia_22_5,Benth. et Hook. ,,,,species,,173.00000190734863,1893.0042266845703,285.53749720255536,1938.7916564941406,0.0,1.0
86,89,70.61888885498047,453.40301513671875,95.31047821044922,465.40899658203125,Benth.,22,5,1,709,,Carum,,,,author_22_5,,,,,294.24537022908527,1889.1792297363281,397.1269925435384,1939.2041524251301,0.0,1.0
87,90,97.88249969482422,453.40301513671875,104.45510864257812,465.40899658203125,et,22,5,2,709,,Carum,,,,author_22_5,,,,,407.84374872843426,1889.1792297363281,435.2296193440755,1939.2041524251301,0.0,1.0
88,91,106.54473114013672,453.40301513671875,129.75924682617188,465.40899658203125,Hook.,22,5,3,709,,Carum,,,,author_22_5,,,,,443.93637975056964,1889.1792297363281,540.6635284423828,1939.2041524251301,0.0,1.0
89,92,28.079999923706055,463.00299072265625,60.463890075683594,475.00897216796875,Caucalis,23,0,0,709,Caucalis,Caucalis,,,,,,,genus,,116.99999968210857,1929.1791280110676,251.9328753153483,1979.2040506998699,0.0,0.0
90,93,41.279998779296875,473.5210266113281,71.02832794189453,484.510009765625,arvensis,24,0,0,709,Caucalis,Caucalis,arvensis,Caucalis_arvensis_24_0,Huds. ,,,,species,,171.99999491373697,1973.0042775472004,295.95136642456055,2018.7917073567708,0.0,1.0
91,94,72.5287857055664,472.60302734375,95.25579833984375,484.6090087890625,Huds.,24,0,1,709,,Caucalis,,,,author_24_0,,,,,302.20327377319336,1969.1792805989583,396.89915974934894,2019.2042032877605,0.0,1.0
92,95,41.279998779296875,482.4429931640625,78.88317108154297,494.448974609375,daucoides,24,1,0,709,Caucalis,Caucalis,daucoides,Caucalis_daucoides_24_1,L. ,,,,species,,171.99999491373697,2010.1791381835938,328.679879506429,2060.204060872396,0.0,1.0
93,96,83.0550308227539,482.4429931640625,91.11264038085938,494.448974609375,L.,24,1,1,709,,Caucalis,,,,author_24_1,,,,,346.0626284281413,2010.1791381835938,379.63600158691406,2060.204060872396,0.0,1.0
94,97,41.040000915527344,494.1520080566406,82.81600189208984,503.9200134277344,erythrotticha,24,2,0,709,Caucalis,Caucalis,erythrotticha,Caucalis_erythrotticha_24_2,Baiss. ,,,,species,,171.00000381469727,2058.9667002360025,345.06667455037433,2099.66672261556,0.0,1.0
95,98,88.16224670410156,493.33599853515625,108.79948425292969,504.00799560546875,Baiss.,24,2,1,709,,Caucalis,,,,author_24_2,,,,,367.34269460042316,2055.566660563151,453.33118438720703,2100.0333150227866,0.0,1.0
96,99,39.119998931884766,502.8009948730469,59.41698455810547,513.7899780273438,fallax,24,3,0,709,Caucalis,Caucalis,fallax,Caucalis_fallax_24_3,Boiss. ,,,,species,,162.99999554951987,2095.004145304362,247.5707689921061,2140.791575113932,0.0,1.0
97,100,64.33332061767578,501.88299560546875,85.83316040039062,513.8889770507812,Boiss.,24,3,1,709,,Caucalis,,,,author_24_3,,,,,268.0555025736491,2091.1791483561196,357.63816833496094,2141.204071044922,0.0,1.0
98,101,40.79999923706055,512.4010009765625,81.49022674560547,523.3900146484375,gaillardotii,24,4,0,709,Caucalis,Caucalis,gaillardotii,Caucalis_gaillardotii_24_4,Boiss. ,,,,species,,169.9999968210856,2135.0041707356772,339.54261144002277,2180.7917277018228,0.0,1.0
99,102,82.99032592773438,511.4830322265625,104.3330307006836,523.489013671875,Boiss.,24,4,1,709,,Caucalis,,,,author_24_4,,,,,345.79302469889325,2131.1793009440103,434.7209612528483,2181.2042236328125,0.0,1.0
100,103,41.279998779296875,522.0009765625,69.7919921875,532.989990234375,latifolia,24,5,0,709,Caucalis,Caucalis,latifolia,Caucalis_latifolia_24_5,L. ,,,,species,,171.99999491373697,2175.0040690104165,290.7999674479167,2220.7916259765625,0.0,1.0
101,104,72.19670104980469,521.0830078125,80.07215118408203,533.0889892578125,L.,24,5,1,709,,Caucalis,,,,author_24_5,,,,,300.81958770751953,2171.17919921875,333.6339632670085,2221.2041219075522,0.0,1.0
102,105,41.279998779296875,531.6010131835938,81.74557495117188,542.5900268554688,leptophylla,24,6,0,709,Caucalis,Caucalis,leptophylla,Caucalis_leptophylla_24_6,L. ,,,,species,,171.99999491373697,2215.004221598307,340.6065622965495,2260.791778564453,0.0,1.0
103,106,83.24530029296875,530.6830444335938,91.19353485107422,542.6890258789062,L.,24,6,1,709,,Caucalis,,,,author_24_6,,,,,346.8554178873698,2211.1793518066406,379.9730618794759,2261.204274495443,0.0,1.0
104,107,41.040000915527344,541.6809692382812,73.71298217773438,552.6699829101562,maritima,24,7,0,709,Caucalis,Caucalis,maritima,Caucalis_maritima_24_7,Gouan ,,,,species,,171.00000381469727,2257.0040384928384,307.1374257405599,2302.7915954589844,0.0,1.0
105,108,75.96028137207031,540.7630004882812,101.08450317382812,552.7689819335938,Gouan,24,7,1,709,,Caucalis,,,,author_24_7,,,,,316.5011723836263,2253.179168701172,421.1854298909505,2303.204091389974,0.0,1.0
106,109,40.79999923706055,550.3209838867188,75.27666473388672,561.3099975585938,orientalis,24,8,0,709,Caucalis,Caucalis,orientalis,Caucalis_orientalis_24_8,L. ,,,,species,,169.9999968210856,2293.0040995279946,313.652769724528,2338.7916564941406,0.0,1.0
107,110,76.7763900756836,549.4030151367188,84.78457641601562,561.4089965820312,L.,24,8,1,709,,Caucalis,,,,author_24_8,,,,,319.9016253153483,2289.179229736328,353.2690684000651,2339.2041524251304,0.0,1.0
108,111,39.599998474121094,560.1609497070312,82.06188201904297,571.1499633789062,platycarpos,24,9,0,709,Caucalis,Caucalis,platycarpos,Caucalis_platycarpos_24_9,L. ,,,,species,,164.99999364217123,2334.0039571126304,341.924508412679,2379.791514078776,0.0,1.0
109,112,83.56160736083984,559.2429809570312,91.44989776611328,571.2489624023438,L.,24,9,1,709,,Caucalis,,,,author_24_9,,,,,348.17336400349933,2330.1790873209634,381.0412406921387,2380.2040100097656,0.0,1.0
110,113,39.599998474121094,570.0009765625,84.09600067138672,580.989990234375,pulcherrima,24,10,0,709,Caucalis,Caucalis,pulcherrima,Caucalis_pulcherrima_24_10,Willd. ,,,,species,,164.99999364217123,2375.0040690104165,350.40000279744464,2420.7916259765625,0.0,1.0
111,114,85.59599304199219,569.0830078125,109.50877380371094,581.0889892578125,Willd.,24,10,1,709,,Caucalis,,,,author_24_10,,,,,356.6499710083008,2371.17919921875,456.2865575154622,2421.2041219075522,0.0,1.0
112,115,39.599998474121094,579.6010131835938,64.60199737548828,590.5900268554688,pumila,24,11,0,709,Caucalis,Caucalis,pumila,Caucalis_pumila_24_11,L. ,,,,species,,164.99999364217123,2415.004221598307,269.1749890645345,2460.791778564453,0.0,1.0
113,116,67.93730926513672,578.6830444335938,75.75335693359375,590.6890258789062,L.,24,11,1,709,,Caucalis,,,,author_24_11,,,,,283.07212193806964,2411.1793518066406,315.6389872233073,2461.204274495443,0.0,1.0
114,117,39.599998474121094,589.2009887695312,73.0440673828125,600.1900024414062,purpurea,24,12,0,709,Caucalis,Caucalis,purpurea,Caucalis_purpurea_24_12,Ten. ,,,,species,,164.99999364217123,2455.004119873047,304.35028076171875,2500.791676839193,0.0,1.0
115,118,74.54364776611328,588.2830200195312,92.056396484375,600.2890014648438,Ten.,24,12,1,709,,Caucalis,,,,author_24_12,,,,,310.59853235880536,2451.1792500813804,383.5683186848958,2501.204172770182,0.0,1.0
116,119,40.31999969482422,598.8009643554688,69.32699584960938,609.7899780273438,strigosa,24,13,0,709,Caucalis,Caucalis,strigosa,Caucalis_strigosa_24_13,Banks et Sol. ,,,,species,,167.99999872843424,2495.0040181477866,288.86248270670575,2540.791575113932,0.0,1.0
117,120,72.13859558105469,597.8829956054688,94.52051544189453,609.8889770507812,Banks,24,13,1,709,,Caucalis,,,,author_24_13,,,,,300.57748158772785,2491.1791483561196,393.83548100789386,2541.204071044922,0.0,1.0
118,121,97.33211517333984,597.8829956054688,103.81364440917969,609.8889770507812,et,24,13,2,709,,Caucalis,,,,author_24_13,,,,,405.550479888916,2491.1791483561196,432.55685170491535,2541.204071044922,0.0,1.0
119,122,106.6258544921875,597.8829956054688,120.86910247802734,609.8889770507812,Sol.,24,13,3,709,,Caucalis,,,,author_24_13,,,,,444.27439371744794,2491.1791483561196,503.62126032511395,2541.204071044922,0.0,1.0
120,185,235.67999267578125,49.24297332763672,269.5083312988281,61.24897003173828,Caylusea,38,0,0,709,Caylusea,Caylusea,,,,,,,genus,,981.9999694824219,205.17905553181967,1122.951380411784,255.20404179890951,1.0,2.0
121,186,248.8800048828125,59.281028747558594,285.2452697753906,70.27002716064453,canescens,39,0,0,709,Caylusea,Caylusea,canescens,Caylusea_canescens_39_0,(L.) St. Hil. ,,,,species,,1037.000020345052,247.0042864481608,1188.521957397461,292.79177983601886,1.0,3.0
122,187,286.74530029296875,58.36302947998047,300.6730651855469,70.36902618408203,(L.),39,0,1,709,,Caylusea,,,,author_39_0,,,,,1194.7720845540364,243.1792894999186,1252.804438273112,293.2042757670085,1.0,3.0
123,188,302.173095703125,58.36302947998047,312.36126708984375,70.36902618408203,St.,39,0,2,709,,Caylusea,,,,author_39_0,,,,,1259.0545654296875,243.1792894999186,1301.5052795410156,293.2042757670085,1.0,3.0
124,189,313.8614196777344,58.36302947998047,328.3372802734375,70.36902618408203,Hil.,39,0,3,709,,Caylusea,,,,author_39_0,,,,,1307.7559153238933,243.1792894999186,1368.072001139323,293.2042757670085,1.0,3.0
125,190,248.63999938964844,67.48302459716797,284.7304382324219,79.48902130126953,hexagyna,39,1,0,709,Caylusea,Caylusea,hexagyna,Caylusea_hexagyna_39_1,(Forssk.) M.L. Green ,,,,species,,1035.9999974568684,281.1792691548665,1186.3768259684246,331.20425542195636,1.0,3.0
126,191,289.87646484375,67.48302459716797,321.8406677246094,79.48902130126953,(Forssk.),39,1,1,709,,Caylusea,,,,author_39_1,,,,,1207.818603515625,281.1792691548665,1341.0027821858723,331.20425542195636,1.0,3.0
127,192,327.2450866699219,67.48302459716797,346.48773193359375,79.48902130126953,M.L.,39,1,2,709,,Caylusea,,,,author_39_1,,,,,1363.5211944580078,281.1792691548665,1443.6988830566406,331.20425542195636,1.0,3.0
128,193,351.3763732910156,67.48302459716797,374.2048034667969,79.48902130126953,Green,39,1,3,709,,Caylusea,,,,author_39_1,,,,,1464.0682220458984,281.1792691548665,1559.1866811116536,331.20425542195636,1.0,3.0
129,194,235.67999267578125,77.80303192138672,308.93499755859375,89.80902862548828,CELASTRACEAE,40,0,0,709,,,,,,,,,,,981.9999694824219,324.17929967244464,1287.2291564941406,374.2042859395345,1.0,2.0
130,195,235.44000244140625,89.2810287475586,292.9499816894531,100.27002716064453,CELASTRÂLES,40,1,0,709,,,,,,,,,,,981.000010172526,372.0042864481608,1220.6249237060547,417.79177983601886,1.0,2.0
131,196,235.67999267578125,98.44298553466797,291.9839172363281,110.44898223876953,Cephalanthera,40,2,0,709,Cephalanthera,Cephalanthera,,,,,,,genus,,981.9999694824219,410.1791063944499,1216.5996551513672,460.20409266153973,1.0,2.0
132,198,248.8800048828125,108.28301239013672,296.8960266113281,120.28900909423828,damasonium,41,0,0,709,Cephalanthera,Cephalanthera,damasonium,Cephalanthera_damasonium_41_0,(Mill.) Druce ,,,,species,,1037.000020345052,451.1792182922363,1237.0667775472004,501.2042045593262,1.0,3.0
133,199,302.3053894042969,108.28301239013672,326.5495300292969,120.28900909423828,(Mill.),41,0,1,709,,Cephalanthera,,,,author_41_0,,,,,1259.6057891845703,451.1792182922363,1360.623041788737,501.2042045593262,1.0,3.0
134,200,331.9588928222656,108.28301239013672,354.92193603515625,120.28900909423828,Druce,41,0,2,709,,Cephalanthera,,,,author_41_0,,,,,1383.1620534261067,451.1792182922363,1478.8414001464844,501.2042045593262,1.0,3.0
135,202,235.67999267578125,120.23202514648438,261.90399169921875,130.00003051757812,Cerasus,42,0,0,709,Cerasus,Cerasus,,,,,,,genus,,981.9999694824219,500.9667714436849,1091.2666320800781,541.6667938232422,1.0,2.0
136,203,248.63999938964844,130.07199096679688,293.5360107421875,139.83999633789062,antilibanotica,43,0,0,709,Cerasus,Cerasus,antilibanotica,Cerasus_antilibanotica_43_0,Post ,,,,species,,1035.9999974568684,541.9666290283203,1223.0667114257812,582.6666514078776,1.0,3.0
137,204,298.743408203125,129.25599670410156,313.9042663574219,139.92799377441406,Post,43,0,1,709,,Cerasus,,,,author_43_0,,,,,1244.7642008463542,538.5666529337565,1307.9344431559246,583.033307393392,1.0,3.0
138,205,248.8800048828125,138.4810028076172,279.5660095214844,149.47000122070312,mahaleb,43,1,0,709,Cerasus,Cerasus,mahaleb,Cerasus_mahaleb_43_1,(L.) Mill. ,,,,species,,1037.000020345052,577.0041783650717,1164.8583730061848,622.7916717529297,1.0,3.0
139,206,281.6965026855469,137.56300354003906,295.708984375,149.5690155029297,(L.),43,1,1,709,,Cerasus,,,,author_43_1,,,,,1173.7354278564453,573.1791814168295,1232.1207682291667,623.204231262207,1.0,3.0
140,207,298.12261962890625,137.56300354003906,316.95343017578125,149.5690155029297,Mill.,43,1,2,709,,Cerasus,,,,author_43_1,,,,,1242.1775817871094,573.1791814168295,1320.6392923990886,623.204231262207,1.0,3.0
141,208,248.63999938964844,148.0810089111328,290.21405029296875,159.07000732421875,microcarpa,43,2,0,709,Cerasus,Cerasus,microcarpa,Cerasus_microcarpa_43_2,(C.A; Mey.) C. Koch ,,,,species,,1035.9999974568684,617.0042037963867,1209.2252095540364,662.7916971842448,1.0,3.0
142,209,292.9474792480469,147.1630096435547,313.3582458496094,159.1690216064453,(C.A;,43,2,1,709,,Cerasus,,,,author_43_2,,,,,1220.614496866862,613.1792068481445,1305.6593577067058,663.2042566935221,1.0,3.0
143,210,315.9391784667969,147.1630096435547,338.0241394042969,159.1690216064453,Mey.),43,2,2,709,,Cerasus,,,,author_43_2,,,,,1316.4132436116536,613.1792068481445,1408.4339141845703,663.2042566935221,1.0,3.0
144,211,340.90802001953125,147.1630096435547,349.23095703125,159.1690216064453,C.,43,2,3,709,,Cerasus,,,,author_43_2,,,,,1420.4500834147136,613.1792068481445,1455.1289876302083,663.2042566935221,1.0,3.0
145,212,351.6599426269531,147.1630096435547,372.0539245605469,159.1690216064453,Koch,43,2,4,709,,Cerasus,,,,author_43_2,,,,,1465.249760945638,613.1792068481445,1550.2246856689453,663.2042566935221,1.0,3.0
146,213,247.44000244140625,158.16099548339844,280.6119384765625,169.14999389648438,prostrata,43,3,0,709,Cerasus,Cerasus,prostrata,Cerasus_prostrata_43_3,(Lab.) Ser. ,,,,species,,1031.0000101725261,659.0041478474935,1169.2164103190105,704.7916412353516,1.0,3.0
147,214,284.0234680175781,157.2429962158203,307.59442138671875,169.24900817871094,(Lab.),43,3,1,709,,Cerasus,,,,author_43_3,,,,,1183.431116739909,655.1791508992513,1281.6434224446614,705.2042007446289,1.0,3.0
148,215,310.4674072265625,157.2429962158203,325.1125183105469,169.24900817871094,Ser.,43,3,2,709,,Cerasus,,,,author_43_3,,,,,1293.6141967773438,655.1791508992513,1354.635492960612,705.2042007446289,1.0,3.0
149,216,248.39999389648438,167.76100158691406,278.406005859375,178.75,tortuosa,43,4,0,709,Cerasus,Cerasus,tortuosa,Cerasus_tortuosa_43_4,Boiss. et Hausskn. ,,,,species,,1034.9999745686848,699.0041732788086,1160.0250244140625,744.7916666666666,1.0,3.0
150,217,281.2938537597656,166.84300231933594,302.3927001953125,178.84901428222656,Boiss.,43,4,1,709,,Cerasus,,,,author_43_4,,,,,1172.0577239990234,695.1791763305664,1259.9695841471355,745.204226175944,1.0,3.0
151,218,305.85772705078125,166.84300231933594,312.310546875,178.84901428222656,et,43,4,2,709,,Cerasus,,,,author_43_4,,,,,1274.4071960449219,695.1791763305664,1301.2939453125,745.204226175944,1.0,3.0
152,219,315.1983642578125,166.84300231933594,349.4285888671875,178.84901428222656,Hausskn.,43,4,3,709,,Cerasus,,,,author_43_4,,,,,1313.3265177408855,695.1791763305664,1455.9524536132812,745.204226175944,1.0,3.0
153,221,235.1999969482422,176.92298889160156,286.3433837890625,188.9290008544922,Ceratocapnos,44,0,0,709,Ceratocapnos,Ceratocapnos,,,,,,,genus,,979.9999872843424,737.1791203816732,1193.097432454427,787.2041702270508,1.0,2.0
154,222,248.39999389648438,187.0030059814453,286.1962890625,199.00901794433594,palaestina,45,0,0,709,Ceratocapnos,Ceratocapnos,palaestina,Ceratocapnos_palaestina_45_0,Boiss. ,,,,species,,1034.9999745686848,779.1791915893555,1192.4845377604167,829.204241434733,1.0,3.0
155,223,291.0957946777344,187.0030059814453,312.3927001953125,199.00901794433594,Boiss.,45,0,1,709,,Ceratocapnos,,,,author_45_0,,,,,1212.8991444905598,779.1791915893555,1301.636250813802,829.204241434733,1.0,3.0
156,224,234.9600067138672,196.84300231933594,293.00469970703125,208.84901428222656,Ceratocephalus,46,0,0,709,Ceratocephalus,Ceratocephalus,,,,,,,genus,,979.0000279744467,820.1791763305664,1220.8529154459636,870.204226175944,1.0,2.0
157,225,248.39999389648438,206.68299865722656,276.114990234375,218.6890106201172,falcafus,47,0,0,709,Ceratocephalus,Ceratocephalus,falcafus,Ceratocephalus_falcafus_47_0,(L.) Pers. ,,,,species,,1034.9999745686848,861.1791610717773,1150.4791259765625,911.2042109171549,1.0,3.0
158,226,281.1481628417969,206.68299865722656,294.9824523925781,218.6890106201172,(L.),47,0,1,709,,Ceratocephalus,,,,author_47_0,,,,,1171.450678507487,861.1791610717773,1229.0935516357422,911.2042109171549,1.0,3.0
159,227,300.015625,206.68299865722656,318.3939514160156,218.6890106201172,Pers.,47,0,2,709,,Ceratocephalus,,,,author_47_0,,,,,1250.0651041666667,861.1791610717773,1326.6414642333984,911.2042109171549,1.0,3.0
160,228,247.9199981689453,217.9119873046875,274.5840148925781,227.67999267578125,syriacus,47,1,0,709,Ceratocephalus,Ceratocephalus,syriacus,Ceratocephalus_syriacus_47_1,Stev. ,,,,species,,1032.9999923706055,907.9666137695312,1144.100062052409,948.6666361490885,1.0,3.0
161,229,278.2440490722656,217.0959930419922,296.2422790527344,227.7679901123047,Stev.,47,1,1,709,,Ceratocephalus,,,,author_47_1,,,,,1159.3502044677734,904.5666376749674,1234.3428293863933,949.0332921346029,1.0,3.0
162,230,234.9600067138672,226.3629913330078,271.9859924316406,238.36900329589844,Ceratonia,48,0,0,709,Ceratonia,Ceratonia,,,,,,,genus,,979.0000279744467,943.1791305541992,1133.2749684651692,993.2041803995768,1.0,2.0
163,231,248.16000366210938,235.96299743652344,272.5467224121094,247.96900939941406,siliqua,49,0,0,709,Ceratonia,Ceratonia,siliqua,Ceratonia_siliqua_49_0,L. ,,,,species,,1034.000015258789,983.1791559855143,1135.611343383789,1033.2042058308919,1.0,3.0
164,232,275.1751708984375,235.96299743652344,283.1328125,247.96900939941406,L.,49,0,1,709,,Ceratonia,,,,author_49_0,,,,,1146.563212076823,983.1791559855143,1179.7200520833333,1033.2042058308919,1.0,3.0
165,234,234.72000122070312,246.04298400878906,335.6702880859375,258.0489807128906,CERATOPHYLLACEAE,50,0,0,709,,,,,,,,,,,978.0000050862631,1025.179100036621,1398.626200358073,1075.204086303711,1.0,2.0
166,235,233.27999877929688,256.6029968261719,292.2370300292969,268.6089782714844,•Ceratophyllum,50,1,0,709,•Ceratophyllum,•Ceratophyllum,,,,,,,genus,,971.9999949137369,1069.1791534423828,1217.654291788737,1119.2040761311848,1.0,2.0
167,236,247.67999267578125,266.2030029296875,287.0639953613281,278.208984375,demersum,51,0,0,709,•Ceratophyllum,•Ceratophyllum,demersum,•Ceratophyllum_demersum_51_0,L. ,,,,species,,1031.9999694824219,1109.179178873698,1196.0999806722004,1159.2041015625,1.0,3.0
168,237,291.8437194824219,266.2030029296875,299.9122314453125,278.208984375,L.,51,0,1,709,,•Ceratophyllum,,,,author_51_0,,,,,1216.0154978434246,1109.179178873698,1249.634297688802,1159.2041015625,1.0,3.0
169,238,234.72000122070312,276.28302001953125,257.78204345703125,288.28900146484375,Cercis,52,0,0,709,Cercis,Cercis,,,,,,,genus,,978.0000050862631,1151.1792500813801,1074.0918477376301,1201.2041727701824,1.0,2.0
170,239,247.67999267578125,286.1230163574219,294.04864501953125,298.1289978027344,siliquastrum,53,0,0,709,Cercis,Cercis,siliquastrum,Cercis_siliquastrum_53_0,L. ,,,,species,,1031.9999694824219,1192.179234822591,1225.2026875813801,1242.2041575113933,1.0,3.0
171,240,298.8917236328125,286.1230163574219,306.87213134765625,298.1289978027344,L.,53,0,1,709,,Cercis,,,,author_53_0,,,,,1245.3821818033855,1192.179234822591,1278.6338806152344,1242.2041575113933,1.0,3.0
172,241,234.72000122070312,296.4430236816406,293.42510986328125,308.4490051269531,Chaerophyllum,54,0,0,709,Chaerophyllum,Chaerophyllum,,,,,,,genus,,978.0000050862631,1235.1792653401692,1222.6046244303386,1285.2041880289714,1.0,2.0
173,242,247.9199981689453,306.52301025390625,295.82305908203125,318.52899169921875,aurantiacum,55,0,0,709,Chaerophyllum,Chaerophyllum,aurantiacum,Chaerophyllum_aurantiacum_55_0,Post ,,,,species,,1032.9999923706055,1277.1792093912761,1232.5960795084636,1327.2041320800781,1.0,3.0
174,243,299.9800720214844,306.52301025390625,315.5666198730469,318.52899169921875,Post,55,0,1,709,,Chaerophyllum,,,,author_55_0,,,,,1249.9169667561848,1277.1792093912761,1314.8609161376953,1327.2041320800781,1.0,3.0
175,245,247.9199981689453,315.64300537109375,293.5520324707031,327.64898681640625,libanoticum,56,0,0,709,Chaerophyllum,Chaerophyllum,libanoticum,Chaerophyllum_libanoticum_56_0,Boiss. et Ky ,,,,species,,1032.9999923706055,1315.1791890462239,1223.1334686279297,1365.2041117350261,1.0,3.0
176,246,296.7942810058594,315.64300537109375,318.0911865234375,327.64898681640625,Boiss.,56,0,1,709,,Chaerophyllum,,,,author_56_0,,,,,1236.642837524414,1315.1791890462239,1325.3799438476562,1365.2041117350261,1.0,3.0
177,247,322.0818786621094,315.64300537109375,328.694091796875,327.64898681640625,et,56,0,2,709,,Chaerophyllum,,,,author_56_0,,,,,1342.007827758789,1315.1791890462239,1369.5587158203125,1365.2041117350261,1.0,3.0
178,248,332.1858215332031,315.64300537109375,343.2530212402344,327.64898681640625,Ky,56,0,3,709,,Chaerophyllum,,,,author_56_0,,,,,1384.1075897216797,1315.1791890462239,1430.2209218343098,1365.2041117350261,1.0,3.0
179,249,247.67999267578125,325.0030212402344,306.1473083496094,337.0090026855469,macrospermum,56,1,0,709,Chaerophyllum,Chaerophyllum,macrospermum,Chaerophyllum_macrospermum_56_1,Fisch. et Mey. ,,,,species,,1031.9999694824219,1354.1792551676433,1275.613784790039,1404.2041778564453,1.0,3.0
180,250,311.01019287109375,325.0030212402344,332.99615478515625,337.0090026855469,Fisch.,56,1,1,709,,Chaerophyllum,,,,author_56_1,,,,,1295.8758036295574,1354.1792551676433,1387.4839782714844,1404.2041778564453,1.0,3.0
181,251,338.370849609375,325.0030212402344,344.9919738769531,337.0090026855469,et,56,1,2,709,,Chaerophyllum,,,,author_56_1,,,,,1409.8785400390625,1354.1792551676433,1437.466557820638,1404.2041778564453,1.0,3.0
182,252,349.8548583984375,325.0030212402344,369.2727355957031,337.0090026855469,Mey.,56,1,3,709,,Chaerophyllum,,,,author_56_1,,,,,1457.7285766601562,1354.1792551676433,1538.6363983154297,1404.2041778564453,1.0,3.0
183,253,247.9199981689453,336.72100830078125,289.5747375488281,347.7099914550781,nemorosum,56,2,0,709,Chaerophyllum,Chaerophyllum,nemorosum,Chaerophyllum_nemorosum_56_2,M. Bieb. ,,,,species,,1032.9999923706055,1403.0042012532551,1206.5614064534504,1448.7916310628254,1.0,3.0
184,254,291.0747375488281,335.8030090332031,301.45965576171875,347.8089904785156,M.,56,2,1,709,,Chaerophyllum,,,,author_56_2,,,,,1212.8114064534504,1399.179204305013,1256.0818990071614,1449.2041269938152,1.0,3.0
185,255,302.95965576171875,335.8030090332031,322.7853698730469,347.8089904785156,Bieb.,56,2,2,709,,Chaerophyllum,,,,author_56_2,,,,,1262.3318990071614,1399.179204305013,1344.9390411376953,1449.2041269938152,1.0,3.0
186,256,247.67999267578125,345.36102294921875,279.8539733886719,356.3500061035156,nodosum,56,3,0,709,Chaerophyllum,Chaerophyllum,nodosum,Chaerophyllum_nodosum_56_3,(L.) Lam. ,,,,species,,1031.9999694824219,1439.0042622884114,1166.0582224527996,1484.7916920979817,1.0,3.0
187,257,282.19927978515625,344.4430236816406,295.8553466796875,356.4490051269531,(L.),56,3,1,709,,Chaerophyllum,,,,author_56_3,,,,,1175.8303324381511,1435.1792653401692,1232.7306111653645,1485.2041880289714,1.0,3.0
188,258,298.2006530761719,344.4430236816406,318.15313720703125,356.4490051269531,Lam.,56,3,2,709,,Chaerophyllum,,,,author_56_3,,,,,1242.502721150716,1435.1792653401692,1325.6380716959636,1485.2041880289714,1.0,3.0
189,259,247.67999267578125,354.0429992675781,281.7508544921875,366.0489807128906,syriacum,56,4,0,709,Chaerophyllum,Chaerophyllum,syriacum,Chaerophyllum_syriacum_56_4,Hempr. et Ehrenb. ,,,,species,,1031.9999694824219,1475.179163614909,1173.961893717448,1525.204086303711,1.0,3.0
190,260,286.1373291015625,354.0429992675781,315.8193054199219,366.0489807128906,Hempr.,56,4,1,709,,Chaerophyllum,,,,author_56_4,,,,,1192.2388712565105,1475.179163614909,1315.9137725830078,1525.204086303711,1.0,3.0
191,261,320.69207763671875,354.0429992675781,327.4518127441406,366.0489807128906,et,56,4,2,709,,Chaerophyllum,,,,author_56_4,,,,,1336.2169901529949,1475.179163614909,1364.382553100586,1525.204086303711,1.0,3.0
192,262,331.8375244140625,354.0429992675781,362.5533142089844,366.0489807128906,Ehrenb.,56,4,3,709,,Chaerophyllum,,,,author_56_4,,,,,1382.6563517252605,1475.179163614909,1510.6388092041016,1525.204086303711,1.0,3.0
193,264,234.47999572753906,364.3630065917969,294.676025390625,376.3689880371094,Chaetosciadium,57,0,0,709,Chaetosciadium,Chaetosciadium,,,,,,,genus,,976.9999821980795,1518.179194132487,1227.8167724609375,1568.204116821289,1.0,2.0
194,265,247.67999267578125,373.7230224609375,304.73065185546875,385.72900390625,trichospermum,58,0,0,709,Chaetosciadium,Chaetosciadium,trichospermum,Chaetosciadium_trichospermum_58_0,(L.) Boiss. ,,,,species,,1031.9999694824219,1557.1792602539062,1269.7110493977864,1607.2041829427083,1.0,3.0
195,266,309.28564453125,373.7230224609375,323.2981262207031,385.72900390625,(L.),58,0,1,709,,Chaetosciadium,,,,author_58_0,,,,,1288.690185546875,1557.1792602539062,1347.0755259195964,1607.2041829427083,1.0,3.0
196,267,327.8531188964844,373.7230224609375,349.35296630859375,385.72900390625,Boiss.,58,0,2,709,,Chaetosciadium,,,,author_58_0,,,,,1366.0546620686848,1557.1792602539062,1455.6373596191406,1607.2041829427083,1.0,3.0
197,268,234.24000549316406,385.2010192871094,287.7360534667969,396.19000244140625,Chamaenerion,59,0,0,709,Chamaenerion,Chamaenerion,,,,,,,genus,,976.0000228881836,1605.0042470296223,1198.9002227783203,1650.7916768391926,1.0,2.0
198,269,247.44000244140625,394.8009948730469,297.4530944824219,405.78997802734375,angttstifolium,60,0,0,709,Chamaenerion,Chamaenerion,angttstifolium,Chamaenerion_angttstifolium_60_0,(L.) Scop. ,,,,species,,1031.0000101725261,1645.004145304362,1239.3878936767578,1690.7915751139324,1.0,3.0
199,270,300.3221130371094,393.88299560546875,314.3345947265625,405.88897705078125,(L.),60,0,1,709,,Chamaenerion,,,,author_60_0,,,,,1251.3421376546223,1641.1791483561199,1309.7274780273438,1691.2040710449219,1.0,3.0
200,271,317.07293701171875,393.88299560546875,337.8332824707031,405.88897705078125,Scop.,60,0,2,709,,Chamaenerion,,,,author_60_0,,,,,1321.1372375488281,1641.1791483561199,1407.638676961263,1691.2040710449219,1.0,3.0
201,272,234.24000549316406,405.1210021972656,284.7390441894531,416.1099853515625,Chamaeplium,61,0,0,709,Chamaeplium,Chamaeplium,,,,,,,genus,,976.0000228881836,1688.0041758219402,1186.4126841227214,1733.7916056315105,1.0,2.0
202,273,247.44000244140625,414.9610290527344,281.1020202636719,425.95001220703125,officinale,62,0,0,709,Chamaeplium,Chamaeplium,officinale,Chamaeplium_officinale_62_0,(L.) Wallr. ,,,,species,,1031.0000101725261,1729.0042877197266,1171.2584177652996,1774.7917175292969,1.0,3.0
203,274,283.01470947265625,414.04302978515625,296.8489990234375,426.04901123046875,(L.),62,0,1,709,,Chamaeplium,,,,author_62_0,,,,,1179.2279561360676,1725.1792907714844,1236.870829264323,1775.2042134602864,1.0,3.0
204,275,298.86932373046875,414.04302978515625,323.2014465332031,426.04901123046875,Wallr.,62,0,2,709,,Chamaeplium,,,,author_62_0,,,,,1245.2888488769531,1725.1792907714844,1346.6726938883464,1775.2042134602864,1.0,3.0
205,276,234.24000549316406,424.1230163574219,278.5207824707031,436.1289978027344,Cheilanthes,63,0,0,709,Cheilanthes,Cheilanthes,,,,,,,genus,,976.0000228881836,1767.179234822591,1160.5032602945964,1817.2041575113933,1.0,2.0
206,277,247.1999969482422,433.2430114746094,285.361572265625,445.2489929199219,catanensis,64,0,0,709,Cheilanthes,Cheilanthes,catanensis,Cheilanthes_catanensis_64_0,(Cosentini) H.P. Fuchs ,,,,species,,1029.9999872843425,1805.179214477539,1189.0065511067708,1855.204137166341,1.0,3.0
207,278,290.3600769042969,433.2430114746094,331.2767639160156,445.2489929199219,(Cosentini),64,0,1,709,,Cheilanthes,,,,author_64_0,,,,,1209.8336537679036,1805.179214477539,1380.3198496500652,1855.204137166341,1.0,3.0
208,279,336.2752685546875,433.2430114746094,353.72698974609375,445.2489929199219,H.P.,64,0,2,709,,Cheilanthes,,,,author_64_0,,,,,1401.146952311198,1805.179214477539,1473.8624572753906,1855.204137166341,1.0,3.0
209,280,358.4760437011719,433.2430114746094,380.4708557128906,445.2489929199219,Fuchs,64,0,3,709,,Cheilanthes,,,,author_64_0,,,,,1493.650182088216,1805.179214477539,1585.2952321370442,1855.204137166341,1.0,3.0
210,281,246.9600067138672,443.322998046875,277.1678771972656,455.3289794921875,fragrans,64,1,0,709,Cheilanthes,Cheilanthes,fragrans,Cheilanthes_fragrans_64_1,(L.f.) Swartz ,,,,species,,1029.0000279744465,1847.1791585286458,1154.8661549886067,1897.204081217448,1.0,3.0
211,282,282.2347106933594,443.322998046875,300.8863220214844,455.3289794921875,(L.f.),64,1,1,709,,Cheilanthes,,,,author_64_1,,,,,1175.9779612223308,1847.1791585286458,1253.6930084228516,1897.204081217448,1.0,3.0
212,283,306.2342834472656,443.322998046875,332.0614318847656,455.3289794921875,Swartz,64,1,2,709,,Cheilanthes,,,,author_64_1,,,,,1275.9761810302734,1847.1791585286458,1383.5892995198567,1897.204081217448,1.0,3.0
213,284,247.1999969482422,452.9230041503906,283.47503662109375,464.9289855957031,marantae,64,2,0,709,Cheilanthes,Cheilanthes,marantae,Cheilanthes_marantae_64_2,(L.) Domin ,,,,species,,1029.9999872843425,1887.179183959961,1181.1459859212239,1937.204106648763,1.0,3.0
214,285,288.0547790527344,452.9230041503906,301.8890686035156,464.9289855957031,(L.),64,2,1,709,,Cheilanthes,,,,author_64_2,,,,,1200.2282460530598,1887.179183959961,1257.8711191813152,1937.204106648763,1.0,3.0
215,286,306.9776611328125,452.9230041503906,332.6839904785156,464.9289855957031,Domin,64,2,2,709,,Cheilanthes,,,,author_64_2,,,,,1279.0735880533855,1887.179183959961,1386.1832936604817,1937.204106648763,1.0,3.0
216,287,246.0,462.9610290527344,289.0020446777344,473.95001220703125,pteridioides,64,3,0,709,Cheilanthes,Cheilanthes,pteridioides,Cheilanthes_pteridioides_64_3,(Reich.) Christ. ,,,,species,,1025.0,1929.0042877197266,1204.1751861572266,1974.7917175292969,1.0,3.0
217,288,291.6097106933594,462.04302978515625,321.7433776855469,474.04901123046875,(Reich.),64,3,1,709,,Cheilanthes,,,,author_64_3,,,,,1215.0404612223308,1925.1792907714844,1340.597407023112,1975.2042134602864,1.0,3.0
218,289,324.4955749511719,462.04302978515625,349.8326721191406,474.04901123046875,Christ.,64,3,2,709,,Cheilanthes,,,,author_64_3,,,,,1352.0648956298828,1925.1792907714844,1457.6361338297527,1975.2042134602864,1.0,3.0
219,290,234.0,474.4720153808594,273.16436767578125,484.2400207519531,Cheiranthus,65,0,0,709,Cheiranthus,Cheiranthus,,,,,,,genus,,975.0,1976.9667307535808,1138.1848653157551,2017.666753133138,1.0,2.0
220,291,247.1999969482422,483.1210021972656,278.1739501953125,494.1099853515625,bicornes,66,0,0,709,Cheiranthus,Cheiranthus,bicornes,Cheiranthus_bicornes_66_0,Sibth. et Smith ,,,,species,,1029.9999872843425,2013.0041758219402,1159.058125813802,2058.7916056315103,1.0,3.0
221,292,279.67352294921875,482.2030029296875,302.5797424316406,494.208984375,Sibth.,66,0,1,709,,Cheiranthus,,,,author_66_0,,,,,1165.3063456217449,2009.179178873698,1260.7489267985027,2059.2041015625,1.0,3.0
222,293,304.0793151855469,482.2030029296875,310.7769470214844,494.208984375,et,66,0,2,709,,Cheiranthus,,,,author_66_0,,,,,1266.9971466064453,2009.179178873698,1294.9039459228516,2059.2041015625,1.0,3.0
223,294,312.2765197753906,482.2030029296875,334.8410949707031,494.208984375,Smith,66,0,3,709,,Cheiranthus,,,,author_66_0,,,,,1301.1521657307942,2009.179178873698,1395.1712290445964,2059.2041015625,1.0,3.0
224,295,246.9600067138672,493.6719970703125,265.6239929199219,503.44000244140625,cheiri,66,1,0,709,Cheiranthus,Cheiranthus,cheiri,Cheiranthus_cheiri_66_1,L. ,,,,species,,1029.0000279744465,2056.9666544596353,1106.766637166341,2097.666676839193,1.0,3.0
225,296,270.06414794921875,492.8559875488281,277.2822570800781,503.5279846191406,L.,66,1,1,709,,Cheiranthus,,,,author_66_1,,,,,1125.2672831217449,2053.5666147867837,1155.342737833659,2098.0332692464194,1.0,3.0
226,297,246.9600067138672,503.2720031738281,298.8834228515625,513.0399780273438,contortuplicatus,66,2,0,709,Cheiranthus,Cheiranthus,contortuplicatus,Cheiranthus_contortuplicatus_66_2,Steph. ,,,,species,,1029.0000279744465,2096.9666798909507,1245.3475952148438,2137.666575113932,1.0,3.0
227,298,303.26416015625,502.45599365234375,326.72125244140625,513.1279907226562,Steph.,66,2,1,709,,Cheiranthus,,,,author_66_2,,,,,1263.6006673177083,2093.566640218099,1361.3385518391926,2138.0332946777344,1.0,3.0
228,299,245.0399932861328,513.1119995117188,282.8240051269531,522.8799438476562,fruticulosus,66,3,0,709,Cheiranthus,Cheiranthus,fruticulosus,Cheiranthus_fruticulosus_66_3,L. ,,,,species,,1020.9999720255533,2137.9666646321616,1178.433354695638,2178.666432698568,1.0,3.0
229,300,289.5035400390625,512.2959594726562,296.7216491699219,522.9679565429688,L.,66,3,1,709,,Cheiranthus,,,,author_66_3,,,,,1206.2647501627605,2134.5664978027344,1236.3402048746746,2179.0331522623696,1.0,3.0
230,301,246.9600067138672,522.4720458984375,286.52001953125,532.239990234375,longipetalus,66,4,0,709,Cheiranthus,Cheiranthus,longipetalus,Cheiranthus_longipetalus_66_4,Vent. ,,,,species,,1029.0000279744465,2176.9668579101562,1193.8334147135417,2217.6666259765625,1.0,3.0
231,302,290.9166259765625,521.656005859375,311.3621520996094,532.3280029296875,Vent.,66,4,1,709,,Cheiranthus,,,,author_66_4,,,,,1212.152608235677,2173.566691080729,1297.342300415039,2218.0333455403647,1.0,3.0
232,303,246.9600067138672,532.072021484375,279.0834655761719,541.8399658203125,maritimus,66,5,0,709,Cheiranthus,Cheiranthus,maritimus,Cheiranthus_maritimus_66_5,L. ,,,,species,,1029.0000279744465,2216.966756184896,1162.8477732340496,2257.6665242513022,1.0,3.0
233,304,285.84417724609375,531.2559814453125,293.1216735839844,541.927978515625,L.,66,5,1,709,,Cheiranthus,,,,author_66_5,,,,,1191.0174051920574,2213.5665893554688,1221.3403065999348,2258.033243815104,1.0,3.0
234,305,246.72000122070312,541.4320068359375,281.8320007324219,551.199951171875,sulphureus,66,6,0,709,Cheiranthus,Cheiranthus,sulphureus,Cheiranthus_sulphureus_66_6,Banks et Sol. ,,,,species,,1028.000005086263,2255.9666951497397,1174.3000030517578,2296.666463216146,1.0,3.0
235,306,285.5682678222656,540.615966796875,307.4274597167969,551.2879638671875,Banks,66,6,1,709,,Cheiranthus,,,,author_66_6,,,,,1189.8677825927734,2252.5665283203125,1280.947748819987,2297.0331827799478,1.0,3.0
236,307,311.69732666015625,540.615966796875,317.76898193359375,551.2879638671875,et,66,6,2,709,,Cheiranthus,,,,author_66_6,,,,,1298.7388610839844,2252.5665283203125,1324.0374247233074,2297.0331827799478,1.0,3.0
237,308,322.03900146484375,540.615966796875,335.8390197753906,551.2879638671875,Sol.,66,6,3,709,,Cheiranthus,,,,author_66_6,,,,,1341.8291727701824,2252.5665283203125,1399.3292490641277,2297.0331827799478,1.0,3.0
238,309,246.72000122070312,551.2720336914062,264.7696838378906,561.0399780273438,tristis,66,7,0,709,Cheiranthus,Cheiranthus,tristis,Cheiranthus_tristis_66_7,L. ,,,,species,,1028.000005086263,2296.966807047526,1103.207015991211,2337.666575113932,1.0,3.0
239,310,270.9651184082031,550.4559936523438,278.24261474609375,561.1279907226562,L.,66,7,1,709,,Cheiranthus,,,,author_66_7,,,,,1129.0213267008464,2293.566640218099,1159.3442281087239,2338.0332946777344,1.0,3.0
240,311,233.52000427246094,561.592041015625,277.8774719238281,571.3599853515625,Chelidonium^,67,0,0,709,Chelidonium^,Chelidonium^,,,,,,,genus,,973.0000178019205,2339.966837565104,1157.8227996826172,2380.6666056315103,1.0,2.0
241,312,246.47999572753906,570.9520263671875,287.3946533203125,580.719970703125,comiculatum,68,0,0,709,Chelidonium^,Chelidonium^,comiculatum,Chelidonium^_comiculatum_68_0,L. ,,,,species,,1026.9999821980794,2378.9667765299478,1197.4777221679688,2419.666544596354,1.0,3.0
242,313,294.2444763183594,570.135986328125,301.52197265625,580.8079833984375,L.,68,0,1,709,,Chelidonium^,,,,author_68_0,,,,,1226.0186513264973,2375.566609700521,1256.341552734375,2420.0332641601562,1.0,3.0
243,314,246.72000122070312,580.5520629882812,290.7120056152344,590.3200073242188,dodecandrum,68,1,0,709,Chelidonium^,Chelidonium^,dodecandrum,Chelidonium^_dodecandrum_68_1,Forssk. ,,,,species,,1028.000005086263,2418.9669291178384,1211.3000233968098,2459.6666971842446,1.0,3.0
244,315,293.51568603515625,579.7360229492188,319.0418701171875,590.4080200195312,Forssk.,68,1,1,709,,Chelidonium^,,,,author_68_1,,,,,1222.9820251464844,2415.5667622884116,1329.3411254882812,2460.033416748047,1.0,3.0
245,316,245.75999450683594,590.3920288085938,275.5360107421875,600.1599731445312,glaucium,68,2,0,709,Chelidonium^,Chelidonium^,glaucium,Chelidonium^_glaucium_68_2,L. ,,,,species,,1023.9999771118164,2459.966786702474,1148.0667114257812,2500.6665547688804,1.0,3.0
246,317,281.3443298339844,589.5759887695312,288.56243896484375,600.2479858398438,L.,68,2,1,709,,Chelidonium^,,,,author_68_2,,,,,1172.2680409749348,2456.566619873047,1202.3434956868489,2501.033274332682,1.0,3.0
247,318,246.24000549316406,599.9920043945312,276.90399169921875,609.7599487304688,hybridum,68,3,0,709,Chelidonium^,Chelidonium^,hybridum,Chelidonium^_hybridum_68_3,L. ,,,,species,,1026.0000228881836,2499.9666849772134,1153.7666320800781,2540.6664530436196,1.0,3.0
248,319,283.024169921875,599.1759643554688,290.2422790527344,609.8479614257812,L.,68,3,1,709,,Chelidonium^,,,,author_68_3,,,,,1179.2673746744792,2496.5665181477866,1209.3428293863933,2541.033172607422,1.0,3.0
0,3,30.479999542236328,48.750030517578125,66.6351089477539,62.090030670166016,Ghesneya,1,0,0,710,Ghesneya,Ghesneya,,,,,,,genus,,126.99999809265137,203.12512715657553,277.6462872823079,258.7084611256917,0.0,0.0
1,4,43.68000030517578,58.89002227783203,70.5477066040039,71.10002136230469,olivieri,2,0,0,710,Ghesneya,Ghesneya,olivieri,Ghesneya_olivieri_2_0,Jaub. et Spach ,,,,species,,182.00000127156576,245.37509282430014,293.9487775166829,296.25008900960285,0.0,1.0
2,5,72.53883361816406,57.870025634765625,94.33617401123047,71.21002197265625,Jaub.,2,0,1,710,,Ghesneya,,,,author_2_0,,,,,302.2451400756836,241.12510681152344,393.06739171346027,296.7084248860677,0.0,1.0
3,6,96.32730865478516,57.870025634765625,103.22791290283203,71.21002197265625,et,2,0,2,710,,Ghesneya,,,,author_2_0,,,,,401.3637860616048,241.12510681152344,430.1163037618001,296.7084248860677,0.0,1.0
4,7,105.21903991699219,57.870025634765625,128.21607971191406,71.21002197265625,Spach,2,0,3,710,,Ghesneya,,,,author_2_0,,,,,438.4126663208008,241.12510681152344,534.2336654663086,296.7084248860677,0.0,1.0
5,8,44.15999984741211,66.99002075195312,99.10255432128906,80.33001708984375,rhytidosperma,2,1,0,710,Ghesneya,Ghesneya,rhytidosperma,Ghesneya_rhytidosperma_2_1,Jaub. et Spach ,,,,species,,183.99999936421713,279.1250864664714,412.9273096720378,334.7084045410156,0.0,1.0
6,9,101.21444702148438,66.99002075195312,123.2323989868164,80.33001708984375,Jaub.,2,1,1,710,,Ghesneya,,,,author_2_1,,,,,421.72686258951825,279.1250864664714,513.468329111735,334.7084045410156,0.0,1.0
7,10,127.7205810546875,66.99002075195312,134.6416473388672,80.33001708984375,et,2,1,2,710,,Ghesneya,,,,author_2_1,,,,,532.1690877278646,279.1250864664714,561.0068639119467,334.7084045410156,0.0,1.0
8,11,138.33746337890625,66.99002075195312,161.3345184326172,80.33001708984375,Spach,2,1,3,710,,Ghesneya,,,,author_2_1,,,,,576.4060974121094,279.1250864664714,672.2271601359049,334.7084045410156,0.0,1.0
9,12,30.239999771118164,76.58999633789062,71.96258544921875,89.92999267578125,Chorispora,3,0,0,710,Chorispora,Chorispora,,,,,,,genus,,125.99999904632568,319.12498474121094,299.84410603841144,374.7083028157552,0.0,0.0
10,13,43.68000030517578,86.67001342773438,93.86186981201172,100.010009765625,purpurascens,4,0,0,710,Chorispora,Chorispora,purpurascens,Chorispora_purpurascens_4_0,Banks et Sol. ,,,,species,,182.00000127156576,361.12505594889325,391.0911242167155,416.7083740234375,0.0,1.0
11,14,97.8487777709961,86.67001342773438,120.5965805053711,100.010009765625,Banks,4,0,1,710,,Chorispora,,,,author_4_0,,,,,407.7032407124837,361.12505594889325,502.4857521057129,416.7083740234375,0.0,1.0
12,15,124.58348846435547,86.67001342773438,131.28878784179688,100.010009765625,et,4,0,2,710,,Chorispora,,,,author_4_0,,,,,519.0978686014811,361.12505594889325,547.0366160074869,416.7083740234375,0.0,1.0
13,16,135.27532958984375,86.67001342773438,149.69866943359375,100.010009765625,Sol.,4,0,3,710,,Chorispora,,,,author_4_0,,,,,563.647206624349,361.12505594889325,623.7444559733073,416.7083740234375,0.0,1.0
14,17,43.68000030517578,96.26998901367188,69.82229614257812,109.6099853515625,syriaca,4,1,0,710,Chorispora,Chorispora,syriaca,Chorispora_syriaca_4_1,Boiss. ,,,,species,,182.00000127156576,401.1249542236328,290.9262339274089,456.70827229817706,0.0,1.0
15,18,73.28562927246094,96.26998901367188,94.74072265625,109.6099853515625,Boiss.,4,1,1,710,,Chorispora,,,,author_4_1,,,,,305.3567886352539,401.1249542236328,394.7530110677083,456.70827229817706,0.0,1.0
16,19,43.68000030517578,105.38998413085938,68.58540344238281,118.72998046875,tenella,4,2,0,710,Chorispora,Chorispora,tenella,Chorispora_tenella_4_2,(Pall.) D.C. ,,,,species,,182.00000127156576,439.12493387858075,285.7725143432617,494.708251953125,0.0,1.0
17,20,72.94600677490234,105.38998413085938,95.93651580810547,118.72998046875,(Pall.),4,2,1,710,,Chorispora,,,,author_4_2,,,,,303.94169489542645,439.12493387858075,399.73548253377277,494.708251953125,0.0,1.0
18,21,100.53983306884766,105.38998413085938,118.73951721191406,118.72998046875,D.C.,4,2,2,710,,Chorispora,,,,author_4_2,,,,,418.91597112019855,439.12493387858075,494.7479883829753,494.708251953125,0.0,1.0
19,22,30.239999771118164,115.47000122070312,79.95779418945312,128.80999755859375,Chrozophora,5,0,0,710,Chrozophora,Chrozophora,,,,,,,genus,,125.99999904632568,481.125005086263,333.157475789388,536.7083231608073,0.0,0.0
20,23,43.439998626708984,125.06997680664062,104.12437438964844,138.40997314453125,hierosolymitana,6,0,0,710,Chrozophora,Chrozophora,hierosolymitana,Chrozophora_hierosolymitana_6_0,Spreng. ,,,,species,,180.9999942779541,521.1249033610026,433.85155995686847,576.7082214355469,0.0,1.0
21,24,109.64207458496094,125.06997680664062,138.65992736816406,138.40997314453125,Spreng.,6,0,1,710,,Chrozophora,,,,author_6_0,,,,,456.8419774373372,521.1249033610026,577.7496973673502,576.7082214355469,0.0,1.0
22,25,43.439998626708984,135.6900177001953,71.86080169677734,147.90000915527344,obliqua,6,1,0,710,Chrozophora,Chrozophora,obliqua,Chrozophora_obliqua_6_1,(Vahl) A. dejuss. ,,,,species,,180.9999942779541,565.3750737508138,299.4200070699056,616.2500381469727,0.0,1.0
23,26,74.7835464477539,134.67001342773438,99.40010833740234,148.010009765625,(Vahl),6,1,1,710,,Chrozophora,,,,author_6_1,,,,,311.5981101989746,561.1250559488932,414.16711807250977,616.7083740234375,0.0,1.0
24,27,102.3230972290039,134.67001342773438,111.49382781982422,148.010009765625,A.,6,1,2,710,,Chrozophora,,,,author_6_1,,,,,426.3462384541829,561.1250559488932,464.55761591593426,616.7083740234375,0.0,1.0
25,28,114.25505065917969,134.67001342773438,142.9769744873047,148.010009765625,dejuss.,6,1,3,710,,Chrozophora,,,,author_6_1,,,,,476.06271107991535,561.1250559488932,595.7373936971029,616.7083740234375,0.0,1.0
26,29,43.68000030517578,144.75,75.60690307617188,158.08999633789062,tinctoria,6,2,0,710,Chrozophora,Chrozophora,tinctoria,Chrozophora_tinctoria_6_2,(L.) Raf. ,,,,species,,182.00000127156576,603.125,315.0287628173828,658.7083180745443,0.0,1.0
27,30,80.41221618652344,144.75,94.3873291015625,158.08999633789062,(L.),6,2,1,710,,Chrozophora,,,,author_6_2,,,,,335.05090077718097,603.125,393.28053792317706,658.7083180745443,0.0,1.0
28,31,99.47535705566406,144.75,114.660400390625,158.08999633789062,Raf.,6,2,2,710,,Chrozophora,,,,author_6_2,,,,,414.4806543986003,603.125,477.7516682942708,658.7083180745443,0.0,1.0
29,32,43.20000076293945,154.41001892089844,91.9948959350586,166.62001037597656,verbascifolia,6,3,0,710,Chrozophora,Chrozophora,verbascifolia,Chrozophora_verbascifolia_6_3,(Willd.) A. Juss. ,,,,species,,180.0000031789144,643.3750788370768,383.31206639607746,694.2500432332357,0.0,1.0
30,33,93.66212463378906,153.3900146484375,124.02571868896484,166.73001098632812,(Willd.),6,3,1,710,,Chrozophora,,,,author_6_3,,,,,390.2588526407878,639.1250610351562,516.7738278706869,694.7083791097006,0.0,1.0
31,34,125.69271087646484,153.3900146484375,134.8798370361328,166.73001098632812,A.,6,3,2,710,,Chrozophora,,,,author_6_3,,,,,523.7196286519369,639.1250610351562,561.9993209838867,694.7083791097006,0.0,1.0
32,35,136.54681396484375,153.3900146484375,155.46116638183594,166.73001098632812,Juss.,6,3,3,710,,Chrozophora,,,,author_6_3,,,,,568.945058186849,639.1250610351562,647.7548599243164,694.7083791097006,0.0,1.0
33,36,30.0,164.42999267578125,83.98988342285156,177.76998901367188,Chrysocamela,7,0,0,710,Chrysocamela,Chrysocamela,,,,,,,genus,,125.0,685.1249694824219,349.95784759521484,740.7082875569662,0.0,0.0
34,38,43.20000076293945,173.54998779296875,73.94580078125,186.88998413085938,velutina,8,0,0,710,Chrysocamela,Chrysocamela,velutina,Chrysocamela_velutina_8_0,(D.G.) Boiss. ,,,,species,,180.0000031789144,723.1249491373698,308.1075032552083,778.7082672119141,0.0,1.0
35,39,77.98664855957031,173.54998779296875,101.92020416259766,186.88998413085938,(D.G.),8,0,1,710,,Chrysocamela,,,,author_8_0,,,,,324.94436899820965,723.1249491373698,424.6675173441569,778.7082672119141,0.0,1.0
36,40,105.7238998413086,173.54998779296875,127.37895202636719,186.88998413085938,Boiss.,8,0,2,710,,Chrysocamela,,,,author_8_0,,,,,440.5162493387858,723.1249491373698,530.7456334431967,778.7082672119141,0.0,1.0
37,41,30.0,183.14999389648438,50.351951599121094,196.489990234375,Cicer,9,0,0,710,Cicer,Cicer,,,,,,,genus,,125.0,763.1249745686849,209.79979832967123,818.7082926432291,0.0,0.0
38,42,43.20000076293945,192.75,80.540771484375,206.08999633789062,arietinum,10,0,0,710,Cicer,Cicer,arietinum,Cicer_arietinum_10_0,L. ,,,,species,,180.0000031789144,803.125,335.5865478515625,858.7083180745443,0.0,1.0
39,43,84.6104507446289,192.75,92.8195571899414,206.08999633789062,L.,10,0,1,710,,Cicer,,,,author_10_0,,,,,352.5435447692871,803.125,386.7481549580892,858.7083180745443,0.0,1.0
40,44,43.20000076293945,202.35000610351562,74.4713134765625,215.69000244140625,bîjugum,10,1,0,710,Cicer,Cicer,bîjugum,Cicer_bîjugum_10_1,Rech. fil. ,,,,species,,180.0000031789144,843.1250254313151,310.29713948567706,898.7083435058594,0.0,1.0
41,45,78.60702514648438,202.35000610351562,100.73916625976562,215.69000244140625,Rech.,10,1,1,710,,Cicer,,,,author_10_1,,,,,327.5292714436849,843.1250254313151,419.74652608235675,898.7083435058594,0.0,1.0
42,46,104.79303741455078,202.35000610351562,115.6200942993164,215.69000244140625,fil.,10,1,2,710,,Cicer,,,,author_10_1,,,,,436.6376558939616,843.1250254313151,481.75039291381836,898.7083435058594,0.0,1.0
43,47,43.20000076293945,213.4499969482422,75.08108520507812,225.6599884033203,ervoides,10,2,0,710,Cicer,Cicer,ervoides,Cicer_ervoides_10_2,(Sieb.) Fenzl ,,,,species,,180.0000031789144,889.3749872843424,312.8378550211589,940.2499516805013,0.0,1.0
44,48,76.74853515625,212.42999267578125,101.6812744140625,225.76998901367188,(Sieb.),10,2,1,710,,Cicer,,,,author_10_2,,,,,319.7855631510417,885.1249694824219,423.67197672526044,940.7082875569662,0.0,1.0
45,49,103.34872436523438,212.42999267578125,124.19375610351562,225.76998901367188,Fenzl,10,2,2,710,,Cicer,,,,author_10_2,,,,,430.61968485514325,885.1249694824219,517.4739837646484,940.7082875569662,0.0,1.0
46,50,42.959999084472656,223.51199340820312,70.03418731689453,233.27999877929688,ervoides,10,3,0,710,Cicer,Cicer,ervoides,Cicer_ervoides_10_3,Brign. ,,,,species,,178.99999618530273,931.2999725341797,291.80911382039386,971.9999949137369,0.0,1.0
47,51,72.30867767333984,222.6959991455078,95.3672866821289,233.3679962158203,Brign.,10,3,1,710,,Cicer,,,,author_10_3,,,,,301.28615697224933,927.8999964396158,397.3636945088704,972.3666508992513,0.0,1.0
48,52,43.20000076293945,231.6300048828125,72.46337890625,244.97000122070312,incisum,10,4,0,710,Cicer,Cicer,incisum,Cicer_incisum_10_4,(Willd.) K. Maly ,,,,species,,180.0000031789144,965.1250203450521,301.9307454427083,1020.7083384195963,0.0,1.0
49,53,77.21939849853516,231.6300048828125,106.79340362548828,244.97000122070312,(Willd.),10,4,1,710,,Cicer,,,,author_10_4,,,,,321.7474937438965,965.1250203450521,444.9725151062012,1020.7083384195963,0.0,1.0
50,54,111.54942321777344,231.6300048828125,120.68202209472656,244.97000122070312,K.,10,4,2,710,,Cicer,,,,author_10_4,,,,,464.78926340738934,965.1250203450521,502.84175872802734,1020.7083384195963,0.0,1.0
51,55,125.18846893310547,231.6300048828125,145.49618530273438,244.97000122070312,Maly,10,4,3,710,,Cicer,,,,author_10_4,,,,,521.6186205546061,965.1250203450521,606.2341054280599,1020.7083384195963,0.0,1.0
52,56,43.20000076293945,242.25001525878906,58.36949920654297,254.4600067138672,lens,10,5,0,710,Cicer,Cicer,lens,Cicer_lens_10_5,Willd. ,,,,species,,180.0000031789144,1009.3750635782877,243.20624669392905,1060.2500279744465,0.0,1.0
53,57,60.036163330078125,241.23001098632812,83.94860076904297,254.57000732421875,Willd.,10,5,1,710,,Cicer,,,,author_10_5,,,,,250.1506805419922,1005.1250457763672,349.785836537679,1060.7083638509114,0.0,1.0
54,58,42.0,251.84999084472656,90.10394287109375,264.05999755859375,pinnatifidum,10,6,0,710,Cicer,Cicer,pinnatifidum,Cicer_pinnatifidum_10_6,Jaub. et Spach ,,,,species,,175.0,1049.3749618530273,375.43309529622394,1100.2499898274739,0.0,1.0
55,59,92.2950210571289,250.82998657226562,114.28579711914062,264.16998291015625,Jaub.,10,6,1,710,,Cicer,,,,author_10_6,,,,,384.5625877380371,1045.1249440511067,476.1908213297526,1100.7082621256511,0.0,1.0
56,60,116.47687530517578,250.82998657226562,123.37747955322266,264.16998291015625,et,10,6,2,710,,Cicer,,,,author_10_6,,,,,485.32031377156574,1045.1249440511067,514.0728314717611,1100.7082621256511,0.0,1.0
57,61,125.56855773925781,250.82998657226562,148.3758544921875,264.16998291015625,Spach,10,6,3,710,,Cicer,,,,author_10_6,,,,,523.2023239135742,1045.1249440511067,618.2327270507812,1100.7082621256511,0.0,1.0
58,62,30.0,260.9100036621094,59.29521179199219,274.25,Gircaea,11,0,0,710,Gircaea,Gircaea,,,,,,,genus,,125.0,1087.125015258789,247.06338246663412,1142.7083333333333,0.0,0.0
59,63,42.720001220703125,270.0299987792969,76.23719787597656,283.3699951171875,lutetiana,12,0,0,710,Gircaea,Gircaea,lutetiana,Gircaea_lutetiana_12_0,L. ,,,,species,,178.00000508626303,1125.124994913737,317.65499114990234,1180.7083129882812,0.0,1.0
60,64,81.95763397216797,270.0299987792969,90.18069458007812,283.3699951171875,L.,12,0,1,710,,Gircaea,,,,author_12_0,,,,,341.4901415506999,1125.124994913737,375.7528940836589,1180.7083129882812,0.0,1.0
61,65,30.0,280.6499938964844,54.57892608642578,292.8600158691406,Cissus,13,0,0,710,Cissus,Cissus,,,,,,,genus,,125.0,1169.3749745686848,227.41219202677408,1220.2500661214192,0.0,0.0
62,66,42.959999084472656,289.7699890136719,78.9789047241211,301.9800109863281,orientalis,14,0,0,710,Cissus,Cissus,orientalis,Cissus_orientalis_14_0,Lam. ,,,,species,,178.99999618530273,1207.3749542236328,329.0787696838379,1258.2500457763672,0.0,1.0
63,67,80.6455078125,288.75,101.1839828491211,302.0899963378906,Lam.,14,0,1,710,,Cissus,,,,author_14_0,,,,,336.02294921875,1203.125,421.5999285380046,1258.7083180745442,0.0,1.0
64,68,29.760000228881836,298.8299865722656,82.22688293457031,312.16998291015625,CISTACEAE,15,0,0,710,,,,,,,,,,,124.00000095367432,1245.1249440511067,342.6120122273763,1300.7082621256511,0.0,0.0
65,69,29.760000228881836,308.9100036621094,52.95094299316406,322.25,Cistus,15,1,0,710,Cistus,Cistus,,,,,,,genus,,124.00000095367432,1287.125015258789,220.6289291381836,1342.7083333333333,0.0,0.0
66,70,42.720001220703125,320.9519958496094,80.93600463867188,330.7200012207031,aegyptiacus,16,0,0,710,Cistus,Cistus,aegyptiacus,Cistus_aegyptiacus_16_0,L. ,,,,species,,178.00000508626303,1337.2999827067058,337.2333526611328,1378.000005086263,0.0,1.0
67,71,85.677001953125,320.135986328125,92.96800231933594,330.8079833984375,L.,16,0,1,710,,Cistus,,,,author_16_0,,,,,356.9875081380208,1333.8999430338542,387.3666763305664,1378.3665974934895,0.0,1.0
68,72,42.720001220703125,330.552001953125,70.72000122070312,340.32000732421875,arabicus,16,1,0,710,Cistus,Cistus,arabicus,Cistus_arabicus_16_1,L. ,,,,species,,178.00000508626303,1377.3000081380208,294.6666717529297,1418.0000305175781,0.0,1.0
69,73,76.13700103759766,329.7359924316406,83.36800384521484,340.4079895019531,L.,16,1,1,710,,Cistus,,,,author_16_1,,,,,317.23750432332355,1373.8999684651692,347.3666826883952,1418.3666229248047,0.0,1.0
70,74,42.959999084472656,337.7099914550781,71.76582336425781,351.04998779296875,creticus,16,2,0,710,Cistus,Cistus,creticus,Cistus_creticus_16_2,L. ,,,,species,,178.99999618530273,1407.124964396159,299.0242640177409,1462.7082824707031,0.0,1.0
71,75,75.63648223876953,337.7099914550781,83.69957733154297,351.04998779296875,L.,16,2,1,710,,Cistus,,,,author_16_2,,,,,315.15200932820636,1407.124964396159,348.748238881429,1462.7082824707031,0.0,1.0
72,76,42.47999954223633,349.7519836425781,72.60835266113281,359.5199890136719,ellipticus,16,3,0,710,Cistus,Cistus,ellipticus,Cistus_ellipticus_16_3,Desf. ,,,,species,,176.99999809265137,1457.2999318440754,302.53480275472003,1497.9999542236328,0.0,1.0
73,77,77.44145965576172,348.93597412109375,95.62364196777344,359.60797119140625,Desf.,16,3,1,710,,Cistus,,,,author_16_3,,,,,322.6727485656738,1453.8998921712239,398.43184153238934,1498.3665466308594,0.0,1.0
74,78,41.040000915527344,359.35198974609375,65.04000091552734,369.1199951171875,/umana,16,4,0,710,Cistus,Cistus,/umana,Cistus_/umana_16_4,L. ,,,,species,,171.00000381469727,1497.2999572753906,271.00000381469727,1537.999979654948,0.0,1.0
75,79,72.95700073242188,358.5359802246094,80.24800109863281,369.2079772949219,L.,16,4,1,710,,Cistus,,,,author_16_4,,,,,303.9875030517578,1493.899917602539,334.3666712443034,1538.3665720621746,0.0,1.0
76,80,42.2400016784668,368.9519958496094,75.13600158691406,378.7200012207031,glutinosus,16,5,0,710,Cistus,Cistus,glutinosus,Cistus_glutinosus_16_5,L. ,,,,species,,176.00000699361166,1537.2999827067058,313.0666732788086,1578.000005086263,0.0,1.0
77,81,80.69700622558594,368.135986328125,87.92800903320312,378.8079833984375,L.,16,5,1,710,,Cistus,,,,author_16_5,,,,,336.2375259399414,1533.8999430338542,366.366704305013,1578.3665974934895,0.0,1.0
78,82,42.0,378.552001953125,67.78399658203125,388.32000732421875,guttatus,16,6,0,710,Cistus,Cistus,guttatus,Cistus_guttatus_16_6,L. ,,,,species,,175.0,1577.3000081380208,282.4333190917969,1618.0000305175781,0.0,1.0
79,83,74.15699768066406,377.7359924316406,81.447998046875,388.4079895019531,L.,16,6,1,710,,Cistus,,,,author_16_6,,,,,308.9874903361003,1573.8999684651692,339.3666585286458,1618.3666229248047,0.0,1.0
80,84,42.720001220703125,388.3919982910156,72.50399780273438,398.1600036621094,ledifolius,16,7,0,710,Cistus,Cistus,ledifolius,Cistus_ledifolius_16_7,L. ,,,,species,,178.00000508626303,1618.2999928792317,302.09999084472656,1659.000015258789,0.0,1.0
81,85,77.33699798583984,387.57598876953125,84.56800079345703,398.24798583984375,L.,16,7,1,710,,Cistus,,,,author_16_7,,,,,322.237491607666,1614.8999532063801,352.3666699727376,1659.3666076660156,0.0,1.0
82,86,42.720001220703125,397.99200439453125,60.944000244140625,407.760009765625,Hppii,16,8,0,710,Cistus,Cistus,Hppii,Cistus_Hppii_16_8,L. ,,,,species,,178.00000508626303,1658.3000183105469,253.93333435058594,1699.0000406901042,0.0,1.0
83,87,65.57699584960938,397.1759948730469,72.80799865722656,407.8479919433594,L.,16,8,1,710,,Cistus,,,,author_16_8,,,,,273.23748270670575,1654.8999786376953,303.36666107177734,1699.3666330973308,0.0,1.0
84,88,42.720001220703125,407.3520202636719,70.27999877929688,417.1200256347656,niloticus,16,9,0,710,Cistus,Cistus,niloticus,Cistus_niloticus_16_9,L. ,,,,species,,178.00000508626303,1697.300084431966,292.8333282470703,1738.0001068115234,0.0,1.0
85,89,74.21700286865234,406.5360107421875,81.44800567626953,417.2080078125,L.,16,9,1,710,,Cistus,,,,author_16_9,,,,,309.2375119527181,1693.9000447591145,339.36669031778973,1738.36669921875,0.0,1.0
86,90,42.720001220703125,416.9519958496094,74.72799682617188,426.7200012207031,nudifolius,16,10,0,710,Cistus,Cistus,nudifolius,Cistus_nudifolius_16_10,Lâm. ,,,,species,,178.00000508626303,1737.2999827067058,311.3666534423828,1778.000005086263,0.0,1.0
87,91,80.58976745605469,416.135986328125,99.92633056640625,426.8079833984375,Lâm.,16,10,1,710,,Cistus,,,,author_16_10,,,,,335.7906977335612,1733.8999430338542,416.3597106933594,1778.3665974934895,0.0,1.0
88,92,42.47999954223633,427.2720031738281,84.70399475097656,437.0400085449219,nummularius,16,11,0,710,Cistus,Cistus,nummularius,Cistus_nummularius_16_11,L. ,,,,species,,176.99999809265137,1780.300013224284,352.93331146240234,1821.000035603841,0.0,1.0
89,93,90.7770004272461,426.45599365234375,98.00800323486328,437.12799072265625,L.,16,11,1,710,,Cistus,,,,author_16_11,,,,,378.2375017801921,1776.8999735514324,408.3666801452637,1821.3666280110676,0.0,1.0
90,94,42.720001220703125,436.8719787597656,76.93600463867188,446.6399841308594,racemosus,16,12,0,710,Cistus,Cistus,racemosus,Cistus_racemosus_16_12,L. ,,,,species,,178.00000508626303,1820.2999114990234,320.5666859944661,1860.9999338785808,0.0,1.0
91,95,79.49700927734375,436.05596923828125,86.72801208496094,446.72796630859375,L.,16,12,1,710,,Cistus,,,,author_16_12,,,,,331.23753865559894,1816.8998718261719,361.3667170206706,1861.3665262858074,0.0,1.0
92,96,42.47999954223633,443.7900085449219,82.2061996459961,457.1300048828125,sàlviifolius,16,13,0,710,Cistus,Cistus,sàlviifolius,Cistus_sàlviifolius_16_13,L. ,,,,species,,176.99999809265137,1849.125035603841,342.5258318583171,1904.7083536783855,0.0,1.0
93,97,86.76319885253906,443.7900085449219,94.74073791503906,457.1300048828125,L.,16,13,1,710,,Cistus,,,,author_16_13,,,,,361.5133285522461,1849.125035603841,394.7530746459961,1904.7083536783855,0.0,1.0
94,98,42.47999954223633,456.0719909667969,73.63484954833984,465.8399963378906,stipulatus,16,14,0,710,Cistus,Cistus,stipulatus,Cistus_stipulatus_16_14,Forssk. ,,,,species,,176.99999809265137,1900.2999623616536,306.8118731180827,1940.999984741211,0.0,1.0
95,99,79.43032836914062,455.2559814453125,105.44744873046875,465.927978515625,Forssk.,16,14,1,710,,Cistus,,,,author_16_14,,,,,330.95970153808594,1896.899922688802,439.36436971028644,1941.3665771484375,0.0,1.0
96,100,42.47999954223633,465.6719970703125,78.03999328613281,475.44000244140625,thymifolius,16,15,0,710,Cistus,Cistus,thymifolius,Cistus_thymifolius_16_15,L. ,,,,species,,176.99999809265137,1940.2999877929688,325.16663869222003,1981.0000101725261,0.0,1.0
97,101,84.53699493408203,464.8559875488281,91.76799774169922,475.5279846191406,L.,16,15,1,710,,Cistus,,,,author_16_15,,,,,352.2374788920085,1936.8999481201172,382.3666572570801,1981.3666025797527,0.0,1.0
98,102,42.720001220703125,475.2720031738281,78.72000122070312,485.0400085449219,tomentosus,16,16,0,710,Cistus,Cistus,tomentosus,Cistus_tomentosus_16_16,Scop. ,,,,species,,178.00000508626303,1980.300013224284,328.000005086263,2021.000035603841,0.0,1.0
99,103,82.32311248779297,474.45599365234375,102.80354309082031,485.12799072265625,Scop.,16,16,1,710,,Cistus,,,,author_16_16,,,,,343.0129686991374,1976.8999735514324,428.3480962117513,2021.3666280110676,0.0,1.0
100,104,42.47999954223633,484.8719787597656,77.59200286865234,494.6399841308594,umbellatus,16,17,0,710,Cistus,Cistus,umbellatus,Cistus_umbellatus_16_17,L. ,,,,species,,176.99999809265137,2020.2999114990234,323.3000119527181,2060.9999338785806,0.0,1.0
101,105,83.2770004272461,484.05596923828125,90.56800079345703,494.72796630859375,L.,16,17,1,710,,Cistus,,,,author_16_17,,,,,346.9875017801921,2016.8998718261719,377.3666699727376,2061.366526285807,0.0,1.0
102,106,42.720001220703125,494.4720153808594,67.16799926757812,504.2400207519531,villosus,16,18,0,710,Cistus,Cistus,villosus,Cistus_villosus_16_18,L. ,,,,species,,178.00000508626303,2060.300064086914,279.8666636149089,2101.000086466471,0.0,1.0
103,107,71.51699829101562,493.656005859375,78.80799865722656,504.3280029296875,L.,16,18,1,710,,Cistus,,,,author_16_18,,,,,297.98749287923175,2056.9000244140625,328.36666107177734,2101.3666788736978,0.0,1.0
104,108,29.520000457763672,501.8700256347656,62.577789306640625,515.2100219726562,Clematis,17,0,0,710,Clematis,Clematis,,,,,,,genus,,123.00000190734863,2091.1251068115234,260.74078877766925,2146.708424886068,0.0,0.0
105,109,42.720001220703125,510.9900207519531,73.04637145996094,524.3300170898438,cirrhosa,18,0,0,710,Clematis,Clematis,cirrhosa,Clematis_cirrhosa_18_0,L. ,,,,species,,178.00000508626303,2129.125086466471,304.3598810831706,2184.7084045410156,0.0,1.0
106,110,77.46294403076172,510.9900207519531,85.6199722290039,524.3300170898438,L.,18,0,1,710,,Clematis,,,,author_18_0,,,,,322.7622667948405,2129.125086466471,356.7498842875163,2184.7084045410156,0.0,1.0
107,111,42.47999954223633,521.0699462890625,79.02528381347656,534.4099731445312,flammula,18,1,0,710,Clematis,Clematis,flammula,Clematis_flammula_18_1,L. ,,,,species,,176.99999809265137,2171.1247762044272,329.27201588948566,2226.708221435547,0.0,1.0
108,112,83.00568389892578,521.0699462890625,91.14131927490234,534.4099731445312,L.,18,1,1,710,,Clematis,,,,author_18_1,,,,,345.8570162455241,2171.1247762044272,379.75549697875977,2226.708221435547,0.0,1.0
109,113,42.720001220703125,530.6699829101562,68.92181396484375,544.010009765625,vitalba,18,2,0,710,Clematis,Clematis,vitalba,Clematis_vitalba_18_2,L. ,,,,species,,178.00000508626303,2211.124928792318,287.1742248535156,2266.7083740234375,0.0,1.0
110,114,73.57554626464844,530.6699829101562,81.7800064086914,544.010009765625,L.,18,2,1,710,,Clematis,,,,author_18_2,,,,,306.56477610270184,2211.124928792318,340.75002670288086,2266.7083740234375,0.0,1.0
111,115,42.720001220703125,542.4720458984375,68.49600219726562,552.239990234375,viticella,18,3,0,710,Clematis,Clematis,viticella,Clematis_viticella_18_3,L. ,,,,species,,178.00000508626303,2260.3001912434897,285.40000915527344,2300.999959309896,0.0,1.0
112,116,73.1969985961914,541.656005859375,80.48799896240234,552.3280029296875,L.,18,3,1,710,,Clematis,,,,author_18_3,,,,,304.98749415079754,2256.9000244140625,335.3666623433431,2301.3666788736978,0.0,1.0
113,117,29.280000686645508,549.3899536132812,58.24485397338867,562.72998046875,Cleome,19,0,0,710,Cleome,Cleome,,,,,,,genus,,122.00000286102295,2289.1248067220054,242.68689155578613,2344.708251953125,0.0,0.0
114,118,42.2400016784668,560.969970703125,67.68607330322266,573.1799926757812,glauca,20,0,0,710,Cleome,Cleome,glauca,Cleome_glauca_20_0,D.C. ,,,,species,,176.00000699361166,2337.3748779296875,282.0253054300944,2388.249969482422,0.0,1.0
115,119,69.35287475585938,559.949951171875,87.67366790771484,573.2899780273438,D.C.,20,0,1,710,,Cleome,,,,author_20_0,,,,,288.9703114827474,2333.124796549479,365.3069496154785,2388.708241780599,0.0,1.0
116,120,42.720001220703125,569.5499877929688,86.08589935302734,582.8900146484375,glaucescens,20,1,0,710,Cleome,Cleome,glaucescens,Cleome_glaucescens_20_1,D.C. ,,,,species,,178.00000508626303,2373.1249491373696,358.6912473042806,2428.7083943684897,0.0,1.0
117,121,90.67359161376953,569.5499877929688,108.89973449707031,582.8900146484375,D.C.,20,1,1,710,,Cleome,,,,author_20_1,,,,,377.80663172403973,2373.1249491373696,453.74889373779297,2428.7083943684897,0.0,1.0
118,122,42.2400016784668,580.8720092773438,78.23200225830078,590.6399536132812,kotschyana,20,2,0,710,Cleome,Cleome,kotschyana,Cleome_kotschyana_20_2,Boiss. ,,,,species,,176.00000699361166,2420.300038655599,325.96667607625324,2460.9998067220054,0.0,1.0
119,123,82.44657135009766,580.0559692382812,103.52339172363281,590.7279663085938,Boiss.,20,2,1,710,,Cleome,,,,author_20_2,,,,,343.5273806254069,2416.899871826172,431.3474655151367,2461.366526285807,0.0,1.0
120,124,42.47999954223633,588.75,69.61740112304688,602.0900268554688,noëana,20,3,0,710,Cleome,Cleome,noëana,Cleome_noëana_20_3,Boiss. ,,,,species,,176.99999809265137,2453.125,290.072504679362,2508.7084452311196,0.0,1.0
121,125,73.5252685546875,588.75,94.98036193847656,602.0900268554688,Boiss.,20,3,1,710,,Cleome,,,,author_20_3,,,,,306.35528564453125,2453.125,395.75150807698566,2508.7084452311196,0.0,1.0
122,126,42.47999954223633,598.3499755859375,106.54769134521484,611.6900024414062,ornithopodioides,20,4,0,710,Cleome,Cleome,ornithopodioides,Cleome_ornithopodioides_20_4,L. ,,,,species,,176.99999809265137,2493.1248982747397,443.9487139383952,2548.7083435058594,0.0,1.0
123,127,110.75593566894531,598.3499755859375,118.97991943359375,611.6900024414062,L.,20,4,1,710,,Cleome,,,,author_20_4,,,,,461.48306528727215,2493.1248982747397,495.7496643066406,2548.7083435058594,0.0,1.0
124,192,236.63999938964844,48.750030517578125,270.51409912109375,62.090030670166016,Clypeola,33,0,0,710,Clypeola,Clypeola,,,,,,,genus,,985.9999974568685,203.12512715657553,1127.1420796712239,258.7084611256917,1.0,2.0
125,193,249.83999633789062,59.352020263671875,284.5039978027344,69.12002563476562,campestris,34,0,0,710,Clypeola,Clypeola,campestris,Clypeola_campestris_34_0,L. ,,,,species,,1040.999984741211,247.30008443196616,1185.4333241780598,288.00010681152344,1.0,3.0
126,194,288.7769775390625,58.5360221862793,296.0079650878906,69.20802307128906,L.,34,0,1,710,,Clypeola,,,,author_34_0,,,,,1203.2374064127605,243.9000924428304,1233.3665211995442,288.3667627970378,1.0,3.0
127,195,250.32000732421875,66.99002075195312,284.94659423828125,80.33001708984375,echinata.,34,1,0,710,Clypeola,Clypeola,echinata.,Clypeola_echinata._34_1,D.C. ,,,,species,,1043.0000305175781,279.1250864664714,1187.2774759928386,334.7084045410156,1.0,3.0
128,196,286.66802978515625,66.99002075195312,304.9831848144531,80.33001708984375,D.C.,34,1,1,710,,Clypeola,,,,author_34_1,,,,,1194.4501241048176,279.1250864664714,1270.7632700602214,334.7084045410156,1.0,3.0
129,197,248.8800048828125,76.58999633789062,286.90771484375,89.92999267578125,jonthlaspi,34,2,0,710,Clypeola,Clypeola,jonthlaspi,Clypeola_jonthlaspi_34_2,L. ,,,,species,,1037.000020345052,319.12498474121094,1195.4488118489583,374.7083028157552,1.0,3.0
130,198,291.0155334472656,76.58999633789062,299.2200012207031,89.92999267578125,L.,34,2,1,710,,Clypeola,,,,author_34_2,,,,,1212.5647226969402,319.12498474121094,1246.750005086263,374.7083028157552,1.0,3.0
131,199,249.83999633789062,86.67001342773438,283.1721496582031,100.010009765625,lappacea,34,3,0,710,Clypeola,Clypeola,lappacea,Clypeola_lappacea_34_3,Boiss. ,,,,species,,1040.999984741211,361.12505594889325,1179.8839569091797,416.7083740234375,1.0,3.0
132,200,287.3655090332031,86.67001342773438,308.82061767578125,100.010009765625,Boiss.,34,3,1,710,,Clypeola,,,,author_34_3,,,,,1197.3562876383464,361.12505594889325,1286.7525736490886,416.7083740234375,1.0,3.0
133,201,249.60000610351562,97.75198364257812,278.9360046386719,107.51998901367188,maritima,34,4,0,710,Clypeola,Clypeola,maritima,Clypeola_maritima_34_4,L. ,,,,species,,1040.0000254313152,407.2999318440755,1162.2333526611328,447.9999542236328,1.0,3.0
134,202,284.6969909667969,96.93598937988281,291.927978515625,107.60798645019531,L.,34,4,1,710,,Clypeola,,,,author_34_4,,,,,1186.2374623616536,403.8999557495117,1216.3665771484375,448.36661020914715,1.0,3.0
135,203,249.60000610351562,107.35202026367188,286.9280090332031,117.12002563476562,microcarpa,34,5,0,710,Clypeola,Clypeola,microcarpa,Clypeola_microcarpa_34_5,Moris ,,,,species,,1040.0000254313152,447.3000844319661,1195.5333709716797,488.00010681152344,1.0,3.0
136,204,290.5679931640625,106.53602600097656,312.27996826171875,117.20802307128906,Moris,34,5,1,710,,Clypeola,,,,author_34_5,,,,,1210.699971516927,443.90010833740234,1301.1665344238281,488.3667627970378,1.0,3.0
137,205,249.60000610351562,116.95199584960938,268.7120056152344,126.72000122070312,minor,34,6,0,710,Clypeola,Clypeola,minor,Clypeola_minor_34_6,L. ,,,,species,,1040.0000254313152,487.29998270670575,1119.6333567301433,528.0000050862631,1.0,3.0
138,206,272.96478271484375,116.13600158691406,280.6467590332031,126.80799865722656,L.,34,6,1,710,,Clypeola,,,,author_34_6,,,,,1137.3532613118489,483.9000066121419,1169.3614959716797,528.3666610717773,1.0,3.0
139,207,236.16000366210938,125.06997680664062,269.9230651855469,138.40997314453125,Cnidium,35,0,0,710,Cnidium,Cnidium,,,,,,,genus,,984.0000152587891,521.1249033610026,1124.679438273112,576.7082214355469,1.0,2.0
140,208,249.36000061035156,134.67001342773438,286.14691162109375,148.010009765625,orientale.,36,0,0,710,Cnidium,Cnidium,orientale.,Cnidium_orientale._36_0,Boiss. ,,,,species,,1039.0000025431316,561.1250559488932,1192.2787984212239,616.7083740234375,1.0,3.0
141,209,287.8138427734375,134.67001342773438,309.2617492675781,148.010009765625,Boiss.,36,0,1,710,,Cnidium,,,,author_36_0,,,,,1199.224344889323,561.1250559488932,1288.5906219482422,616.7083740234375,1.0,3.0
142,210,235.9199981689453,146.47198486328125,271.91998291015625,156.239990234375,Cochlearia,37,0,0,710,Cochlearia,Cochlearia,,,,,,,genus,,982.9999923706055,610.2999369303385,1132.9999287923176,650.9999593098959,1.0,2.0
143,211,248.8800048828125,155.83200073242188,282.656005859375,165.60000610351562,coronopus,38,0,0,710,Cochlearia,Cochlearia,coronopus,Cochlearia_coronopus_38_0,L. ,,,,species,,1037.000020345052,649.3000030517578,1177.7333577473958,690.0000254313151,1.0,3.0
144,212,285.4169921875,155.01600646972656,292.6479797363281,165.68800354003906,L.,38,0,1,710,,Cochlearia,,,,author_38_0,,,,,1189.2374674479167,645.900026957194,1219.3665822347004,690.3666814168295,1.0,3.0
145,213,249.36000061035156,165.6719970703125,275.135986328125,175.44000244140625,velutina,38,1,0,710,Cochlearia,Cochlearia,velutina,Cochlearia_velutina_38_1,D.C. ,,,,species,,1039.0000025431316,690.2999877929688,1146.3999430338542,731.000010172526,1.0,3.0
146,214,279.8039855957031,164.8560028076172,297.6880187988281,175.5279998779297,D.C.,38,1,1,710,,Cochlearia,,,,author_38_1,,,,,1165.8499399820964,686.9000116984049,1240.3667449951172,731.3666661580404,1.0,3.0
147,215,235.9199981689453,173.54998779296875,276.7674865722656,186.88998413085938,Colchicum,39,0,0,710,Colchicum,Colchicum,,,,,,,genus,,982.9999923706055,723.1249491373698,1153.1978607177734,778.7082672119141,1.0,2.0
148,216,246.9600067138672,184.63198852539062,282.51202392578125,194.39999389648438,fasciculare,40,0,0,710,Colchicum,Colchicum,fasciculare,Colchicum_fasciculare_40_0,(L.) R. Br. ,,,,species,,1029.0000279744465,769.2999521891276,1177.1334330240886,809.9999745686849,1.0,3.0
149,217,287.0560302734375,183.8159942626953,300.61602783203125,194.4879913330078,(L.),40,0,1,710,,Colchicum,,,,author_40_0,,,,,1196.0667928059895,765.8999760945638,1252.5667826334636,810.3666305541992,1.0,3.0
150,218,305.427001953125,183.8159942626953,313.1319885253906,194.4879913330078,R.,40,0,2,710,,Colchicum,,,,author_40_0,,,,,1272.6125081380208,765.8999760945638,1304.7166188557942,810.3666305541992,1.0,3.0
151,219,317.6759948730469,183.8159942626953,328.7040100097656,194.4879913330078,Br.,40,0,3,710,,Colchicum,,,,author_40_0,,,,,1323.6499786376953,765.8999760945638,1369.6000417073567,810.3666305541992,1.0,3.0
152,221,246.72000122070312,194.23199462890625,281.9921569824219,204.0,fasciculare,40,1,0,710,Colchicum,Colchicum,fasciculare,Colchicum_fasciculare_40_1,Boiss. ,,,,species,,1028.000005086263,809.2999776204427,1174.967320760091,850.0,1.0,3.0
153,222,288.3249206542969,193.41600036621094,309.20330810546875,204.08799743652344,Boiss.,40,1,1,710,,Colchicum,,,,author_40_1,,,,,1201.3538360595703,805.9000015258789,1288.3471171061199,850.3666559855143,1.0,3.0
154,223,248.8800048828125,202.35000610351562,285.6615295410156,215.69000244140625,halepense,40,2,0,710,Colchicum,Colchicum,halepense,Colchicum_halepense_40_2,Freyn ,,,,species,,1037.000020345052,843.1250254313151,1190.2563730875652,898.7083435058594,1.0,3.0
155,224,289.78143310546875,202.35000610351562,311.8056945800781,215.69000244140625,Freyn,40,2,1,710,,Colchicum,,,,author_40_2,,,,,1207.4226379394531,843.1250254313151,1299.190394083659,898.7083435058594,1.0,3.0
156,225,235.67999267578125,214.15200805664062,271.68798828125,223.92001342773438,Colladonia,41,0,0,710,Colladonia,Colladonia,,,,,,,genus,,981.9999694824219,892.3000335693359,1132.0332845052083,933.0000559488932,1.0,2.0
157,226,248.8800048828125,223.75198364257812,265.3280029296875,233.51998901367188,alata,42,0,0,710,Colladonia,Colladonia,alata,Colladonia_alata_42_0,Boiss. ,,,,species,,1037.000020345052,932.2999318440756,1105.5333455403645,972.9999542236328,1.0,3.0
158,227,269.5693664550781,222.9359893798828,290.2443542480469,233.6079864501953,Boiss.,42,0,1,710,,Colladonia,,,,author_42_0,,,,,1123.2056935628254,928.8999557495117,1209.3514760335286,973.3666102091471,1.0,3.0
159,228,249.1199951171875,233.35198974609375,283.0746154785156,243.1199951171875,anisoptera,42,1,0,710,Colladonia,Colladonia,anisoptera,Colladonia_anisoptera_42_1,Boiss. ,,,,species,,1037.999979654948,972.2999572753906,1179.4775644938152,1012.9999796549479,1.0,3.0
160,229,286.16510009765625,232.53599548339844,307.0434875488281,243.20799255371094,Boiss.,42,1,1,710,,Colladonia,,,,author_42_1,,,,,1192.3545837402344,968.8999811808268,1279.347864786784,1013.3666356404623,1.0,3.0
161,230,248.8800048828125,242.95199584960938,273.1916809082031,252.72000122070312,crenata,42,2,0,710,Colladonia,Colladonia,crenata,Colladonia_crenata_42_2,(Fenzl) Boiss. ,,,,species,,1037.000020345052,1012.2999827067057,1138.2986704508464,1053.000005086263,1.0,3.0
162,231,277.0443420410156,242.13600158691406,302.9098815917969,252.80799865722656,(Fenzl),42,2,1,710,,Colladonia,,,,author_42_2,,,,,1154.3514251708984,1008.900006612142,1262.124506632487,1053.3666610717773,1.0,3.0
163,232,306.9903564453125,242.13600158691406,327.92388916015625,252.80799865722656,Boiss.,42,2,2,710,,Colladonia,,,,author_42_2,,,,,1279.126485188802,1008.900006612142,1366.3495381673176,1053.3666610717773,1.0,3.0
164,233,249.1199951171875,252.552001953125,286.4207458496094,262.32000732421875,microcarpa,42,3,0,710,Colladonia,Colladonia,microcarpa,Colladonia_microcarpa_42_3,(Benth. et Hook.) ,,,,species,,1037.999979654948,1052.3000081380208,1193.4197743733723,1093.0000305175781,1.0,3.0
165,234,290.9134521484375,251.7360076904297,318.07159423828125,262.4079895019531,(Benth.,42,3,1,710,,Colladonia,,,,author_42_3,,,,,1212.139383951823,1048.900032043457,1325.2983093261719,1093.3666229248047,1.0,3.0
166,235,322.1366271972656,251.7360076904297,328.2651672363281,262.4079895019531,et,42,3,2,710,,Colladonia,,,,author_42_3,,,,,1342.2359466552734,1048.900032043457,1367.7715301513672,1093.3666229248047,1.0,3.0
167,236,331.90252685546875,251.7360076904297,357.49884033203125,262.4079895019531,Hook.),42,3,3,710,,Colladonia,,,,author_42_3,,,,,1382.9271952311199,1048.900032043457,1489.5785013834636,1093.3666229248047,1.0,3.0
168,238,249.1199951171875,262.1520080566406,272.48663330078125,271.9200134277344,syriaca,42,4,0,710,Colladonia,Colladonia,syriaca,Colladonia_syriaca_42_4,Boiss. ,,,,species,,1037.999979654948,1092.300033569336,1135.3609720865886,1133.0000559488933,1.0,3.0
169,239,276.0850830078125,261.33599853515625,296.9634704589844,272.00799560546875,Boiss.,42,4,1,710,,Colladonia,,,,author_42_4,,,,,1150.354512532552,1088.8999938964844,1237.3477935791016,1133.3666483561199,1.0,3.0
170,240,235.9199981689453,270.0299987792969,265.07550048828125,283.3699951171875,Colutea,43,0,0,710,Colutea,Colutea,,,,,,,genus,,982.9999923706055,1125.124994913737,1104.4812520345051,1180.7083129882812,1.0,2.0
171,241,249.36000061035156,281.35198974609375,288.4640197753906,291.1199951171875,arborescens,44,0,0,710,Colutea,Colutea,arborescens,Colutea_arborescens_44_0,L. ,,,,species,,1039.0000025431316,1172.2999572753906,1201.9334157307942,1212.999979654948,1.0,3.0
172,242,291.177001953125,280.5359802246094,298.4079895019531,291.2079772949219,L.,44,0,1,710,,Colutea,,,,author_44_0,,,,,1213.2375081380208,1168.899917602539,1243.3666229248047,1213.3665720621746,1.0,3.0
173,243,249.36000061035156,288.75,275.5608825683594,302.0899963378906,cilicica,44,1,0,710,Colutea,Colutea,cilicica,Colutea_cilicica_44_1,Boiss. et Bal. ,,,,species,,1039.0000025431316,1203.125,1148.1703440348308,1258.7083180745442,1.0,3.0
174,244,278.8902893066406,288.75,300.34539794921875,302.0899963378906,Boiss.,44,1,1,710,,Colutea,,,,author_44_1,,,,,1162.0428721110027,1203.125,1251.4391581217449,1258.7083180745442,1.0,3.0
175,245,304.118408203125,288.75,310.69720458984375,302.0899963378906,et,44,1,2,710,,Colutea,,,,author_44_1,,,,,1267.1600341796875,1203.125,1294.5716857910156,1258.7083180745442,1.0,3.0
176,246,314.026611328125,288.75,328.9819641113281,302.0899963378906,Bal.,44,1,3,710,,Colutea,,,,author_44_1,,,,,1308.4442138671875,1203.125,1370.7581837972004,1258.7083180745442,1.0,3.0
177,247,248.8800048828125,300.552001953125,280.4320068359375,310.32000732421875,haleppica,44,2,0,710,Colutea,Colutea,haleppica,Colutea_haleppica_44_2,Lam. ,,,,species,,1037.000020345052,1252.3000081380208,1168.4666951497395,1293.0000305175781,1.0,3.0
178,248,284.76800537109375,299.7359924316406,304.16796875,310.4079895019531,Lam.,44,2,1,710,,Colutea,,,,author_44_2,,,,,1186.5333557128906,1248.8999684651692,1267.3665364583333,1293.3666229248047,1.0,3.0
179,249,249.36000061035156,308.9100036621094,268.2901611328125,322.25,istria,44,3,0,710,Colutea,Colutea,istria,Colutea_istria_44_3,Mill. ,,,,species,,1039.0000025431316,1287.125015258789,1117.8756713867188,1342.7083333333333,1.0,3.0
180,250,272.0325012207031,308.9100036621094,290.8203430175781,322.25,Mill.,44,3,1,710,,Colutea,,,,author_44_3,,,,,1133.468755086263,1287.125015258789,1211.751429239909,1342.7083333333333,1.0,3.0
181,251,247.67999267578125,319.04998779296875,298.7846374511719,331.260009765625,"""melanocalyx",44,4,0,710,Colutea,Colutea,"""melanocalyx","Colutea_""melanocalyx_44_4",Boiss. ,,,,species,,1031.9999694824219,1329.3749491373699,1244.9359893798828,1380.2500406901042,1.0,3.0
182,252,300.4520263671875,318.0299987792969,321.9899597167969,331.3699951171875,Boiss.,44,4,1,710,,Colutea,,,,author_44_4,,,,,1251.8834431966145,1325.124994913737,1341.6248321533203,1380.7083129882812,1.0,3.0
183,253,249.1199951171875,329.6099853515625,277.9093322753906,341.82000732421875,spinosa,44,5,0,710,Colutea,Colutea,spinosa,Colutea_spinosa_44_5,Forssk. ,,,,species,,1037.999979654948,1373.3749389648438,1157.955551147461,1424.2500305175781,1.0,3.0
184,254,279.5767822265625,328.5899963378906,306.0618591308594,341.92999267578125,Forssk.,44,5,1,710,,Colutea,,,,author_44_5,,,,,1164.9032592773438,1369.124984741211,1275.2577463785808,1424.7083028157551,1.0,3.0
185,255,235.9199981689453,337.7099914550781,290.1929016113281,351.04998779296875,Coluteocarpus,45,0,0,710,Coluteocarpus,Coluteocarpus,,,,,,,genus,,982.9999923706055,1407.124964396159,1209.1370900472004,1462.7082824707031,1.0,2.0
186,256,249.1199951171875,348.80999755859375,289.1645812988281,361.02001953125,reticulatus,46,0,0,710,Coluteocarpus,Coluteocarpus,reticulatus,Coluteocarpus_reticulatus_46_0,(Lam.) Boiss. ,,,,species,,1037.999979654948,1453.3749898274739,1204.8524220784504,1504.2500813802083,1.0,3.0
187,257,290.83172607421875,347.7900085449219,316.9290771484375,361.1300048828125,(Lam.),46,0,1,710,,Coluteocarpus,,,,author_46_0,,,,,1211.7988586425781,1449.125035603841,1320.537821451823,1504.7083536783855,1.0,3.0
188,258,318.5962219238281,347.7900085449219,340.1911315917969,361.1300048828125,Boiss.,46,0,2,710,,Coluteocarpus,,,,author_46_0,,,,,1327.4842580159504,1449.125035603841,1417.4630482991536,1504.7083536783855,1.0,3.0
189,260,249.36000061035156,357.3900146484375,285.822509765625,370.7300109863281,vesicarius,46,1,0,710,Coluteocarpus,Coluteocarpus,vesicarius,Coluteocarpus_vesicarius_46_1,(L.) Holmboe ,,,,species,,1039.0000025431316,1489.1250610351562,1190.9271240234375,1544.7083791097004,1.0,3.0
190,261,290.2260437011719,357.3900146484375,304.2011413574219,370.7300109863281,(L.),46,1,1,710,,Coluteocarpus,,,,author_46_1,,,,,1209.275182088216,1489.1250610351562,1267.5047556559246,1544.7083791097004,1.0,3.0
191,262,308.8492736816406,357.3900146484375,343.7093811035156,370.7300109863281,Holmboe,46,1,2,710,,Coluteocarpus,,,,author_46_1,,,,,1286.8719736735027,1489.1250610351562,1432.1224212646484,1544.7083791097004,1.0,3.0
192,263,235.9199981689453,366.989990234375,289.3688049316406,380.3299865722656,Commicarpus,47,0,0,710,Commicarpus,Commicarpus,,,,,,,genus,,982.9999923706055,1529.1249593098958,1205.703353881836,1584.7082773844402,1.0,2.0
193,264,249.1199951171875,376.5899963378906,283.1710510253906,389.92999267578125,africanus,48,0,0,710,Commicarpus,Commicarpus,africanus,Commicarpus_africanus_48_0,(Lour.) Dandy ,,,,species,,1037.999979654948,1569.124984741211,1179.879379272461,1624.7083028157551,1.0,3.0
194,265,288.05633544921875,376.5899963378906,314.9556579589844,389.92999267578125,(Lour.),48,0,1,710,,Commicarpus,,,,author_48_0,,,,,1200.2347310384114,1569.124984741211,1312.3152414957683,1624.7083028157551,1.0,3.0
195,266,320.09820556640625,376.5899963378906,345.8966369628906,389.92999267578125,Dandy,48,0,2,710,,Commicarpus,,,,author_48_0,,,,,1333.7425231933594,1569.124984741211,1441.2359873453777,1624.7083028157551,1.0,3.0
196,267,235.9199981689453,386.19000244140625,266.06597900390625,399.5299987792969,Conium,49,0,0,710,Conium,Conium,,,,,,,genus,,982.9999923706055,1609.1250101725261,1108.6082458496094,1664.7083282470703,1.0,2.0
197,268,249.1199951171875,395.7900085449219,291.9149169921875,409.1300048828125,maculatum,50,0,0,710,Conium,Conium,maculatum,Conium_maculatum_50_0,L. ,,,,species,,1037.999979654948,1649.125035603841,1216.3121541341145,1704.7083536783855,1.0,3.0
198,269,296.5174865722656,395.7900085449219,304.7396240234375,409.1300048828125,L.,50,0,1,710,,Conium,,,,author_50_0,,,,,1235.4895273844402,1649.125035603841,1269.7484334309895,1704.7083536783855,1.0,3.0
199,270,235.9199981689453,405.3899841308594,274.04180908203125,418.72998046875,Conringia,51,0,0,710,Conringia,Conringia,,,,,,,genus,,982.9999923706055,1689.1249338785808,1141.8408711751301,1744.708251953125,1.0,2.0
200,271,249.1199951171875,416.23199462890625,272.48663330078125,426.0,clavata,52,0,0,710,Conringia,Conringia,clavata,Conringia_clavata_52_0,Boiss. ,,,,species,,1037.999979654948,1734.2999776204426,1135.3609720865886,1775.0,1.0,3.0
201,272,276.0850830078125,415.4159851074219,296.9634704589844,426.0879821777344,Boiss.,52,0,1,710,,Conringia,,,,author_52_0,,,,,1150.354512532552,1730.899937947591,1237.3477935791016,1775.3665924072266,1.0,3.0
202,273,249.36000061035156,424.5899963378906,284.06671142578125,437.92999267578125,orientalis,52,1,0,710,Conringia,Conringia,orientalis,Conringia_orientalis_52_1,(L.) Dum. ,,,,species,,1039.0000025431316,1769.124984741211,1183.6112976074219,1824.7083028157551,1.0,3.0
203,274,288.9082946777344,424.5899963378906,302.7076110839844,437.92999267578125,(L.),52,1,1,710,,Conringia,,,,author_52_1,,,,,1203.7845611572266,1769.124984741211,1261.2817128499348,1824.7083028157551,1.0,3.0
204,275,307.7928466796875,424.5899963378906,329.2200622558594,437.92999267578125,Dum.,52,1,2,710,,Conringia,,,,author_52_1,,,,,1282.470194498698,1769.124984741211,1371.750259399414,1824.7083028157551,1.0,3.0
205,276,249.1199951171875,433.7099914550781,284.5902404785156,447.04998779296875,perfoliata,52,2,0,710,Conringia,Conringia,perfoliata,Conringia_perfoliata_52_2,(C.A. Mey.) Dum. ,,,,species,,1037.999979654948,1807.124964396159,1185.7926686604817,1862.7082824707031,1.0,3.0
206,277,290.0884094238281,433.7099914550781,310.60052490234375,447.04998779296875,(C.A.,52,2,1,710,,Conringia,,,,author_52_2,,,,,1208.7017059326172,1807.124964396159,1294.1688537597656,1862.7082824707031,1.0,3.0
207,278,315.8485107421875,433.7099914550781,338.29498291015625,447.04998779296875,Mey.),52,2,2,710,,Conringia,,,,author_52_2,,,,,1316.0354614257812,1807.124964396159,1409.5624287923176,1862.7082824707031,1.0,3.0
208,279,343.79315185546875,433.7099914550781,365.2203674316406,447.04998779296875,Dum.,52,2,3,710,,Conringia,,,,author_52_2,,,,,1432.4714660644531,1807.124964396159,1521.7515309651692,1862.7082824707031,1.0,3.0
209,280,235.67999267578125,443.7900085449219,273.6437072753906,457.1300048828125,Consolida,53,0,0,710,Consolida,Consolida,,,,,,,genus,,981.9999694824219,1849.125035603841,1140.182113647461,1904.7083536783855,1.0,2.0
210,305,364.79998779296875,250.82998657226562,385.05078125,264.16998291015625,Boiss.,62,0,0,710,,,,,,,,,,True,1519.9999491373699,1045.1249440511067,1604.3782552083333,1100.7082621256511,1.0,4.0
211,331,249.60000610351562,452.9100036621094,282.6347351074219,466.25,ambigua,69,0,0,710,Consolida,Consolida,ambigua,Consolida_ambigua_69_0,(li.) Ball et Heywood ,,,,species,,1040.0000254313152,1887.125015258789,1177.6447296142578,1942.7083333333333,1.0,3.0
212,332,288.6034851074219,452.9100036621094,302.628173828125,466.25,(li.),69,0,1,710,,Consolida,,,,author_69_0,,,,,1202.5145212809246,1887.125015258789,1260.9507242838542,1942.7083333333333,1.0,3.0
213,333,308.596923828125,452.9100036621094,323.6397399902344,466.25,Ball,69,0,2,710,,Consolida,,,,author_69_0,,,,,1285.8205159505208,1887.125015258789,1348.4989166259766,1942.7083333333333,1.0,3.0
214,334,328.9202880859375,452.9100036621094,335.505615234375,466.25,et,69,0,3,710,,Consolida,,,,author_69_0,,,,,1370.501200358073,1887.125015258789,1397.9400634765625,1942.7083333333333,1.0,3.0
215,335,340.55645751953125,452.9100036621094,376.39678955078125,466.25,Heywood,69,0,4,710,,Consolida,,,,author_69_0,,,,,1418.9852396647136,1887.125015258789,1568.3199564615886,1942.7083333333333,1.0,3.0
216,338,249.1199951171875,464.489990234375,295.1417236328125,476.70001220703125,anthoroidea,70,0,0,710,Consolida,Consolida,anthoroidea,Consolida_anthoroidea_70_0,(Boiss.) Schrôd. ,,,,species,,1037.999979654948,1935.3749593098958,1229.7571818033855,1986.2500508626301,1.0,3.0
217,339,296.8088073730469,463.4700012207031,323.7412109375,476.80999755859375,(Boiss.),70,0,1,710,,Consolida,,,,author_70_0,,,,,1236.703364054362,1931.125005086263,1348.9217122395833,1986.7083231608074,1.0,3.0
218,340,325.4083251953125,463.4700012207031,354.7966003417969,476.80999755859375,Schrôd.,70,0,2,710,,Consolida,,,,author_70_0,,,,,1355.8680216471355,1931.125005086263,1478.3191680908203,1986.7083231608074,1.0,3.0
219,341,249.36000061035156,473.07000732421875,284.67218017578125,486.4100036621094,axilliflora,70,1,0,710,Consolida,Consolida,axilliflora,Consolida_axilliflora_70_1,(D.C.) Schrôd. ,,,,species,,1039.0000025431316,1971.1250305175781,1186.1340840657551,2026.7083485921223,1.0,3.0
220,342,291.10125732421875,473.07000732421875,314.75115966796875,486.4100036621094,(D.C.),70,1,1,710,,Consolida,,,,author_70_1,,,,,1212.9219055175781,1971.1250305175781,1311.4631652832031,2026.7083485921223,1.0,3.0
221,343,321.1802978515625,473.07000732421875,350.5895690917969,486.4100036621094,Schrôd.,70,1,2,710,,Consolida,,,,author_70_1,,,,,1338.251241048177,1971.1250305175781,1460.7898712158203,2026.7083485921223,1.0,3.0
222,344,249.36000061035156,482.19000244140625,294.2975769042969,495.5299987792969,coelesyriaca,70,2,0,710,Consolida,Consolida,coelesyriaca,Consolida_coelesyriaca_70_2,Mout. ,,,,species,,1039.0000025431316,2009.1250101725261,1226.2399037679036,2064.7083282470703,1.0,3.0
223,345,298.8471374511719,482.19000244140625,322.2589416503906,495.5299987792969,Mout.,70,2,1,710,,Consolida,,,,author_70_2,,,,,1245.1964060465496,2009.1250101725261,1342.745590209961,2064.7083282470703,1.0,3.0
224,346,249.1199951171875,492.2699890136719,301.5440979003906,505.6099853515625,deserti-syriaci,70,3,0,710,Consolida,Consolida,deserti-syriaci,Consolida_deserti-syriaci_70_3,(Zoh.) Munz ,,,,species,,1037.999979654948,2051.124954223633,1256.4337412516277,2106.7082722981772,1.0,3.0
225,347,307.0059814453125,492.2699890136719,330.6094055175781,505.6099853515625,(Zoh.),70,3,1,710,,Consolida,,,,author_70_3,,,,,1279.1915893554688,2051.124954223633,1377.5391896565754,2106.7082722981772,1.0,3.0
226,348,337.8099365234375,492.2699890136719,360.1502380371094,505.6099853515625,Munz,70,3,2,710,,Consolida,,,,author_70_3,,,,,1407.5414021809895,2051.124954223633,1500.625991821289,2106.7082722981772,1.0,3.0
227,349,249.1199951171875,501.8700256347656,267.1476745605469,515.2100219726562,flâva,70,4,0,710,Consolida,Consolida,flâva,Consolida_flâva_70_4,(D.C.) Schrod. ,,,,species,,1037.999979654948,2091.1251068115234,1113.1153106689453,2146.708424886068,1.0,3.0
228,350,272.61328125,501.8700256347656,296.45849609375,515.2100219726562,(D.C.),70,4,1,710,,Consolida,,,,author_70_4,,,,,1135.888671875,2091.1251068115234,1235.2437337239583,2146.708424886068,1.0,3.0
229,351,301.6646423339844,501.8700256347656,330.900146484375,515.2100219726562,Schrod.,70,4,2,710,,Consolida,,,,author_70_4,,,,,1256.9360097249348,2091.1251068115234,1378.7506103515625,2146.708424886068,1.0,3.0
230,352,249.1199951171875,510.9900207519531,290.27996826171875,524.3300170898438,gombaultii,70,5,0,710,Consolida,Consolida,gombaultii,Consolida_gombaultii_70_5,(Thiéb.) Munz ,,,,species,,1037.999979654948,2129.125086466471,1209.4998677571614,2184.7084045410156,1.0,3.0
231,353,296.4756164550781,510.9900207519531,327.15350341796875,524.3300170898438,(Thiéb.),70,5,1,710,,Consolida,,,,author_70_5,,,,,1235.3150685628254,2129.125086466471,1363.1395975748699,2184.7084045410156,1.0,3.0
232,354,333.09063720703125,510.9900207519531,355.3483581542969,524.3300170898438,Munz,70,5,2,710,,Consolida,,,,author_70_5,,,,,1387.8776550292969,2129.125086466471,1480.618158976237,2184.7084045410156,1.0,3.0
233,355,248.8800048828125,521.0699462890625,297.9896545410156,534.4099731445312,hellespontica,70,6,0,710,Consolida,Consolida,hellespontica,Consolida_hellespontica_70_6,(Boiss.) Chater et Heywood ,,,,species,,1037.000020345052,2171.1247762044272,1241.6235605875652,2226.708221435547,1.0,3.0
234,356,303.7947082519531,521.0699462890625,330.4029541015625,534.4099731445312,(Boiss.),70,6,1,710,,Consolida,,,,author_70_6,,,,,1265.811284383138,2171.1247762044272,1376.678975423177,2226.708221435547,1.0,3.0
235,357,336.7130126953125,521.0699462890625,362.3438415527344,534.4099731445312,Chater,70,6,2,710,,Consolida,,,,author_70_6,,,,,1402.9708862304688,2171.1247762044272,1509.7660064697266,2226.708221435547,1.0,3.0
236,369,367.20001220703125,521.0699462890625,373.92388916015625,534.4099731445312,et,74,0,0,710,,,,,,author_74_0,,,,True,1530.0000508626301,2171.1247762044272,1558.0162048339844,2226.708221435547,1.0,4.0
237,370,379.33184814453125,521.0699462890625,415.17218017578125,534.4099731445312,Heywood,74,0,1,710,,Consolida,,,,author_74_0,,,,,1580.5493672688801,2171.1247762044272,1729.8840840657551,2226.708221435547,1.0,4.0
238,373,248.63999938964844,539.7899780273438,295.0191345214844,553.1300048828125,hohenackeri,76,0,0,710,Consolida,Consolida,hohenackeri,Consolida_hohenackeri_76_0,(Boiss.).Grossheim ,,,,species,,1035.9999974568684,2249.1249084472656,1229.2463938395183,2304.7083536783853,1.0,3.0
239,374,299.4992370605469,539.7899780273438,370.675537109375,553.1300048828125,(Boiss.).Grossheim,76,0,1,710,,Consolida,,,,author_76_0,,,,,1247.9134877522786,2249.1249084472656,1544.4814046223958,2304.7083536783853,1.0,3.0
240,377,249.36000061035156,550.4099731445312,274.6745910644531,562.6199951171875,incana,77,0,0,710,Consolida,Consolida,incana,Consolida_incana_77_0,(Clarke) Munz ,,,,species,,1039.0000025431316,2293.3748881022134,1144.4774627685547,2344.2499796549478,1.0,3.0
241,378,277.2906799316406,549.3899536132812,307.8551025390625,562.72998046875,(Clarke),77,0,1,710,,Consolida,,,,author_77_0,,,,,1155.3778330485027,2289.1248067220054,1282.7295939127605,2344.708251953125,1.0,3.0
242,379,310.47119140625,549.3899536132812,332.5503234863281,562.72998046875,Munz,77,0,2,710,,Consolida,,,,author_77_0,,,,,1293.6299641927083,2289.1248067220054,1385.6263478597004,2344.708251953125,1.0,3.0
243,380,249.1199951171875,560.969970703125,285.21026611328125,573.1799926757812,oligantha,77,1,0,710,Consolida,Consolida,oligantha,Consolida_oligantha_77_1,(Boiss.) Auct. ,,,,species,,1037.999979654948,2337.3748779296875,1188.3761088053386,2388.249969482422,1.0,3.0
244,381,286.8773193359375,559.949951171875,313.80938720703125,573.2899780273438,(Boiss.),77,1,1,710,,Consolida,,,,author_77_1,,,,,1195.3221638997395,2333.124796549479,1307.5391133626301,2388.708241780599,1.0,3.0
245,382,315.4764709472656,559.949951171875,336.4490661621094,573.2899780273438,Auct.,77,1,2,710,,Consolida,,,,author_77_1,,,,,1314.4852956136067,2333.124796549479,1401.871109008789,2388.708241780599,1.0,3.0
246,383,248.8800048828125,569.5499877929688,286.346923828125,582.8900146484375,oliveriana,77,2,0,710,Consolida,Consolida,oliveriana,Consolida_oliveriana_77_2,(D.C.) Schrôd. ,,,,species,,1037.000020345052,2373.1249491373696,1193.1121826171875,2428.7083943684897,1.0,3.0
247,384,292.2840576171875,569.5499877929688,316.3292236328125,582.8900146484375,(D.C.),77,2,1,710,,Consolida,,,,author_77_2,,,,,1217.8502400716145,2373.1249491373696,1318.0384318033855,2428.7083943684897,1.0,3.0
248,385,322.2663269042969,569.5499877929688,351.3009338378906,582.8900146484375,Schrôd.,77,2,2,710,,Consolida,,,,author_77_2,,,,,1342.776362101237,2373.1249491373696,1463.753890991211,2428.7083943684897,1.0,3.0
249,386,248.8800048828125,579.1499633789062,283.8043212890625,592.489990234375,orientalis,77,3,0,710,Consolida,Consolida,orientalis,Consolida_orientalis_77_3,(Gay) Schroder ,,,,species,,1037.000020345052,2413.1248474121094,1182.5180053710938,2468.708292643229,1.0,3.0
250,387,288.5705871582031,579.1499633789062,309.9122314453125,592.489990234375,(Gay),77,3,1,710,,Consolida,,,,author_77_3,,,,,1202.377446492513,2413.1248474121094,1291.3009643554688,2468.708292643229,1.0,3.0
251,388,314.6783752441406,579.1499633789062,348.9053955078125,592.489990234375,Schroder,77,3,2,710,,Consolida,,,,author_77_3,,,,,1311.159896850586,2413.1248474121094,1453.772481282552,2468.708292643229,1.0,3.0
252,389,248.8800048828125,588.75,273.5826721191406,602.0900268554688,pusilla,77,4,0,710,Consolida,Consolida,pusilla,Consolida_pusilla_77_4,(Lab.) Schrôd. ,,,,species,,1037.000020345052,2453.125,1139.9278004964192,2508.7084452311196,1.0,3.0
253,390,278.0625,588.75,301.3775939941406,602.0900268554688,(Lab.),77,4,1,710,,Consolida,,,,author_77_4,,,,,1158.59375,2453.125,1255.739974975586,2508.7084452311196,1.0,3.0
254,391,305.857421875,588.75,334.685546875,602.0900268554688,Schrôd.,77,4,2,710,,Consolida,,,,author_77_4,,,,,1274.4059244791667,2453.125,1394.5231119791667,2508.7084452311196,1.0,3.0
255,393,248.8800048828125,598.3499755859375,271.09307861328125,611.6900024414062,rigida,77,5,0,710,Consolida,Consolida,rigida,Consolida_rigida_77_5,(D.C.) Hayek ,,,,species,,1037.000020345052,2493.1248982747397,1129.5544942220051,2548.7083435058594,1.0,3.0
256,394,276.365234375,598.3499755859375,300.01513671875,611.6900024414062,(D.C.),77,5,1,710,,Consolida,,,,author_77_5,,,,,1151.5218098958333,2493.1248982747397,1250.0630696614583,2548.7083435058594,1.0,3.0
257,395,305.5393371582031,598.3499755859375,329.7044372558594,611.6900024414062,Hayek,77,5,2,710,,Consolida,,,,author_77_5,,,,,1273.080571492513,2493.1248982747397,1373.7684885660808,2548.7083435058594,1.0,3.0
0,3,46.08000183105469,46.19888687133789,77.85859680175781,57.804683685302734,rugulosa,1,0,0,711,Consolida,Consolida,rugulosa,Consolida_rugulosa_1_0,(Boiss.) Schrôd. ,,,,species,,192.00000762939453,192.49536196390787,324.4108200073242,240.85284868876138,0.0,0.0
1,4,82.94839477539062,46.19888687133789,109.31875610351562,57.804683685302734,(Boiss.),1,0,1,711,,Consolida,,,,author_1_0,,,,,345.6183115641276,192.49536196390787,455.49481709798175,240.85284868876138,0.0,0.0
2,5,114.65096282958984,46.19888687133789,143.44017028808594,57.804683685302734,Schrôd.,1,0,2,711,,Consolida,,,,author_1_0,,,,,477.712345123291,192.49536196390787,597.667376200358,240.85284868876138,0.0,0.0
3,6,46.08000183105469,55.31888198852539,83.80133819580078,66.9246826171875,tomentosa,1,1,0,711,Consolida,Consolida,tomentosa,Consolida_tomentosa_1_1,(Âuch. ex Boiss.) ,,,,species,,192.00000762939453,230.4953416188558,349.17224248250324,278.85284423828125,0.0,0.0
4,7,87.67240905761719,55.31888198852539,112.91670989990234,66.9246826171875,(Âuch.,1,1,1,711,,Consolida,,,,author_1_1,,,,,365.3017044067383,230.4953416188558,470.4862912495931,278.85284423828125,0.0,0.0
5,8,116.78761291503906,55.31888198852539,125.15650939941406,66.9246826171875,ex,1,1,2,711,,Consolida,,,,author_1_1,,,,,486.6150538126628,230.4953416188558,521.485455830892,278.85284423828125,0.0,0.0
6,9,128.05943298339844,55.31888198852539,151.80319213867188,66.9246826171875,Boiss.),1,1,3,711,,Consolida,,,,author_1_1,,,,,533.5809707641602,230.4953416188558,632.5133005777994,278.85284423828125,0.0,0.0
7,10,32.15999984741211,64.91891479492188,71.5486831665039,76.52471923828125,Corchorus,2,0,0,711,Corchorus,Corchorus,,,,,,,genus,,133.99999936421713,270.4954783121745,298.1195131937663,318.8529968261719,0.0,1.0
8,11,45.84000015258789,74.27890014648438,76.33168029785156,85.88470458984375,olitorius,3,0,0,711,Corchorus,Corchorus,olitorius,Corchorus_olitorius_3_0,L. ,,,,species,,191.00000063578287,309.49541727701825,318.04866790771484,357.8529357910156,0.0,0.0
9,12,80.56977844238281,74.27890014648438,88.46936798095703,85.88470458984375,L.,3,0,1,711,,Corchorus,,,,author_3_0,,,,,335.70741017659503,309.49541727701825,368.622366587321,357.8529357910156,0.0,0.0
10,13,32.400001525878906,83.87887573242188,78.22563934326172,95.48468017578125,Coriandrum,4,0,0,711,Coriandrum,Coriandrum,,,,,,,genus,,135.00000635782877,349.4953155517578,325.94016393025714,397.8528340657552,0.0,1.0
11,14,45.119998931884766,93.47891235351562,75.36055755615234,105.084716796875,sativum,5,0,0,711,Coriandrum,Coriandrum,sativum,Coriandrum_sativum_5_0,L. ,,,,species,,187.99999554951987,389.49546813964844,314.00232315063477,437.8529866536458,0.0,0.0
12,15,79.46504211425781,93.47891235351562,87.51049041748047,105.084716796875,L.,5,0,1,711,,Coriandrum,,,,author_5_0,,,,,331.1043421427409,389.49546813964844,364.62704340616864,437.8529866536458,0.0,0.0
13,16,45.36000061035156,104.68177795410156,84.47160339355469,114.69397735595703,testiculatum,5,1,0,711,Coriandrum,Coriandrum,testiculatum,Coriandrum_testiculatum_5_1,L. ,,,,species,,189.0000025431315,436.17407480875653,351.9650141398112,477.8915723164876,0.0,0.0
14,17,90.09469604492188,103.84538269042969,97.28453063964844,114.7841796875,L.,5,1,1,711,,Coriandrum,,,,author_5_1,,,,,375.3945668538411,432.68909454345703,405.35221099853516,478.2674153645833,0.0,0.0
15,18,45.119998931884766,114.04182434082031,83.34361267089844,124.05402374267578,tordylioides,5,2,0,711,Coriandrum,Coriandrum,tordylioides,Coriandrum_tordylioides_5_2,Boiss. ,,,,species,,187.99999554951987,475.1742680867513,347.26505279541016,516.8917655944824,0.0,0.0
16,19,86.6833267211914,113.20542907714844,107.60487365722656,124.14422607421875,Boiss.,5,2,1,711,,Coriandrum,,,,author_5_2,,,,,361.1805280049642,471.68928782145184,448.35364023844403,517.2676086425781,0.0,0.0
17,20,45.119998931884766,122.9989013671875,82.29032135009766,134.60470581054688,tordylium,5,3,0,711,Coriandrum,Coriandrum,tordylium,Coriandrum_tordylium_5_3,(Fenzl) Bornm. ,,,,species,,187.99999554951987,512.4954223632812,342.87633895874023,560.8529408772787,0.0,0.0
18,21,88.15582275390625,122.9989013671875,114.40225219726562,134.60470581054688,(Fenzl),5,3,1,711,,Coriandrum,,,,author_5_3,,,,,367.31592814127606,512.4954223632812,476.6760508219401,560.8529408772787,0.0,0.0
19,22,120.01345825195312,122.9989013671875,148.4757537841797,134.60470581054688,Bornm.,5,3,2,711,,Coriandrum,,,,author_5_3,,,,,500.0560760498047,512.4954223632812,618.6489741007487,560.8529408772787,0.0,0.0
20,23,32.15999984741211,132.59890747070312,58.97508239746094,144.2047119140625,Cornus,6,0,0,711,Cornus,Cornus,,,,,,,genus,,133.99999936421713,552.4954477945963,245.72950998942056,600.8529663085938,0.0,1.0
21,24,45.36000061035156,142.19888305664062,76.70557403564453,153.8046875,australis,7,0,0,711,Cornus,Cornus,australis,Cornus_australis_7_0,C.A. Mey. ,,,,species,,189.0000025431315,592.4953460693359,319.60655848185223,640.8528645833334,0.0,0.0
22,25,80.32044982910156,142.19888305664062,97.17217254638672,153.8046875,C.A.,7,0,1,711,,Cornus,,,,author_7_0,,,,,334.66854095458984,592.4953460693359,404.8840522766113,640.8528645833334,0.0,0.0
23,26,101.26873016357422,142.19888305664062,120.63805389404297,153.8046875,Mey.,7,0,2,711,,Cornus,,,,author_7_0,,,,,421.9530423482259,592.4953460693359,502.6585578918457,640.8528645833334,0.0,0.0
24,27,45.36000061035156,151.79888916015625,59.955894470214844,163.40469360351562,mas,7,1,0,711,Cornus,Cornus,mas,Cornus_mas_7_1,L. ,,,,species,,189.0000025431315,632.495371500651,249.81622695922852,680.8528900146484,0.0,0.0
25,28,63.981834411621094,151.79888916015625,71.90998840332031,163.40469360351562,L.,7,1,1,711,,Cornus,,,,author_7_1,,,,,266.5909767150879,632.495371500651,299.6249516805013,680.8528900146484,0.0,0.0
26,29,45.119998931884766,162.7617950439453,77.81889343261719,172.7740020751953,sanguinea,7,2,0,711,Cornus,Cornus,sanguinea,Cornus_sanguinea_7_2,L. ,,,,species,,187.99999554951987,678.1741460164388,324.2453893025716,719.8916753133138,0.0,0.0
27,30,82.04508209228516,161.92539978027344,89.60740661621094,172.86419677734375,L.,7,2,1,711,,Cornus,,,,author_7_2,,,,,341.8545087178548,674.6891657511393,373.3641942342122,720.2674865722656,0.0,0.0
28,31,31.440000534057617,170.9989013671875,67.07862854003906,182.60470581054688,Goronilla,8,0,0,711,Goronilla,Goronilla,,,,,,,genus,,131.00000222524008,712.4954223632812,279.4942855834961,760.8529408772787,0.0,1.0
29,32,45.119998931884766,180.59890747070312,70.16033935546875,192.2047119140625,eretica,9,0,0,711,Goronilla,Goronilla,eretica,Goronilla_eretica_9_0,L. ,,,,species,,187.99999554951987,752.4954477945963,292.3347473144531,800.8529663085938,0.0,0.0
30,33,73.87824249267578,180.59890747070312,81.74927520751953,192.2047119140625,L.,9,0,1,711,,Goronilla,,,,author_9_0,,,,,307.8260103861491,752.4954477945963,340.62198003133136,800.8529663085938,0.0,0.0
31,34,45.119998931884766,189.95889282226562,82.78814697265625,201.564697265625,emeroides,9,1,0,711,Goronilla,Goronilla,emeroides,Goronilla_emeroides_9_1,Boiss. et Sprun. ,,,,species,,187.99999554951987,791.4953867594401,344.9506123860677,839.8529052734375,0.0,0.0
32,35,86.4020004272461,189.95889282226562,107.61300659179688,201.564697265625,Boiss.,9,1,1,711,,Goronilla,,,,author_9_1,,,,,360.0083351135254,791.4953867594401,448.3875274658203,839.8529052734375,0.0,0.0
33,36,111.9500503540039,189.95889282226562,118.47233581542969,201.564697265625,et,9,1,2,711,,Goronilla,,,,author_9_1,,,,,466.4585431416829,791.4953867594401,493.63473256429035,839.8529052734375,0.0,0.0
34,37,122.08619689941406,189.95889282226562,147.02957153320312,201.564697265625,Sprun.,9,1,3,711,,Goronilla,,,,author_9_1,,,,,508.6924870808919,791.4953867594401,612.6232147216797,839.8529052734375,0.0,0.0
35,38,44.880001068115234,201.1617889404297,67.98353576660156,211.1739959716797,emerus,9,2,0,711,Goronilla,Goronilla,emerus,Goronilla_emerus_9_2,L. ,,,,species,,187.00000445048013,838.1741205851237,283.26473236083984,879.8916498819987,0.0,0.0
36,39,72.2757797241211,200.3253936767578,79.52478790283203,211.26419067382812,L.,9,2,1,711,,Goronilla,,,,author_9_2,,,,,301.1490821838379,834.6891403198242,331.3532829284668,880.2674611409506,0.0,0.0
37,40,44.880001068115234,210.7617950439453,77.3280029296875,220.7740020751953,libanotica,9,3,0,711,Goronilla,Goronilla,libanotica,Goronilla_libanotica_9_3,Boiss. ,,,,species,,187.00000445048013,878.1741460164388,322.20001220703125,919.8916753133138,0.0,0.0
38,41,81.16435241699219,209.92539978027344,102.08589935302734,220.86419677734375,Boiss.,9,3,1,711,,Goronilla,,,,author_9_3,,,,,338.18480173746747,874.6891657511393,425.35791397094727,920.2674865722656,0.0,0.0
39,42,44.880001068115234,218.7589111328125,81.05440521240234,230.36471557617188,parviflora,9,4,0,711,Goronilla,Goronilla,parviflora,Goronilla_parviflora_9_4,Willd. ,,,,species,,187.00000445048013,911.4954630533854,337.72668838500977,959.8529815673828,0.0,0.0
40,43,86.86846160888672,218.7589111328125,110.79962158203125,230.36471557617188,Willd.,9,4,1,711,,Goronilla,,,,author_9_4,,,,,361.9519233703613,911.4954630533854,461.6650899251302,959.8529815673828,0.0,0.0
41,44,44.63999938964844,228.59890747070312,86.16266632080078,240.2047119140625,scorpioides,9,5,0,711,Goronilla,Goronilla,scorpioides,Goronilla_scorpioides_9_5,(L.) C. Koch ,,,,species,,185.9999974568685,952.4954477945963,359.01110967000324,1000.8529663085938,0.0,0.0
42,45,89.72756958007812,228.59890747070312,103.85956573486328,240.2047119140625,(L.),9,5,1,711,,Goronilla,,,,author_9_5,,,,,373.8648732503255,952.4954477945963,432.74819056193036,1000.8529663085938,0.0,0.0
43,46,107.9334487915039,228.59890747070312,116.29938507080078,240.2047119140625,C.,9,5,2,711,,Goronilla,,,,author_9_5,,,,,449.7227032979329,952.4954477945963,484.5807711283366,1000.8529663085938,0.0,0.0
44,47,120.11972045898438,228.59890747070312,140.69366455078125,240.2047119140625,Koch,9,5,3,711,,Goronilla,,,,author_9_5,,,,,500.49883524576825,952.4954477945963,586.2236022949219,1000.8529663085938,0.0,0.0
45,48,44.400001525878906,239.32179260253906,79.50436401367188,249.33399963378906,securidaca,9,6,0,711,Goronilla,Goronilla,securidaca,Goronilla_securidaca_9_6,L. ,,,,species,,185.00000635782877,997.1741358439127,331.2681833902995,1038.8916651407878,0.0,0.0
46,49,82.35519409179688,238.4853973388672,89.60420227050781,249.4241943359375,L.,9,6,1,711,,Goronilla,,,,author_9_6,,,,,343.1466420491536,993.6891555786133,373.35084279378253,1039.2674763997395,0.0,0.0
47,50,44.400001525878906,247.79888916015625,63.297847747802734,259.4046936035156,varia,9,7,0,711,Goronilla,Goronilla,varia,Goronilla_varia_9_7,L. ,,,,species,,185.00000635782877,1032.4953715006511,263.7410322825114,1080.8528900146484,0.0,0.0
48,51,68.5406494140625,247.79888916015625,76.46981811523438,259.4046936035156,L.,9,7,1,711,,Goronilla,,,,author_9_7,,,,,285.58603922526044,1032.4953715006511,318.6242421468099,1080.8528900146484,0.0,0.0
49,52,30.959999084472656,258.118896484375,71.9561538696289,269.7247009277344,Coronopus,10,0,0,711,Coronopus,Coronopus,,,,,,,genus,,128.99999618530273,1075.4954020182292,299.8173077901204,1123.8529205322266,0.0,1.0
50,53,44.400001525878906,267.4789123535156,84.73168182373047,279.084716796875,squamatus,11,0,0,711,Coronopus,Coronopus,squamatus,Coronopus_squamatus_11_0,(Forskk.) Asch. ,,,,species,,185.00000635782877,1114.4954681396484,353.04867426554364,1162.8529866536458,0.0,0.0
51,54,90.44877624511719,267.4789123535156,123.22931671142578,279.084716796875,(Forskk.),11,0,1,711,,Coronopus,,,,author_11_0,,,,,376.8699010213216,1114.4954681396484,513.4554862976074,1162.8529866536458,0.0,0.0
52,55,128.69854736328125,267.4789123535156,149.43057250976562,279.084716796875,Asch.,11,0,2,711,,Coronopus,,,,author_11_0,,,,,536.2439473470052,1114.4954681396484,622.6273854573568,1162.8529866536458,0.0,0.0
53,58,155.52000427246094,55.31888198852539,184.07806396484375,66.9246826171875,Schrôd.,13,0,0,711,,,,,,,,,,True,648.0000178019205,230.4953416188558,766.991933186849,278.85284423828125,0.0,2.0
54,87,154.0800018310547,267.4789123535156,160.65634155273438,279.084716796875,et,25,0,0,711,,,,,,author_25_0,,,,True,642.0000076293945,1114.4954681396484,669.4014231363932,1162.8529866536458,0.0,2.0
55,88,165.33203125,267.4789123535156,196.13307189941406,279.084716796875,Graebn.,25,0,1,711,,Coronopus,,,,author_25_0,,,,,688.8834635416666,1114.4954681396484,817.2211329142252,1162.8529866536458,0.0,2.0
56,90,44.400001525878906,277.9662780761719,86.39389038085938,288.5889892578125,verrucarius,26,0,0,711,Coronopus,Coronopus,verrucarius,Coronopus_verrucarius_26_0,(Gars.) Muschl. et Thell. ,,,,species,,185.00000635782877,1158.1928253173828,359.97454325358075,1202.454121907552,0.0,0.0
57,91,90.19950866699219,277.0788879394531,115.76764678955078,288.6846923828125,(Gars.),26,0,1,711,,Coronopus,,,,author_26_0,,,,,375.83128611246747,1154.495366414388,482.3651949564616,1202.8528849283855,0.0,0.0
58,92,119.97412872314453,277.0788879394531,150.16102600097656,288.6846923828125,Muschl.,26,0,2,711,,Coronopus,,,,author_26_0,,,,,499.89220301310223,1154.495366414388,625.6709416707357,1202.8528849283855,0.0,0.0
59,93,154.16656494140625,277.0788879394531,160.69190979003906,288.6846923828125,et,26,0,3,711,,Coronopus,,,,author_26_0,,,,,642.3606872558594,1154.495366414388,669.5496241251627,1202.8528849283855,0.0,0.0
60,94,164.09689331054688,277.0788879394531,186.53274536132812,288.6846923828125,Thell.,26,0,4,711,,Coronopus,,,,author_26_0,,,,,683.7370554606119,1154.495366414388,777.2197723388672,1202.8528849283855,0.0,0.0
61,96,30.959999084472656,286.67889404296875,67.03770446777344,298.2846984863281,Corydalis,27,0,0,711,Corydalis,Corydalis,,,,,,,genus,,128.99999618530273,1194.4953918457031,279.32376861572266,1242.8529103597004,0.0,1.0
62,97,44.400001525878906,297.1662902832031,80.9155502319336,307.78900146484375,libanotica,28,0,0,711,Corydalis,Corydalis,libanotica,Corydalis_libanotica_28_0,Hochstt. ,,,,species,,185.00000635782877,1238.192876180013,337.14812596638996,1282.4541727701824,0.0,0.0
63,98,82.36531829833984,296.2789001464844,114.21025085449219,307.88470458984375,Hochstt.,28,0,1,711,,Corydalis,,,,author_28_0,,,,,343.1888262430827,1234.4954172770183,475.8760452270508,1282.8529357910156,0.0,0.0
64,99,43.91999816894531,305.87890625,73.26274871826172,317.4847106933594,rutifolia,28,1,0,711,Corydalis,Corydalis,rutifolia,Corydalis_rutifolia_28_1,Sibth. et Smith ,,,,species,,182.99999237060547,1274.4954427083333,305.26145299275714,1322.8529612223308,0.0,0.0
65,100,77.65486907958984,305.87890625,99.86475372314453,317.4847106933594,Sibth.,28,1,1,711,,Corydalis,,,,author_28_1,,,,,323.561954498291,1274.4954427083333,416.10314051310223,1322.8529612223308,0.0,0.0
66,101,104.80665588378906,305.87890625,111.37892150878906,317.4847106933594,et,28,1,2,711,,Corydalis,,,,author_28_1,,,,,436.6943995157878,1274.4954427083333,464.0788396199544,1322.8529612223308,0.0,0.0
67,102,115.49665832519531,305.87890625,137.57455444335938,317.4847106933594,Smith,28,1,3,711,,Corydalis,,,,author_28_1,,,,,481.23607635498047,1274.4954427083333,573.2273101806641,1322.8529612223308,0.0,0.0
68,103,43.91999816894531,315.4789123535156,65.60958862304688,327.084716796875,solida,28,2,0,711,Corydalis,Corydalis,solida,Corydalis_solida_28_2,(L.) Swartz ,,,,species,,182.99999237060547,1314.4954681396484,273.373285929362,1362.8529866536458,0.0,0.0
69,104,70.5841293334961,315.4789123535156,84.36117553710938,327.084716796875,(L.),28,2,1,711,,Corydalis,,,,author_28_2,,,,,294.1005388895671,1314.4954681396484,351.50489807128906,1362.8529866536458,0.0,0.0
70,105,89.3357162475586,315.4789123535156,114.86111450195312,327.084716796875,Swartz,28,2,2,711,,Corydalis,,,,author_28_2,,,,,372.23215103149414,1314.4954681396484,478.5879770914714,1362.8529866536458,0.0,0.0
71,106,30.479999542236328,325.0788879394531,60.05206298828125,336.6846923828125,Cotinus,29,0,0,711,Cotinus,Cotinus,,,,,,,genus,,126.99999809265137,1354.495366414388,250.21692911783853,1402.8528849283855,0.0,1.0
72,107,43.91999816894531,334.67889404296875,80.78813171386719,346.2846984863281,coggygria,30,0,0,711,Cotinus,Cotinus,coggygria,Cotinus_coggygria_30_0,Scop. ,,,,species,,182.99999237060547,1394.4953918457031,336.6172154744466,1442.8529103597004,0.0,0.0
73,108,84.35404968261719,334.67889404296875,105.03047180175781,346.2846984863281,Scop.,30,0,1,711,,Cotinus,,,,author_30_0,,,,,351.47520701090497,1394.4953918457031,437.62696584065753,1442.8529103597004,0.0,0.0
74,109,30.479999542236328,345.2388916015625,75.79055786132812,356.8446960449219,Cotoneaster,31,0,0,711,Cotoneaster,Cotoneaster,,,,,,,genus,,126.99999809265137,1438.495381673177,315.7939910888672,1486.8529001871746,0.0,1.0
75,117,43.68000030517578,354.5989074707031,104.18844604492188,366.2047119140625,nummulariifolia,34,0,0,711,Cotoneaster,Cotoneaster,nummulariifolia,Cotoneaster_nummulariifolia_34_0,Fisch. et Mey. ,,,,species,,182.00000127156576,1477.4954477945964,434.1185251871745,1525.8529663085938,0.0,0.0
76,118,108.1970443725586,354.5989074707031,130.293212890625,366.2047119140625,Fisch.,34,0,1,711,,Cotoneaster,,,,author_34_0,,,,,450.82101821899414,1477.4954477945964,542.8883870442709,1525.8529663085938,0.0,0.0
77,119,134.80467224121094,354.5989074707031,141.39222717285156,366.2047119140625,et,34,0,2,711,,Cotoneaster,,,,author_34_0,,,,,561.6861343383789,1477.4954477945964,589.1342798868815,1525.8529663085938,0.0,0.0
78,120,145.4008331298828,354.5989074707031,164.73912048339844,366.2047119140625,Mey.,34,0,3,711,,Cotoneaster,,,,author_34_0,,,,,605.8368047078451,1477.4954477945964,686.4130020141602,1525.8529663085938,0.0,0.0
79,122,43.91999816894531,365.8062744140625,86.41828155517578,376.4289855957031,racemiflora,35,0,0,711,Cotoneaster,Cotoneaster,racemiflora,Cotoneaster_racemiflora_35_0,(Desf.) C. Koch ,,,,species,,182.99999237060547,1524.1928100585938,360.07617314656574,1568.454106648763,0.0,0.0
80,123,89.60272216796875,364.91888427734375,113.5184555053711,376.5246887207031,(Desf.),35,0,1,711,,Cotoneaster,,,,author_35_0,,,,,373.3446756998698,1520.4953511555989,472.9935646057129,1568.8528696695964,0.0,0.0
81,124,116.70288848876953,364.91888427734375,124.95254516601562,376.5246887207031,C.,35,0,2,711,,Cotoneaster,,,,author_35_0,,,,,486.26203536987305,1520.4953511555989,520.6356048583984,1568.8528696695964,0.0,0.0
82,125,127.84730529785156,364.91888427734375,148.13327026367188,376.5246887207031,Koch,35,0,3,711,,Cotoneaster,,,,author_35_0,,,,,532.6971054077148,1520.4953511555989,617.2219594319662,1568.8528696695964,0.0,0.0
83,126,42.2400016784668,375.6418151855469,78.47046661376953,385.65399169921875,pyracantha,35,1,0,711,Cotoneaster,Cotoneaster,pyracantha,Cotoneaster_pyracantha_35_1,(L.) Spach ,,,,species,,176.00000699361166,1565.1742299397786,326.96027755737305,1606.8916320800781,0.0,0.0
84,127,84.60183715820312,374.8053894042969,97.90577697753906,385.74420166015625,(L.),35,1,1,711,,Cotoneaster,,,,author_35_1,,,,,352.5076548258464,1561.6891225179036,407.9407374064128,1607.2675069173176,0.0,0.0
85,128,104.03714752197266,374.8053894042969,126.28971862792969,385.74420166015625,Spach,35,1,2,711,,Cotoneaster,,,,author_35_1,,,,,433.48811467488605,1561.6891225179036,526.207160949707,1607.2675069173176,0.0,0.0
86,129,30.0,385.2417907714844,62.88833999633789,395.25396728515625,Cotyledon,36,0,0,711,Cotyledon,Cotyledon,,,,,,,genus,,125.0,1605.1741282145183,262.0347499847412,1646.8915303548176,0.0,1.0
87,130,43.20000076293945,394.8418273925781,81.4316177368164,404.85400390625,horizontalis,37,0,0,711,Cotyledon,Cotyledon,horizontalis,Cotyledon_horizontalis_37_0,Guss. ,,,,species,,180.0000031789144,1645.174280802409,339.29840723673504,1686.8916829427083,0.0,0.0
88,131,86.2457275390625,394.0054016113281,106.40426635742188,404.9442138671875,Guss.,37,0,1,711,,Cotyledon,,,,author_37_0,,,,,359.35719807942706,1641.689173380534,443.3511098225911,1687.267557779948,0.0,0.0
89,132,43.68000030517578,403.9618225097656,78.14468383789062,413.9739990234375,intermedia,37,1,0,711,Cotyledon,Cotyledon,intermedia,Cotyledon_intermedia_37_1,(Boiss.) Bornm. ,,,,species,,182.00000127156576,1683.1742604573567,325.60284932454425,1724.8916625976562,0.0,0.0
90,133,83.03250885009766,403.1253967285156,109.19515228271484,414.064208984375,(Boiss.),37,1,1,711,,Cotyledon,,,,author_37_1,,,,,345.9687868754069,1679.6891530354817,454.9798011779785,1725.2675374348958,0.0,0.0
91,134,114.0829849243164,403.1253967285156,141.68394470214844,414.064208984375,Bornm.,37,1,2,711,,Cotyledon,,,,author_37_1,,,,,475.34577051798504,1679.6891530354817,590.3497695922852,1725.2675374348958,0.0,0.0
92,135,43.439998626708984,413.5617980957031,75.70143127441406,423.573974609375,libanotica,37,2,0,711,Cotyledon,Cotyledon,libanotica,Cotyledon_libanotica_37_2,(L.) Labili. ,,,,species,,180.9999942779541,1723.1741587320964,315.4226303100586,1764.8915608723958,0.0,0.0
93,136,80.65567779541016,412.7253723144531,94.21537017822266,423.6641845703125,(L.),37,2,1,711,,Cotyledon,,,,author_37_2,,,,,336.0653241475423,1719.6890513102214,392.56404240926105,1765.2674357096355,0.0,0.0
94,137,99.16915893554688,412.7253723144531,123.9253158569336,423.6641845703125,Labili.,37,2,2,711,,Cotyledon,,,,author_37_2,,,,,413.204828898112,1719.6890513102214,516.3554827372233,1765.2674357096355,0.0,0.0
95,138,42.0,423.1618347167969,80.6644058227539,433.17401123046875,pestalozzae.,37,3,0,711,Cotyledon,Cotyledon,pestalozzae.,Cotyledon_pestalozzae._37_3,(Boiss.) Mart. ,,,,species,,175.0,1763.174311319987,336.1016909281413,1804.8917134602864,0.0,0.0
96,139,85.25347900390625,422.3254089355469,111.62662506103516,433.26422119140625,(Boiss.),37,3,1,711,,Cotyledon,,,,author_37_3,,,,,355.2228291829427,1759.689203898112,465.11093775431317,1805.2675882975261,0.0,0.0
97,140,116.7889633178711,422.3254089355469,138.0851287841797,433.26422119140625,Mart.,37,3,2,711,,Cotyledon,,,,author_37_3,,,,,486.6206804911296,1759.689203898112,575.3547032674154,1805.2675882975261,0.0,0.0
98,141,43.439998626708984,432.7618103027344,87.1949462890625,442.77398681640625,tropaeolifolia,37,4,0,711,Cotyledon,Cotyledon,tropaeolifolia,Cotyledon_tropaeolifolia_37_4,(Boiss.) Bornm. ,,,,species,,180.9999942779541,1803.1742095947266,363.31227620442706,1844.8916117350261,0.0,0.0
99,142,93.00233459472656,431.9253845214844,119.16497802734375,442.86419677734375,(Boiss.),37,4,1,711,,Cotyledon,,,,author_37_4,,,,,387.50972747802734,1799.6891021728516,496.52074178059894,1845.2674865722656,0.0,0.0
100,143,124.44468688964844,431.9253845214844,152.24449157714844,442.86419677734375,Bornm.,37,4,2,711,,Cotyledon,,,,author_37_4,,,,,518.5195287068685,1799.6891021728516,634.3520482381185,1845.2674865722656,0.0,0.0
101,144,43.20000076293945,442.36181640625,71.03900146484375,452.3739929199219,tuberosa,37,5,0,711,Cotyledon,Cotyledon,tuberosa,Cotyledon_tuberosa_37_5,(L.) Halacsy ,,,,species,,180.0000031789144,1843.1742350260417,295.99583943684894,1884.891637166341,0.0,0.0
102,145,74.78417205810547,441.525390625,88.26561737060547,452.4642028808594,(L.),37,5,1,711,,Cotyledon,,,,author_37_5,,,,,311.60071690877277,1839.6891276041667,367.77340571085614,1885.2675120035808,0.0,0.0
103,146,91.77604675292969,441.525390625,121.24871063232422,452.4642028808594,Halacsy,37,5,2,711,,Cotyledon,,,,author_37_5,,,,,382.4001948038737,1839.6891276041667,505.2029609680176,1885.2675120035808,0.0,0.0
104,147,42.959999084472656,451.9618225097656,99.83942413330078,461.9739990234375,umbilicus-veneris,37,6,0,711,Cotyledon,Cotyledon,umbilicus-veneris,Cotyledon_umbilicus-veneris_37_6,L. ,,,,species,,178.99999618530273,1883.1742604573567,415.9976005554199,1924.8916625976562,0.0,0.0
105,148,104.67681121826172,451.1253967285156,111.92581939697266,462.064208984375,L.,37,6,1,711,,Cotyledon,,,,author_37_6,,,,,436.1533800760905,1879.6891530354817,466.3575808207194,1925.2675374348958,0.0,0.0
106,149,29.520000457763672,461.3988952636719,59.66018295288086,473.00469970703125,Crambe,38,0,0,711,Crambe,Crambe,,,,,,,genus,,123.00000190734863,1922.495396931966,248.58409563700357,1970.8529154459636,0.0,1.0
107,150,42.959999084472656,470.9989013671875,73.94474792480469,482.6047058105469,alutacea,39,0,0,711,Crambe,Crambe,alutacea,Crambe_alutacea_39_0,Hand.-Mazz. ,,,,species,,178.99999618530273,1962.4954223632812,308.10311635335285,2010.8529408772786,0.0,0.0
108,151,80.43602752685547,470.9989013671875,131.429931640625,482.6047058105469,Hand.-Mazz.,39,0,1,711,,Crambe,,,,author_39_0,,,,,335.15011469523114,1962.4954223632812,547.6247151692709,2010.8529408772786,0.0,0.0
109,152,42.959999084472656,481.2417907714844,67.4000015258789,491.25396728515625,aucheri,39,1,0,711,Crambe,Crambe,aucheri,Crambe_aucheri_39_1,Boiss. ,,,,species,,178.99999618530273,2005.1741282145183,280.8333396911621,2046.8915303548176,0.0,0.0
110,153,69.64361572265625,480.4053649902344,90.5651626586914,491.34417724609375,Boiss.,39,1,1,711,,Crambe,,,,author_39_1,,,,,290.1817321777344,2001.6890207926433,377.3548444112142,2047.2674051920574,0.0,0.0
111,154,42.959999084472656,489.7189025878906,84.4523696899414,501.32470703125,glàberrima,39,2,0,711,Crambe,Crambe,glàberrima,Crambe_glàberrima_39_2,(Bornm.) Moût. ,,,,species,,178.99999618530273,2040.4954274495442,351.8848737080892,2088.8529459635415,0.0,0.0
112,155,89.90733337402344,489.7189025878906,123.30908203125,501.32470703125,(Bornm.),39,2,1,711,,Crambe,,,,author_39_2,,,,,374.61388905843097,2040.4954274495442,513.787841796875,2088.8529459635415,0.0,0.0
113,156,129.0225830078125,489.7189025878906,152.3196563720703,501.32470703125,Moût.,39,2,2,711,,Crambe,,,,author_39_2,,,,,537.5940958658854,2040.4954274495442,634.6652348836263,2088.8529459635415,0.0,0.0
114,157,42.720001220703125,499.79888916015625,77.80381774902344,511.4046936035156,hispanica,39,3,0,711,Crambe,Crambe,hispanica,Crambe_hispanica_39_3,L. ,,,,species,,178.00000508626303,2082.495371500651,324.18257395426434,2130.8528900146484,0.0,0.0
115,158,82.44889831542969,499.79888916015625,90.39031219482422,511.4046936035156,L.,39,3,1,711,,Crambe,,,,author_39_3,,,,,343.53707631429035,2082.495371500651,376.6263008117676,2130.8528900146484,0.0,0.0
116,159,42.720001220703125,509.3988952636719,77.40143585205078,521.0046997070312,orientalis,39,4,0,711,Crambe,Crambe,orientalis,Crambe_orientalis_39_4,L. ,,,,species,,178.00000508626303,2122.4953969319663,322.50598271687824,2170.8529154459634,0.0,0.0
117,160,81.25499725341797,509.3988952636719,89.19029235839844,521.0046997070312,L.,39,4,1,711,,Crambe,,,,author_39_4,,,,,338.5624885559082,2122.4953969319663,371.62621815999347,2170.8529154459634,0.0,0.0
118,161,41.279998779296875,519.6417846679688,64.69657897949219,529.6539916992188,persica,39,5,0,711,Crambe,Crambe,persica,Crambe_persica_39_5,Boiss. ,,,,species,,171.99999491373697,2165.174102783203,269.56907908121747,2206.891632080078,0.0,0.0
119,162,68.44368743896484,518.805419921875,89.365234375,529.7442016601562,Boiss.,39,5,1,711,,Crambe,,,,author_39_5,,,,,285.18203099568683,2161.689249674479,372.3551432291667,2207.267506917318,0.0,0.0
120,163,29.040000915527344,529.0789184570312,60.623077392578125,540.6846923828125,Crassula,40,0,0,711,Crassula,Crassula,,,,,,,genus,,121.00000381469727,2204.4954935709634,252.59615580240884,2252.8528849283853,0.0,1.0
121,164,42.720001220703125,538.1989135742188,61.11092758178711,549.8046875,alata,41,0,0,711,Crassula,Crassula,alata,Crassula_alata_41_0,(Viv.) Berger ,,,,species,,178.00000508626303,2242.4954732259116,254.62886492411295,2290.8528645833335,0.0,0.0
122,165,66.0242691040039,538.1989135742188,87.64744567871094,549.8046875,(Viv.),41,0,1,711,,Crassula,,,,author_41_0,,,,,275.1011212666829,2242.4954732259116,365.1976903279622,2290.8528645833335,0.0,0.0
123,166,92.81986999511719,538.1989135742188,117.30773162841797,549.8046875,Berger,41,0,2,711,,Crassula,,,,author_41_0,,,,,386.7494583129883,2242.4954732259116,488.7822151184082,2290.8528645833335,0.0,0.0
124,167,42.2400016784668,548.4417724609375,75.82179260253906,558.4539794921875,caespitosa,41,1,0,711,Crassula,Crassula,caespitosa,Crassula_caespitosa_41_1,Cav. ,,,,species,,176.00000699361166,2285.1740519205728,315.9241358439128,2326.8915812174478,0.0,0.0
125,168,79.65620422363281,547.6054077148438,96.56544494628906,558.544189453125,Cav.,41,1,1,711,,Crassula,,,,author_41_1,,,,,331.9008509318034,2281.689198811849,402.3560206095378,2327.2674560546875,0.0,0.0
126,169,42.2400016784668,558.041748046875,70.52442932128906,568.053955078125,magnolii,41,2,0,711,Crassula,Crassula,magnolii,Crassula_magnolii_41_2,D.C. ,,,,species,,176.00000699361166,2325.1739501953125,293.8517888387044,2366.8914794921875,0.0,0.0
127,170,75.1270751953125,557.2053833007812,92.72461700439453,568.1441650390625,D.C.,41,2,1,711,,Crassula,,,,author_41_2,,,,,313.02947998046875,2321.6890970865884,386.35257085164386,2367.2673543294272,0.0,0.0
128,171,42.47999954223633,567.8862915039062,84.47388458251953,578.5089721679688,microcarpa,41,3,0,711,Crassula,Crassula,microcarpa,Crassula_microcarpa_41_3,"Sibth, et Smith ",,,,species,,176.99999809265137,2366.192881266276,351.97451909383136,2410.4540506998696,0.0,0.0
129,172,86.41290283203125,566.9989013671875,108.66869354248047,578.6046752929688,"Sibth,",41,3,1,711,,Crassula,,,,author_41_3,,,,,360.0537618001302,2362.4954223632812,452.78622309366864,2410.852813720703,0.0,0.0
130,173,110.72909545898438,566.9989013671875,117.27994537353516,578.6046752929688,et,41,3,2,711,,Crassula,,,,author_41_3,,,,,461.37123107910156,2362.4954223632812,488.6664390563965,2410.852813720703,0.0,0.0
131,174,119.09758758544922,566.9989013671875,141.1754913330078,578.6046752929688,Smith,41,3,3,711,,Crassula,,,,author_41_3,,,,,496.2399482727051,2362.4954223632812,588.2312138875326,2410.852813720703,0.0,0.0
132,175,42.0,577.0789184570312,75.59391021728516,588.6846923828125,vaillantii,41,4,0,711,Crassula,Crassula,vaillantii,Crassula_vaillantii_41_4,(Willd.) Roth ,,,,species,,175.0,2404.4954935709634,314.9746259053548,2452.8528849283853,0.0,0.0
133,176,80.42462921142578,577.0789184570312,109.75350952148438,588.6846923828125,(Willd.),41,4,1,711,,Crassula,,,,author_41_4,,,,,335.1026217142741,2404.4954935709634,457.30628967285156,2452.8528849283853,0.0,0.0
134,177,114.584228515625,577.0789184570312,133.4934844970703,588.6846923828125,Roth,41,4,2,711,,Crassula,,,,author_41_4,,,,,477.4342854817708,2404.4954935709634,556.2228520711263,2452.8528849283853,0.0,0.0
135,178,28.559999465942383,586.1989135742188,101.99469757080078,597.8046875,CRASSULACEAE,42,0,0,711,,,,,,,,,,,118.99999777475993,2442.4954732259116,424.97790654500324,2490.8528645833335,0.0,1.0
136,179,28.799999237060547,595.5588989257812,66.2536849975586,607.1646728515625,Crataegus,42,1,0,711,Crataegus,Crataegus,,,,,,,genus,,119.99999682108562,2481.4954121907554,276.0570208231608,2529.8528035481772,0.0,1.0
137,207,250.32000732421875,46.19888687133789,281.2090759277344,57.804683685302734,azarolus,48,0,0,711,Crataegus,Crataegus,azarolus,Crataegus_azarolus_48_0,L. ,,,,species,,1043.0000305175781,192.49536196390787,1171.7044830322266,240.85284868876138,1.0,3.0
138,208,285.3125305175781,46.19888687133789,293.1907043457031,57.804683685302734,L.,48,0,1,711,,Crataegus,,,,author_48_0,,,,,1188.802210489909,192.49536196390787,1221.627934773763,240.85284868876138,1.0,3.0
139,209,250.0800018310547,55.31888198852539,289.1525573730469,66.9246826171875,monogyna,48,1,0,711,Crataegus,Crataegus,monogyna,Crataegus_monogyna_48_1,Willd. ,,,,species,,1042.0000076293945,230.4953416188558,1204.8023223876953,278.85284423828125,1.0,3.0
140,210,294.8247985839844,55.31888198852539,318.3905029296875,66.9246826171875,Willd.,48,1,1,711,,Crataegus,,,,author_48_1,,,,,1228.4366607666016,230.4953416188558,1326.6270955403645,278.85284423828125,1.0,3.0
141,211,250.0800018310547,64.91891479492188,275.7267761230469,76.52471923828125,sinaica,48,2,0,711,Crataegus,Crataegus,sinaica,Crataegus_sinaica_48_2,Boiss. ,,,,species,,1042.0000076293945,270.4954783121745,1148.861567179362,318.8529968261719,1.0,3.0
142,212,279.2151794433594,64.91891479492188,300.6302185058594,76.52471923828125,Boiss.,48,2,1,711,,Crataegus,,,,author_48_2,,,,,1163.3965810139973,270.4954783121745,1252.6259104410808,318.8529968261719,1.0,3.0
143,213,250.32000732421875,75.64179992675781,283.6636657714844,85.65399932861328,tortninalis,48,3,0,711,Crataegus,Crataegus,tortninalis,Crataegus_tortninalis_48_3,L. ,,,,species,,1043.0000305175781,315.1741663614909,1181.9319407145183,356.891663869222,1.0,3.0
144,214,288.75518798828125,74.80540466308594,296.0041809082031,85.74420166015625,L.,48,3,1,711,,Crataegus,,,,author_48_3,,,,,1203.1466166178386,311.6891860961914,1233.3507537841797,357.2675069173177,1.0,3.0
145,215,250.32000732421875,85.00178527832031,278.16693115234375,95.01398468017578,trilobata,48,4,0,711,Crataegus,Crataegus,trilobata,Crataegus_trilobata_48_4,Lab. ,,,,species,,1043.0000305175781,354.17410532633465,1159.0288798014324,395.89160283406574,1.0,3.0
146,216,282.6560974121094,84.16539001464844,299.844482421875,95.10418701171875,Lab.,48,4,1,711,,Crataegus,,,,author_48_4,,,,,1177.7337392171223,350.68912506103516,1249.3520100911458,396.26744588216144,1.0,3.0
147,217,236.63999938964844,93.23892211914062,276.242919921875,104.8447265625,Crithmum,49,0,0,711,Crithmum,Crithmum,,,,,,,genus,,985.9999974568685,388.4955088297526,1151.0121663411458,436.85302734375,1.0,4.0
148,218,250.0800018310547,103.07888793945312,292.37274169921875,114.6846923828125,maritimum,50,0,0,711,Crithmum,Crithmum,maritimum,Crithmum_maritimum_50_0,L. ,,,,species,,1042.0000076293945,429.495366414388,1218.2197570800781,477.85288492838544,1.0,3.0
149,219,297.4676513671875,103.07888793945312,305.4294738769531,114.6846923828125,L.,50,0,1,711,,Crithmum,,,,author_50_0,,,,,1239.4485473632812,429.495366414388,1272.622807820638,477.85288492838544,1.0,3.0
150,220,236.63999938964844,113.80177307128906,269.7922668457031,123.81397247314453,Crithopsis,51,0,0,711,Crithopsis,Crithopsis,,,,,,,genus,,985.9999974568685,474.1740544637044,1124.1344451904297,515.8915519714355,1.0,4.0
151,221,250.0800018310547,123.64179992675781,290.9679870605469,133.6540069580078,aegilopoides,52,0,0,711,Crithopsis,Crithopsis,aegilopoides,Crithopsis_aegilopoides_52_0,Link ,,,,species,,1042.0000076293945,515.1741663614908,1212.3666127522786,556.8916956583658,1.0,3.0
152,222,293.60931396484375,122.80540466308594,310.75286865234375,133.74420166015625,Link,52,0,1,711,,Crithopsis,,,,author_52_0,,,,,1223.3721415201824,511.6891860961914,1294.8036193847656,557.2675069173177,1.0,3.0
153,223,236.63999938964844,132.118896484375,262.5858459472656,143.72470092773438,Crocus,53,0,0,711,Crocus,Crocus,,,,,,,genus,,985.9999974568685,550.4954020182291,1094.1076914469402,598.8529205322266,1.0,4.0
154,224,250.0800018310547,141.2388916015625,284.7884826660156,152.84469604492188,aleppicus,54,0,0,711,Crocus,Crocus,aleppicus,Crocus_aleppicus_54_0,Baker ,,,,species,,1042.0000076293945,588.4953816731771,1186.6186777750652,636.8529001871744,1.0,3.0
155,225,290.0425109863281,141.2388916015625,311.4662170410156,152.84469604492188,Baker,54,0,1,711,,Crocus,,,,author_54_0,,,,,1208.510462443034,588.4953816731771,1297.7759043375652,636.8529001871744,1.0,3.0
156,226,236.39999389648438,152.44178771972656,259.0719909667969,162.45399475097656,Croton,55,0,0,711,Croton,Croton,,,,,,,genus,,984.9999745686849,635.1741154988607,1079.4666290283203,676.8916447957357,1.0,4.0
157,227,249.83999633789062,161.8018035888672,283.17633056640625,171.8140106201172,tinctorium,56,0,0,711,Croton,Croton,tinctorium,Croton_tinctorium_56_0,L. ,,,,species,,1040.999984741211,674.1741816202799,1179.9013773600261,715.8917109171549,1.0,3.0
158,228,288.0951843261719,160.9654083251953,295.2850036621094,171.90420532226562,L.,56,0,1,711,,Croton,,,,author_56_0,,,,,1200.3966013590496,670.6892013549805,1230.3541819254558,716.2675221761068,1.0,3.0
159,229,249.60000610351562,171.4018096923828,297.15155029296875,181.4140167236328,verbascifolium,56,1,0,711,Croton,Croton,verbascifolium,Croton_verbascifolium_56_1,Willd. ,,,,species,,1040.0000254313152,714.1742070515951,1238.1314595540364,755.8917363484701,1.0,3.0
160,230,301.5611877441406,170.56541442871094,325.0444641113281,181.50421142578125,Willd.,56,1,1,711,,Croton,,,,author_56_1,,,,,1256.5049489339192,710.6892267862955,1354.3519337972004,756.2675476074219,1.0,3.0
161,231,236.39999389648438,180.118896484375,296.8096618652344,191.72470092773438,CRUCIFERAE,57,0,0,711,,,,,,,,,,,984.9999745686849,750.4954020182291,1236.7069244384766,798.8529205322266,1.0,4.0
162,232,236.39999389648438,189.2388916015625,275.189208984375,200.84469604492188,Cyclotaxis,57,1,0,711,Cyclotaxis,Cyclotaxis,,,,,,,genus,,984.9999745686849,788.4953816731771,1146.6217041015625,836.8529001871744,1.0,4.0
163,233,249.36000061035156,199.31890869140625,287.215576171875,210.92471313476562,palaestina,58,0,0,711,Cyclotaxis,Cyclotaxis,palaestina,Cyclotaxis_palaestina_58_0,Boiss. ,,,,species,,1039.0000025431316,830.4954528808594,1196.7315673828125,878.8529713948568,1.0,3.0
164,234,291.6954345703125,199.31890869140625,313.1104736328125,210.92471313476562,Boiss.,58,0,1,711,,Cyclotaxis,,,,author_58_0,,,,,1215.3976440429688,830.4954528808594,1304.626973470052,878.8529713948568,1.0,3.0
165,235,249.83999633789062,208.91888427734375,276.7670593261719,220.52468872070312,turgida,58,1,0,711,Cyclotaxis,Cyclotaxis,turgida,Cyclotaxis_turgida_58_1,Boiss. ,,,,species,,1040.999984741211,870.495351155599,1153.196080525716,918.8528696695963,1.0,3.0
166,236,281.0989990234375,208.91888427734375,302.3100280761719,220.52468872070312,Boiss.,58,1,1,711,,Cyclotaxis,,,,author_58_1,,,,,1171.245829264323,870.495351155599,1259.6251169840496,918.8528696695963,1.0,3.0
167,237,236.39999389648438,219.33670043945312,281.65655517578125,230.4813995361328,Crystopţeris,59,0,0,711,Crystopţeris,Crystopţeris,,,,,,,genus,,984.9999745686849,913.9029184977213,1173.5689798990886,960.3391647338867,1.0,4.0
168,238,247.67999267578125,229.87161254882812,290.98614501953125,240.0806121826172,filix-fragilis,60,0,0,711,Crystopţeris,Crystopţeris,filix-fragilis,Crystopţeris_filix-fragilis_60_0,(L.) Borbas ,,,,species,,1031.9999694824219,957.7983856201172,1212.4422709147136,1000.3358840942383,1.0,3.0
169,239,293.69970703125,229.89620971679688,308.8240966796875,240.40040588378906,(L.),60,0,1,711,,Crystopţeris,,,,author_60_0,,,,,1223.748779296875,957.9008738199869,1286.767069498698,1001.6683578491211,1.0,3.0
170,240,312.3971252441406,229.89620971679688,339.05938720703125,240.40040588378906,Borbas,60,0,2,711,,Crystopţeris,,,,author_60_0,,,,,1301.6546885172527,957.9008738199869,1412.7474466959636,1001.6683578491211,1.0,3.0
171,241,249.36000061035156,239.01669311523438,273.59765625,250.16139221191406,fragilis,60,1,0,711,Crystopţeris,Crystopţeris,fragilis,Crystopţeris_fragilis_60_1,(L.) Bernh. ,,,,species,,1039.0000025431316,995.9028879801432,1139.990234375,1042.3391342163086,1.0,3.0
172,242,278.1194152832031,239.01669311523438,292.7850646972656,250.16139221191406,(L.),60,1,1,711,,Crystopţeris,,,,author_60_1,,,,,1158.8308970133464,995.9028879801432,1219.9377695719402,1042.3391342163086,1.0,3.0
173,243,297.30682373046875,239.01669311523438,323.98260498046875,250.16139221191406,Bernh.,60,1,2,711,,Crystopţeris,,,,author_60_1,,,,,1238.7784322102864,995.9028879801432,1349.9275207519531,1042.3391342163086,1.0,3.0
174,244,236.16000366210938,248.13671875,273.44854736328125,259.2814025878906,Cytisopsis,61,0,0,711,Cytisopsis,Cytisopsis,,,,,,,genus,,984.0000152587891,1033.9029947916667,1139.3689473470051,1080.3391774495442,1.0,4.0
175,245,249.36000061035156,257.7366943359375,296.5214538574219,268.8813781738281,doryeniifolia,62,0,0,711,Cytisopsis,Cytisopsis,doryeniifolia,Cytisopsis_doryeniifolia_62_0,Jaub. et Spach ,,,,species,,1039.0000025431316,1073.9028930664062,1235.5060577392578,1120.339075724284,1.0,3.0
176,246,299.50042724609375,257.7366943359375,321.07391357421875,268.8813781738281,Jaub.,62,0,1,711,,Cytisopsis,,,,author_62_0,,,,,1247.9184468587239,1073.9028930664062,1337.8079732259114,1120.339075724284,1.0,3.0
177,247,325.6766662597656,257.7366943359375,332.5398864746094,268.8813781738281,et,62,0,2,711,,Cytisopsis,,,,author_62_0,,,,,1356.9861094156902,1073.9028930664062,1385.5828603108723,1120.339075724284,1.0,3.0
178,248,336.8719787597656,257.7366943359375,359.7583312988281,268.8813781738281,Spach,62,0,3,711,,Cytisopsis,,,,author_62_0,,,,,1403.6332448323567,1073.9028930664062,1498.9930470784504,1120.339075724284,1.0,3.0
179,249,236.16000366210938,268.2967224121094,263.1443176269531,279.44140625,Cytisus,63,0,0,711,Cytisus,Cytisus,,,,,,,genus,,984.0000152587891,1117.9030100504558,1096.4346567789714,1164.3391927083333,1.0,4.0
180,250,249.36000061035156,277.0788879394531,274.4594421386719,288.6846923828125,cassiùs,64,0,0,711,Cytisus,Cytisus,cassiùs,Cytisus_cassiùs_64_0,Boiss. ,,,,species,,1039.0000025431316,1154.495366414388,1143.5810089111328,1202.8528849283855,1.0,3.0
181,251,277.69793701171875,277.0788879394531,298.71002197265625,288.6846923828125,Boiss.,64,0,1,711,,Cytisus,,,,author_64_0,,,,,1157.0747375488281,1154.495366414388,1244.6250915527344,1202.8528849283855,1.0,3.0
182,252,249.36000061035156,286.6062927246094,290.36346435546875,297.22900390625,dioaricatus,64,1,0,711,Cytisus,Cytisus,dioaricatus,Cytisus_dioaricatus_64_1,L'Hér. ,,,,species,,1039.0000025431316,1194.192886352539,1209.8477681477864,1238.4541829427083,1.0,3.0
183,253,291.8134460449219,285.7189025878906,317.251220703125,297.32470703125,L'Hér.,64,1,1,711,,Cytisus,,,,author_64_1,,,,,1215.8893585205078,1190.4954274495442,1321.8800862630208,1238.8529459635417,1.0,3.0
184,254,249.36000061035156,295.31890869140625,299.832275390625,306.9247131347656,drepanolobus,64,2,0,711,Cytisus,Cytisus,drepanolobus,Cytisus_drepanolobus_64_2,Boiss. ,,,,species,,1039.0000025431316,1230.4954528808594,1249.3011474609375,1278.8529713948567,1.0,3.0
185,255,303.9347229003906,295.31890869140625,325.3497619628906,306.9247131347656,Boiss.,64,2,1,711,,Cytisus,,,,author_64_2,,,,,1266.3946787516277,1230.4954528808594,1355.624008178711,1278.8529713948567,1.0,3.0
186,256,247.9199981689453,305.80181884765625,285.69635009765625,315.8139953613281,pterocladus,64,3,0,711,Cytisus,Cytisus,pterocladus,Cytisus_pterocladus_64_3,Boiss. ,,,,species,,1032.9999923706055,1274.1742451985676,1190.4014587402344,1315.8916473388672,1.0,3.0
187,257,289.0040588378906,304.96539306640625,309.92559814453125,315.9042053222656,Boiss.,64,3,1,711,,Cytisus,,,,author_64_3,,,,,1204.183578491211,1270.6891377766926,1291.3566589355469,1316.2675221761067,1.0,3.0
188,258,249.1199951171875,314.9989013671875,278.6998596191406,326.6047058105469,syriacus,64,4,0,711,Cytisus,Cytisus,syriacus,Cytisus_syriacus_64_4,Boiss. et Bl. ,,,,species,,1037.999979654948,1312.4954223632812,1161.2494150797527,1360.8529408772786,1.0,3.0
189,259,282.2668151855469,314.9989013671875,303.6818542480469,326.6047058105469,Boiss.,64,4,1,711,,Cytisus,,,,author_64_4,,,,,1176.1117299397786,1312.4954223632812,1265.341059366862,1360.8529408772786,1.0,3.0
190,260,307.7251281738281,314.9989013671875,314.1729736328125,326.6047058105469,et,64,4,2,711,,Cytisus,,,,author_64_4,,,,,1282.1880340576172,1312.4954223632812,1309.0540568033855,1360.8529408772786,1.0,3.0
191,261,317.7401123046875,314.9989013671875,328.2263488769531,326.6047058105469,Bl.,64,4,3,711,,Cytisus,,,,author_64_4,,,,,1323.9171346028645,1312.4954223632812,1367.6097869873047,1360.8529408772786,1.0,3.0
192,263,235.67999267578125,356.7589111328125,260.10675048828125,368.3647155761719,Danaa,66,0,0,711,Danaa,Danaa,,,,,,,genus,,981.9999694824219,1486.4954630533855,1083.7781270345051,1534.8529815673828,1.0,4.0
193,264,248.8800048828125,367.4818115234375,289.54083251953125,377.4939880371094,aquilegifolia,67,0,0,711,Danaa,Danaa,aquilegifolia,Danaa_aquilegifolia_67_0,AU. ,,,,species,,1037.000020345052,1531.1742146809895,1206.4201354980469,1572.891616821289,1.0,3.0
194,265,294.5859375,366.6453857421875,308.72381591796875,377.5841979980469,AU.,67,0,1,711,,Danaa,,,,author_67_0,,,,,1227.44140625,1527.6891072591145,1286.3492329915364,1573.2674916585286,1.0,3.0
195,266,248.8800048828125,375.7189025878906,295.84271240234375,387.32470703125,cornubiensis,67,1,0,711,Danaa,Danaa,cornubiensis,Danaa_cornubiensis_67_1,(Torn.) Burm. ,,,,species,,1037.000020345052,1565.4954274495442,1232.6779683430989,1613.8529459635417,1.0,3.0
196,267,301.42413330078125,375.7189025878906,328.2847900390625,387.32470703125,(Torn.),67,1,1,711,,Danaa,,,,author_67_1,,,,,1255.9338887532551,1565.4954274495442,1367.853291829427,1613.8529459635417,1.0,3.0
197,268,333.8662414550781,375.7189025878906,357.270751953125,387.32470703125,Burm.,67,1,2,711,,Danaa,,,,author_67_1,,,,,1391.109339396159,1565.4954274495442,1488.6281331380208,1613.8529459635417,1.0,3.0
198,269,235.44000244140625,385.3188781738281,264.8894348144531,396.9246826171875,Daphne,68,0,0,711,Daphne,Daphne,,,,,,,genus,,981.000010172526,1605.495325724284,1103.7059783935547,1653.8528442382812,1.0,4.0
199,270,248.63999938964844,394.9189147949219,286.0166320800781,406.52471923828125,libanotica,69,0,0,711,Daphne,Daphne,libanotica,Daphne_libanotica_69_0,Moût. ,,,,species,,1035.9999974568684,1645.4954783121746,1191.7359670003254,1693.8529968261719,1.0,3.0
200,271,291.06744384765625,394.9189147949219,314.5592041015625,406.52471923828125,Moût.,69,0,1,711,,Daphne,,,,author_69_0,,,,,1212.7810160319011,1645.4954783121746,1310.663350423177,1693.8529968261719,1.0,3.0
201,272,248.8800048828125,404.5188903808594,277.95111083984375,416.12469482421875,oleifolia,69,1,0,711,Daphne,Daphne,oleifolia,Daphne_oleifolia_69_1,Lam. ,,,,species,,1037.000020345052,1685.495376586914,1158.1296284993489,1733.8528951009114,1.0,3.0
202,273,282.110595703125,404.5188903808594,302.021240234375,416.12469482421875,Lam.,69,1,1,711,,Daphne,,,,author_69_1,,,,,1175.4608154296875,1685.495376586914,1258.4218343098958,1733.8528951009114,1.0,3.0
203,275,248.8800048828125,414.118896484375,278.5213317871094,425.7247009277344,oleoides,69,2,0,711,Daphne,Daphne,oleoides,Daphne_oleoides_69_2,Schreb. ,,,,species,,1037.000020345052,1725.4954020182292,1160.5055491129558,1773.8529205322266,1.0,3.0
204,276,282.8124694824219,414.118896484375,311.43048095703125,425.7247009277344,Schreb.,69,2,1,711,,Daphne,,,,author_69_2,,,,,1178.385289510091,1725.4954020182292,1297.6270039876301,1773.8529205322266,1.0,3.0
205,277,248.8800048828125,425.0818176269531,271.8511657714844,435.093994140625,sericea,69,3,0,711,Daphne,Daphne,sericea,Daphne_sericea_69_3,Vahl ,,,,species,,1037.000020345052,1771.1742401123047,1132.7131907145183,1812.8916422526042,1.0,3.0
206,278,274.73211669921875,424.2453918457031,292.95904541015625,435.1842041015625,Vahl,69,3,1,711,,Daphne,,,,author_69_3,,,,,1144.7171529134114,1767.6891326904297,1220.6626892089844,1813.2675170898438,1.0,3.0
207,279,235.44000244140625,433.55889892578125,262.989501953125,445.1647033691406,Datisca,70,0,0,711,Datisca,Datisca,,,,,,,genus,,981.000010172526,1806.4954121907551,1095.7895914713542,1854.8529307047527,1.0,4.0
208,280,248.39999389648438,442.67889404296875,287.3209228515625,454.2846984863281,cannabina,71,0,0,711,Datisca,Datisca,cannabina,Datisca_cannabina_71_0,L. ,,,,species,,1034.9999745686848,1844.4953918457031,1197.1705118815105,1892.8529103597004,1.0,3.0
209,281,293.6214599609375,442.67889404296875,301.5893859863281,454.2846984863281,L.,71,0,1,711,,Datisca,,,,author_71_0,,,,,1223.4227498372395,1844.4953918457031,1256.6224416097004,1892.8529103597004,1.0,3.0
210,282,234.9600067138672,452.2789001464844,300.548828125,463.88470458984375,DATISCACEAE,72,0,0,711,,,,,,,,,,,979.0000279744467,1884.4954172770183,1252.2867838541667,1932.8529357910156,1.0,4.0
211,283,234.9600067138672,462.3589172363281,262.9246520996094,473.9647216796875,Daucus,72,1,0,711,Daucus,Daucus,,,,,,,genus,,979.0000279744467,1926.4954884847004,1095.5193837483723,1974.853006998698,1.0,4.0
212,284,248.39999389648438,471.7189025878906,283.32061767578125,483.32470703125,aleppicus,73,0,0,711,Daucus,Daucus,aleppicus,Daucus_aleppicus_73_0,Thiéb. ,,,,species,,1034.9999745686848,1965.4954274495442,1180.5025736490886,2013.8529459635417,1.0,3.0
213,285,287.94427490234375,471.7189025878906,313.1098327636719,483.32470703125,Thiéb.,73,0,1,711,,Daucus,,,,author_73_0,,,,,1199.7678120930989,1965.4954274495442,1304.624303181966,2013.8529459635417,1.0,3.0
214,286,248.63999938964844,481.3188781738281,272.8721923828125,492.9246826171875,aureus,73,1,0,711,Daucus,Daucus,aureus,Daucus_aureus_73_1,Desf. ,,,,species,,1035.9999974568684,2005.495325724284,1136.9674682617188,2053.8528442382812,1.0,3.0
215,287,277.6824951171875,481.3188781738281,295.5902099609375,492.9246826171875,Desf.,73,1,1,711,,Daucus,,,,author_73_1,,,,,1157.0103963216145,2005.495325724284,1231.6258748372395,2053.8528442382812,1.0,3.0
216,288,248.39999389648438,491.5662841796875,279.4129943847656,502.1889953613281,blanchei,73,2,0,711,Daucus,Daucus,blanchei,Daucus_blanchei_73_2,Reut. ,,,,species,,1034.9999745686848,2048.1928507486978,1164.2208099365234,2092.454147338867,1.0,3.0
217,289,280.86309814453125,490.67889404296875,301.9214782714844,502.2846984863281,Reut.,73,2,1,711,,Daucus,,,,author_73_2,,,,,1170.2629089355469,2044.4953918457031,1258.0061594645183,2092.8529103597007,1.0,3.0
218,290,248.39999389648438,500.2789001464844,273.6676330566406,511.88470458984375,broteri,73,3,0,711,Daucus,Daucus,broteri,Daucus_broteri_73_3,Ten. ,,,,species,,1034.9999745686848,2084.495417277018,1140.2818044026692,2132.8529357910156,1.0,3.0
219,291,279.253173828125,500.2789001464844,296.54986572265625,511.88470458984375,Ten.,73,3,1,711,,Daucus,,,,author_73_3,,,,,1163.5548909505208,2084.495417277018,1235.6244405110676,2132.8529357910156,1.0,3.0
220,292,248.16000366210938,509.8788757324219,271.5068664550781,521.4846801757812,carota,73,4,0,711,Daucus,Daucus,carota,Daucus_carota_73_4,L. ssp. maximus ,,,,species,,1034.000015258789,2124.495315551758,1131.2786102294922,2172.8528340657554,1.0,3.0
221,293,275.2145690917969,509.8788757324219,283.0560302734375,521.4846801757812,L.,73,4,1,711,,Daucus,,,,author_73_4,,,,,1146.7273712158203,2124.495315551758,1179.400126139323,2172.8528340657554,1.0,3.0
222,294,287.2584228515625,509.8788757324219,300.78424072265625,521.4846801757812,ssp.,73,4,2,711,,Daucus,,,,author_73_4,,,,,1196.9100952148438,2124.495315551758,1253.2676696777344,2172.8528340657554,1.0,3.0
223,295,305.2344970703125,509.8788757324219,338.9505310058594,521.4846801757812,maximus,73,4,3,711,,Daucus,,,,author_73_4,,,,,1271.8104044596355,2124.495315551758,1412.2938791910808,2172.8528340657554,1.0,3.0
224,296,247.9199981689453,519.4789428710938,278.4087219238281,531.084716796875,guttatus,73,5,0,711,Daucus,Daucus,guttatus,Daucus_guttatus_73_5,Sibth. et Smith ,,,,species,,1032.9999923706055,2164.495595296224,1160.036341349284,2212.852986653646,1.0,3.0
225,297,282.87939453125,519.4789428710938,305.0892333984375,531.084716796875,Sibth.,73,5,1,711,,Daucus,,,,author_73_5,,,,,1178.6641438802083,2164.495595296224,1271.2051391601562,2212.852986653646,1.0,3.0
226,298,309.82305908203125,519.4789428710938,316.4861145019531,531.084716796875,et,73,5,2,711,,Daucus,,,,author_73_5,,,,,1290.9294128417969,2164.495595296224,1318.692143758138,2212.852986653646,1.0,3.0
227,299,320.693603515625,519.4789428710938,342.77154541015625,531.084716796875,Smith,73,5,3,711,,Daucus,,,,author_73_5,,,,,1336.2233479817708,2164.495595296224,1428.2147725423176,2212.852986653646,1.0,3.0
228,300,248.16000366210938,530.4417724609375,285.7187805175781,540.4539794921875,leptocarpus,73,6,0,711,Daucus,Daucus,leptocarpus,Daucus_leptocarpus_73_6,Hochst. ,,,,species,,1034.000015258789,2210.1740519205728,1190.4949188232422,2251.8915812174478,1.0,3.0
229,301,288.6481628417969,529.6054077148438,317.3665771484375,540.544189453125,Hochst.,73,6,1,711,,Daucus,,,,author_73_6,,,,,1202.700678507487,2206.689198811849,1322.3607381184895,2252.2674560546875,1.0,3.0
230,302,248.16000366210938,538.6788940429688,279.0862731933594,550.28466796875,littoralis,73,7,0,711,Daucus,Daucus,littoralis,Daucus_littoralis_73_7,Sibth et Smith ,,,,species,,1034.000015258789,2244.495391845703,1162.8594716389973,2292.852783203125,1.0,3.0
231,303,282.77764892578125,538.6788940429688,302.47015380859375,550.28466796875,Sibth,73,7,1,711,,Daucus,,,,author_73_7,,,,,1178.2402038574219,2244.495391845703,1260.2923075358074,2292.852783203125,1.0,3.0
232,304,305.876953125,538.6788940429688,312.489013671875,550.28466796875,et,73,7,2,711,,Daucus,,,,author_73_7,,,,,1274.4873046875,2244.495391845703,1302.0375569661458,2292.852783203125,1.0,3.0
233,305,315.89581298828125,538.6788940429688,337.9737548828125,550.28466796875,Smith,73,7,3,711,,Daucus,,,,author_73_7,,,,,1316.2325541178386,2244.495391845703,1408.2239786783855,2292.852783203125,1.0,3.0
234,306,248.16000366210938,549.6417846679688,277.89404296875,559.6539916992188,maximus,73,8,0,711,Daucus,Daucus,maximus,Daucus_maximus_73_8,Desf. ,,,,species,,1034.000015258789,2290.174102783203,1157.891845703125,2331.891632080078,1.0,3.0
235,307,281.5548095703125,548.805419921875,299.87359619140625,559.7442016601562,Desf.,73,8,1,711,,Daucus,,,,author_73_8,,,,,1173.145039876302,2286.689249674479,1249.4733174641926,2332.267506917318,1.0,3.0
236,308,247.9199981689453,559.2417602539062,292.8079833984375,569.2539672851562,imerosciadius,73,9,0,711,Daucus,Daucus,imerosciadius,Daucus_imerosciadius_73_9,Boiss. ,,,,species,,1032.9999923706055,2330.174001057943,1220.0332641601562,2371.891530354818,1.0,3.0
237,309,295.279541015625,558.4053955078125,316.4047546386719,569.3441772460938,Boiss.,73,9,1,711,,Daucus,,,,author_73_9,,,,,1230.3314208984375,2326.6891479492188,1318.3531443277996,2372.267405192057,1.0,3.0
238,310,247.1999969482422,568.6063232421875,295.1963806152344,579.22900390625,pulcherrimus,73,10,0,711,Daucus,Daucus,pulcherrimus,Daucus_pulcherrimus_73_10,(Willd.) Koch ,,,,species,,1029.9999872843425,2369.1930135091147,1229.9849192301433,2413.4541829427085,1.0,3.0
239,311,298.4083557128906,567.7189331054688,327.53021240234375,579.32470703125,(Willd.),73,10,1,711,,Daucus,,,,author_73_10,,,,,1243.368148803711,2365.4955546061196,1364.7092183430989,2413.8529459635415,1.0,3.0
240,312,330.88702392578125,567.7189331054688,351.1730041503906,579.32470703125,Koch,73,10,2,711,,Daucus,,,,author_73_10,,,,,1378.6959330240886,2365.4955546061196,1463.2208506266277,2413.8529459635415,1.0,3.0
241,313,246.72000122070312,577.96630859375,275.2234802246094,588.5889892578125,pumilus,73,11,0,711,Daucus,Daucus,pumilus,Daucus_pumilus_73_11,(L.) Hall ,,,,species,,1028.000005086263,2408.1929524739585,1146.7645009358723,2452.4541219075522,1.0,3.0
242,314,278.5660400390625,577.0789184570312,292.52056884765625,588.6846923828125,(L.),73,11,1,711,,Daucus,,,,author_73_11,,,,,1160.6918334960938,2404.4954935709634,1218.8357035319011,2452.8528849283853,1.0,3.0
243,315,295.86309814453125,577.0789184570312,312.4171142578125,588.6846923828125,Hall,73,11,2,711,,Daucus,,,,author_73_11,,,,,1232.7629089355469,2404.4954935709634,1301.7379760742188,2452.8528849283853,1.0,3.0
244,316,247.67999267578125,588.0418090820312,277.0162658691406,598.0540161132812,setulosus,73,12,0,711,Daucus,Daucus,setulosus,Daucus_setulosus_73_12,Guss. ,,,,species,,1031.9999694824219,2450.1742045084634,1154.2344411214192,2491.8917338053384,1.0,3.0
245,317,279.92626953125,587.2054443359375,300.08477783203125,598.1442260742188,Guss.,73,12,1,711,,Daucus,,,,author_73_12,,,,,1166.3594563802083,2446.6893513997397,1250.3532409667969,2492.267608642578,1.0,3.0
246,318,247.67999267578125,597.4017944335938,278.34368896484375,607.4140014648438,speciosus,73,13,0,711,Daucus,Daucus,speciosus,Daucus_speciosus_73_13,Casaţi ,,,,species,,1031.9999694824219,2489.174143473307,1159.7653706868489,2530.891672770182,1.0,3.0
247,319,281.1803283691406,597.3362426757812,304.13238525390625,607.8403930664062,Casaţi,73,13,1,711,,Daucus,,,,author_73_13,,,,,1171.584701538086,2488.9010111490884,1267.2182718912761,2532.6683044433594,1.0,3.0
0,4,42.79880142211914,51.36302947998047,79.90581512451172,63.36902618408203,subsessilis,1,0,0,712,Daucus,Daucus,subsessilis,Daucus_subsessilis_1_0,Boiss. ,,,,species,,178.32833925882974,214.01262283325195,332.94089635213214,264.0376091003418,0.0,0.0
1,5,83.61237335205078,51.36302947998047,104.90925598144531,63.36902618408203,Boiss.,1,0,1,712,,Daucus,,,,author_1_0,,,,,348.38488896687824,214.01262283325195,437.1218999226888,264.0376091003418,0.0,0.0
2,6,43.20000076293945,62.111968994140625,68.08799743652344,71.87997436523438,visnaga,2,0,0,712,Daucus,Daucus,visnaga,Daucus_visnaga_2_0,L. ,,,,species,,180.0000031789144,258.79987080891925,283.69998931884766,299.49989318847656,0.0,0.0
3,7,72.36380767822266,61.29597091674805,79.52249908447266,71.96797180175781,L.,2,0,1,712,,Daucus,,,,author_2_0,,,,,301.51586532592773,255.39987881978354,331.34374618530273,299.8665491739909,0.0,0.0
4,8,29.520000457763672,69.60301971435547,74.88080596923828,81.60901641845703,Delphinium,3,0,0,712,Delphinium,Delphinium,,,,,,,genus,,123.00000190734863,290.01258214314777,312.0033582051595,340.0375684102376,0.0,1.0
5,9,42.959999084472656,81.31198120117188,62.071998596191406,91.07998657226562,ajacis,4,0,0,712,Delphinium,Delphinium,ajacis,Delphinium_ajacis_4_0,Auct. ,,,,species,,178.99999618530273,338.7999216715495,258.63332748413086,379.49994405110675,0.0,0.0
6,10,66.7071762084961,80.49598693847656,86.96259307861328,91.16798400878906,Auct.,4,0,1,712,,Delphinium,,,,author_4_0,,,,,277.9465675354004,335.39994557698566,362.34413782755536,379.8666000366211,0.0,0.0
7,11,42.959999084472656,90.67202758789062,76.73600006103516,100.44003295898438,ambiguum,4,1,0,712,Delphinium,Delphinium,ambiguum,Delphinium_ambiguum_4_1,L. ,,,,species,,178.99999618530273,377.80011494954425,319.7333335876465,418.50013732910156,0.0,0.0
8,12,82.62352752685547,89.85603332519531,89.84162139892578,100.52803039550781,L.,4,1,1,712,,Delphinium,,,,author_4_1,,,,,344.26469802856445,374.40013885498047,374.34008916219074,418.8667933146159,0.0,0.0
9,13,42.720001220703125,100.27200317382812,87.60800170898438,110.04000854492188,anthoroideum,4,2,0,712,Delphinium,Delphinium,anthoroideum,Delphinium_anthoroideum_4_2,Boiss. ,,,,species,,178.00000508626303,417.8000132242839,365.03334045410156,458.5000356038411,0.0,0.0
10,14,91.32940673828125,99.45600891113281,112.16297149658203,110.12800598144531,Boiss.,4,2,1,712,,Delphinium,,,,author_4_2,,,,,380.53919474283856,414.40003712972003,467.3457145690918,458.86669158935547,0.0,0.0
11,15,42.720001220703125,109.87197875976562,80.50399780273438,119.63998413085938,axilliflorum,4,3,0,712,Delphinium,Delphinium,axilliflorum,Delphinium_axilliflorum_4_3,D.C. ,,,,species,,178.00000508626303,457.79991149902344,335.4333241780599,498.49993387858075,0.0,0.0
12,16,86.53705596923828,109.05598449707031,104.24222564697266,119.72798156738281,D.C.,4,3,1,712,,Delphinium,,,,author_4_3,,,,,360.57106653849286,454.39993540445965,434.34260686238605,498.86658986409503,0.0,0.0
13,17,42.720001220703125,119.47198486328125,88.90943145751953,129.239990234375,cappadocicum,4,4,0,712,Delphinium,Delphinium,cappadocicum,Delphinium_cappadocicum_4_4,Boiss. ,,,,species,,178.00000508626303,497.79993693033856,370.45596440633136,538.4999593098959,0.0,0.0
14,18,91.61114501953125,118.65599060058594,112.64269256591797,129.32798767089844,Boiss.,4,4,1,712,,Delphinium,,,,author_4_4,,,,,381.7131042480469,494.3999608357747,469.3445523579915,538.8666152954102,0.0,0.0
15,19,42.720001220703125,129.07199096679688,88.93600463867188,138.83999633789062,deserti-syriaci,4,5,0,712,Delphinium,Delphinium,deserti-syriaci,Delphinium_deserti-syriaci_4_5,Zoh. ,,,,species,,178.00000508626303,537.7999623616537,370.5666859944661,578.4999847412109,0.0,0.0
16,20,94.69780731201172,128.25599670410156,111.68225860595703,138.92799377441406,Zoh.,4,5,1,712,,Delphinium,,,,author_4_5,,,,,394.57419713338214,534.3999862670898,465.3427441914876,578.8666407267252,0.0,0.0
17,21,40.79999923706055,137.7209930419922,66.9947509765625,148.70999145507812,flavum,4,6,0,712,Delphinium,Delphinium,flavum,Delphinium_flavum_4_6,D.C. ,,,,species,,169.9999968210856,573.8374710083008,279.14479573567706,619.6249643961588,0.0,0.0
18,22,68.56192016601562,136.80299377441406,86.55077362060547,148.8090057373047,D.C.,4,6,1,712,,Delphinium,,,,author_4_6,,,,,285.67466735839844,570.0124740600586,360.62822341918945,620.0375239054362,0.0,0.0
19,23,42.2400016784668,147.3209991455078,80.9534683227539,158.30999755859375,gombaultii,4,7,0,712,Delphinium,Delphinium,gombaultii,Delphinium_gombaultii_4_7,Thiéb. ,,,,species,,176.00000699361166,613.8374964396158,337.3061180114746,659.624989827474,0.0,0.0
20,24,82.45314025878906,146.4029998779297,107.78372955322266,158.4090118408203,Thiéb.,4,7,1,712,,Delphinium,,,,author_4_7,,,,,343.5547510782878,610.0124994913737,449.09887313842773,660.0375493367513,0.0,0.0
21,25,42.47999954223633,156.0030059814453,84.39263916015625,168.00901794433594,halteratum,4,8,0,712,Delphinium,Delphinium,halteratum,Delphinium_halteratum_4_8,Sibth et Smith ,,,,species,,176.99999809265137,650.0125249226888,351.63599650065106,700.0375747680664,0.0,0.0
22,26,88.56549835205078,156.0030059814453,108.52787017822266,168.00901794433594,Sibth,4,8,1,712,,Delphinium,,,,author_4_8,,,,,369.0229098002116,650.0125249226888,452.19945907592773,700.0375747680664,0.0,0.0
23,27,112.70072174072266,156.0030059814453,119.39015197753906,168.00901794433594,et,4,8,2,712,,Delphinium,,,,author_4_8,,,,,469.5863405863444,650.0125249226888,497.4589665730794,700.0375747680664,0.0,0.0
24,28,123.56300354003906,156.0030059814453,145.73306274414062,168.00901794433594,Smith,4,8,3,712,,Delphinium,,,,author_4_8,,,,,514.8458480834961,650.0125249226888,607.2210947672526,700.0375747680664,0.0,0.0
25,29,42.47999954223633,165.6029815673828,86.39640045166016,177.60899353027344,ithaburense,4,9,0,712,Delphinium,Delphinium,ithaburense,Delphinium_ithaburense_4_9,Boiss. ,,,,species,,176.99999809265137,690.0124231974283,359.9850018819173,740.037473042806,0.0,0.0
26,30,91.45332336425781,165.6029815673828,112.95316314697266,177.60899353027344,Boiss.,4,9,1,712,,Delphinium,,,,author_4_9,,,,,381.0555140177409,690.0124231974283,470.63817977905273,740.037473042806,0.0,0.0
27,31,40.560001373291016,176.3610076904297,71.052001953125,187.35000610351562,junceum,4,10,0,712,Delphinium,Delphinium,junceum,Delphinium_junceum_4_10,D.C. ,,,,species,,169.0000057220459,734.837532043457,296.0500081380208,780.6250254313151,0.0,0.0
28,32,74.02694702148438,175.44300842285156,92.07266235351562,187.4490203857422,D.C.,4,10,1,712,,Delphinium,,,,author_4_10,,,,,308.44561258951825,731.0125350952148,383.63609313964844,781.0375849405924,0.0,0.0
29,33,42.47999954223633,184.80299377441406,78.9813003540039,196.8090057373047,kurdicum,4,11,0,712,Delphinium,Delphinium,kurdicum,Delphinium_kurdicum_4_11,Boiss. et Hoh. ,,,,species,,176.99999809265137,770.0124740600586,329.0887514750163,820.0375239054362,0.0,0.0
30,34,82.25623321533203,184.80299377441406,103.75607299804688,196.8090057373047,Boiss.,4,11,1,712,,Delphinium,,,,author_4_11,,,,,342.7343050638835,770.0124740600586,432.3169708251953,820.0375239054362,0.0,0.0
31,35,108.0378189086914,184.80299377441406,114.67181396484375,196.8090057373047,et,4,11,2,712,,Delphinium,,,,author_4_11,,,,,450.1575787862142,770.0124740600586,477.7992248535156,820.0375239054362,0.0,0.0
32,36,118.19918823242188,184.80299377441406,137.1923370361328,196.8090057373047,Hoh.,4,11,3,712,,Delphinium,,,,author_4_11,,,,,492.4966176350911,770.0124740600586,571.6347376505533,820.0375239054362,0.0,0.0
33,37,42.720001220703125,194.1630096435547,102.5951919555664,206.1690216064453,macrostachyum,4,12,0,712,Delphinium,Delphinium,macrostachyum,Delphinium_macrostachyum_4_12,Boiss. ex Huth ,,,,species,,178.00000508626303,809.0125401814779,427.4799664815267,859.0375900268555,0.0,0.0
34,38,105.89189910888672,194.1630096435547,127.39173889160156,206.1690216064453,Boiss.,4,12,1,712,,Delphinium,,,,author_4_12,,,,,441.216246287028,809.0125401814779,530.7989120483398,859.0375900268555,0.0,0.0
35,39,131.44876098632812,194.1630096435547,140.05978393554688,206.1690216064453,ex,4,12,2,712,,Delphinium,,,,author_4_12,,,,,547.7031707763672,809.0125401814779,583.5824330647787,859.0375900268555,0.0,0.0
36,40,143.60992431640625,194.1630096435547,163.25350952148438,206.1690216064453,Huth,4,12,3,712,,Delphinium,,,,author_4_12,,,,,598.3746846516927,809.0125401814779,680.2229563395182,859.0375900268555,0.0,0.0
37,41,42.47999954223633,205.87200927734375,78.9280014038086,215.6400146484375,oliganthum,4,13,0,712,Delphinium,Delphinium,oliganthum,Delphinium_oliganthum_4_13,Boiss. ,,,,species,,176.99999809265137,857.800038655599,328.86667251586914,898.5000610351562,0.0,0.0
38,42,83.64930725097656,205.05601501464844,104.48287200927734,215.72801208496094,Boiss.,4,13,1,712,,Delphinium,,,,author_4_13,,,,,348.53878021240234,854.4000625610352,435.3453000386556,898.8667170206705,0.0,0.0
39,43,42.47999954223633,215.47198486328125,81.14399719238281,225.239990234375,oliverianum,4,14,0,712,Delphinium,Delphinium,oliverianum,Delphinium_oliverianum_4_14,D.C. ,,,,species,,176.99999809265137,897.7999369303385,338.09998830159503,938.4999593098959,0.0,0.0
40,44,86.237548828125,214.65599060058594,103.76154327392578,225.32798767089844,D.C.,4,14,1,712,,Delphinium,,,,author_4_14,,,,,359.3231201171875,894.3999608357748,432.3397636413574,938.8666152954102,0.0,0.0
41,45,42.47999954223633,225.07199096679688,71.07911682128906,234.83999633789062,orientale,4,15,0,712,Delphinium,Delphinium,orientale,Delphinium_orientale_4_15,J. Gay ,,,,species,,176.99999809265137,937.7999623616537,296.1629867553711,978.4999847412109,0.0,0.0
42,46,73.8283462524414,224.25599670410156,79.58817291259766,234.92799377441406,J.,4,15,1,712,,Delphinium,,,,author_4_15,,,,,307.61810938517254,934.3999862670898,331.61738713582355,978.8666407267252,0.0,0.0
43,47,85.08564758300781,224.25599670410156,100.12770080566406,234.92799377441406,Gay,4,15,2,712,,Delphinium,,,,author_4_15,,,,,354.5235315958659,934.3999862670898,417.1987533569336,978.8666407267252,0.0,0.0
44,48,42.2400016784668,233.2830047607422,86.59398651123047,245.2890167236328,peregrinum,4,16,0,712,Delphinium,Delphinium,peregrinum,Delphinium_peregrinum_4_16,L. ,,,,species,,176.00000699361166,972.0125198364258,360.80827713012695,1022.0375696818033,0.0,0.0
45,49,91.45489501953125,233.2830047607422,99.51250457763672,245.2890167236328,L.,4,16,1,712,,Delphinium,,,,author_4_16,,,,,381.0620625813802,972.0125198364258,414.635435740153,1022.0375696818033,0.0,0.0
46,50,41.279998779296875,244.27200317382812,68.83999633789062,254.04000854492188,pusillum,4,17,0,712,Delphinium,Delphinium,pusillum,Delphinium_pusillum_4_17,Lab. ,,,,species,,171.99999491373697,1017.8000132242838,286.83331807454425,1058.500035603841,0.0,0.0
47,51,75.18391418457031,243.4560089111328,92.48219299316406,254.1280059814453,Lab.,4,17,1,712,,Delphinium,,,,author_4_17,,,,,313.2663091023763,1014.4000371297201,385.3424708048503,1058.8666915893555,0.0,0.0
48,52,41.040000915527344,254.11199951171875,69.92000579833984,263.8800048828125,pygmaea,4,18,0,712,Delphinium,Delphinium,pygmaea,Delphinium_pygmaea_4_18,Poir. ,,,,species,,171.00000381469727,1058.7999979654949,291.3333574930827,1099.500020345052,0.0,0.0
49,53,76.17878723144531,253.29600524902344,93.6819839477539,263.9679870605469,Poir.,4,18,1,712,,Delphinium,,,,author_4_18,,,,,317.41161346435547,1055.400021870931,390.3415997823079,1099.8666127522786,0.0,0.0
50,54,42.2400016784668,265.6319885253906,67.57599639892578,275.3999938964844,rigidum,4,19,0,712,Delphinium,Delphinium,rigidum,Delphinium_rigidum_4_19,D.C. ,,,,species,,176.00000699361166,1106.7999521891277,281.56665166219074,1147.4999745686848,0.0,0.0
51,55,73.27839660644531,264.81597900390625,90.8023910522461,275.48797607421875,D.C.,4,19,1,712,,Delphinium,,,,author_4_19,,,,,305.32665252685547,1103.3999125162761,378.3432960510254,1147.8665669759114,0.0,0.0
52,56,42.2400016784668,275.23199462890625,76.46400451660156,285.0,rugulosum,4,20,0,712,Delphinium,Delphinium,rugulosum,Delphinium_rugulosum_4_20,Boiss. ,,,,species,,176.00000699361166,1146.7999776204426,318.60001881917316,1187.5,0.0,0.0
53,57,80.33094787597656,274.4159851074219,101.36249542236328,285.0879821777344,Boiss.,4,20,1,712,,Delphinium,,,,author_4_20,,,,,334.71228281656903,1143.399937947591,422.3437309265137,1187.8665924072266,0.0,0.0
54,58,42.2400016784668,283.3919982910156,78.31559753417969,293.1600036621094,salmoneum,4,21,0,712,Delphinium,Delphinium,salmoneum,Delphinium_salmoneum_4_21,Moût. ,,,,species,,176.00000699361166,1180.7999928792317,326.3149897257487,1221.500015258789,0.0,0.0
55,59,84.89865112304688,282.57598876953125,107.84774017333984,293.24798583984375,Moût.,4,21,1,712,,Delphinium,,,,author_4_21,,,,,353.744379679362,1177.3999532063801,449.3655840555827,1221.8666076660156,0.0,0.0
56,60,42.0,292.99200439453125,85.10400390625,302.760009765625,sclerocladum,4,22,0,712,Delphinium,Delphinium,sclerocladum,Delphinium_sclerocladum_4_22,Boiss. ,,,,species,,175.0,1220.8000183105469,354.6000162760417,1261.5000406901042,0.0,0.0
57,61,87.77106475830078,292.1759948730469,108.80261993408203,302.8479919433594,Boiss.,4,22,1,712,,Delphinium,,,,author_4_22,,,,,365.71276982625324,1217.3999786376953,453.3442497253418,1261.8666330973308,0.0,0.0
58,62,42.0,300.7230224609375,87.14399719238281,312.72900390625,staphisagria,4,23,0,712,Delphinium,Delphinium,staphisagria,Delphinium_staphisagria_4_23,L. ,,,,species,,175.0,1253.0125935872395,363.09998830159503,1303.0375162760417,0.0,0.0
59,63,92.90084838867188,300.7230224609375,100.95252227783203,312.72900390625,L.,4,23,1,712,,Delphinium,,,,author_4_23,,,,,387.0868682861328,1253.0125935872395,420.6355094909668,1303.0375162760417,0.0,0.0
60,64,42.2400016784668,312.0030212402344,88.60763549804688,324.0090026855469,tomentosum,4,24,0,712,Delphinium,Delphinium,tomentosum,Delphinium_tomentosum_4_24,Auch. ,,,,species,,176.00000699361166,1300.0125885009766,369.198481241862,1350.0375111897786,0.0,0.0
61,65,92.6220932006836,312.0030212402344,115.35249328613281,324.0090026855469,Auch.,4,24,1,712,,Delphinium,,,,author_4_24,,,,,385.92538833618164,1300.0125885009766,480.63538869222003,1350.0375111897786,0.0,0.0
62,66,41.7599983215332,320.64300537109375,82.68758392333984,332.64898681640625,venulosum,4,25,0,712,Delphinium,Delphinium,venulosum,Delphinium_venulosum_4_25,Boiss. ,,,,species,,173.99999300638834,1336.0125223795574,344.5315996805827,1386.0374450683594,0.0,0.0
63,67,86.65254211425781,320.64300537109375,108.15238189697266,332.64898681640625,Boiss.,4,25,1,712,,Delphinium,,,,author_4_25,,,,,361.05225880940753,1336.0125223795574,450.6349245707194,1386.0374450683594,0.0,0.0
64,68,41.7599983215332,330.7230224609375,76.17239379882812,342.72900390625,virgatum,4,26,0,712,Delphinium,Delphinium,virgatum,Delphinium_virgatum_4_26,Poir. ,,,,species,,173.99999300638834,1378.0125935872395,317.3849741617839,1428.0375162760417,0.0,0.0
65,69,82.05696105957031,330.7230224609375,99.99279022216797,342.72900390625,Poir.,4,26,1,712,,Delphinium,,,,author_4_26,,,,,341.9040044148763,1378.0125935872395,416.6366259256999,1428.0375162760417,0.0,0.0
66,70,28.559999465942383,340.322998046875,73.48025512695312,352.3289794921875,Descurainia,5,0,0,712,Descurainia,Descurainia,,,,,,,genus,,118.99999777475993,1418.0124918619792,306.167729695638,1468.0374145507812,0.0,1.0
67,71,41.52000045776367,349.9230041503906,65.61066436767578,361.9289855957031,sophia,6,0,0,712,Descurainia,Descurainia,sophia,Descurainia_sophia_6_0,(L.) Webb et Prantl ,,,,species,,173.00000190734863,1458.0125172932942,273.3777681986491,1508.0374399820964,0.0,0.0
68,72,69.88350677490234,349.9230041503906,83.71776580810547,361.9289855957031,(L.),6,0,1,712,,Descurainia,,,,author_6_0,,,,,291.18127822875977,1458.0125172932942,348.82402420043945,1508.0374399820964,0.0,0.0
69,73,87.72331237792969,349.9230041503906,110.3844223022461,361.9289855957031,Webb,6,0,2,712,,Descurainia,,,,author_6_0,,,,,365.51380157470703,1458.0125172932942,459.9350929260254,1508.0374399820964,0.0,0.0
70,74,113.85635375976562,349.9230041503906,120.55370330810547,361.9289855957031,et,6,0,3,712,,Descurainia,,,,author_6_0,,,,,474.40147399902344,1458.0125172932942,502.30709711710614,1508.0374399820964,0.0,0.0
71,75,123.75833892822266,349.9230041503906,147.05897521972656,361.9289855957031,Prantl,6,0,4,712,,Descurainia,,,,author_6_0,,,,,515.6597455342611,1458.0125172932942,612.745730082194,1508.0374399820964,0.0,0.0
72,76,28.079999923706055,360.6719970703125,66.29600524902344,370.44000244140625,Desmaziera,7,0,0,712,Desmaziera,Desmaziera,,,,,,,genus,,116.99999968210857,1502.7999877929688,276.23335520426434,1543.5000101725261,0.0,1.0
73,77,41.7599983215332,371.0010070800781,80.27099609375,381.989990234375,woronowii,8,0,0,712,Desmaziera,Desmaziera,woronowii,Desmaziera_woronowii_8_0,(Hack) Ocz ,,,,species,,173.99999300638834,1545.8375295003254,334.4624837239583,1591.6249593098958,0.0,0.0
74,78,83.17466735839844,370.0830078125,109.18592071533203,382.0889892578125,(Hack),8,0,1,712,,Desmaziera,,,,author_8_0,,,,,346.56111399332684,1542.0125325520833,454.9413363138835,1592.0374552408855,0.0,0.0
75,79,111.766845703125,370.0830078125,126.62278747558594,382.0889892578125,Ocz,8,0,2,712,,Desmaziera,,,,author_8_0,,,,,465.6951904296875,1542.0125325520833,527.5949478149414,1592.0374552408855,0.0,0.0
76,80,27.84000015258789,379.6830139160156,69.57543182373047,391.6889953613281,Dictamnus,9,0,0,712,Dictamnus,Dictamnus,,,,,,,genus,,116.00000063578288,1582.0125579833984,289.89763259887695,1632.0374806722004,0.0,1.0
77,81,41.52000045776367,389.76300048828125,61.50700378417969,401.76898193359375,albus,10,0,0,712,Dictamnus,Dictamnus,albus,Dictamnus_albus_10_0,L. ,,,,species,,173.00000190734863,1624.0125020345051,256.27918243408203,1674.0374247233074,0.0,0.0
78,82,65.65510559082031,389.76300048828125,73.59292602539062,401.76898193359375,L.,10,0,1,712,,Dictamnus,,,,author_10_0,,,,,273.5629399617513,1624.0125020345051,306.63719177246094,1674.0374247233074,0.0,0.0
79,83,39.36000061035156,399.552001953125,70.47200012207031,409.32000732421875,fraxinella,10,1,0,712,Dictamnus,Dictamnus,fraxinella,Dictamnus_fraxinella_10_1,,,,,species,,164.0000025431315,1664.8000081380208,293.63333384195965,1705.5000305175781,0.0,0.0
80,84,78.87116241455078,398.7359924316406,96.80205535888672,409.4079895019531,Pers.,10,2,0,712,,,,,,,,,,True,328.6298433939616,1661.3999684651692,403.34189732869464,1705.8666229248047,0.0,2.0
81,85,27.600000381469727,410.11199951171875,59.152000427246094,419.8800048828125,Didesmus,11,0,0,712,Didesmus,Didesmus,,,,,,,genus,,115.0000015894572,1708.7999979654949,246.46666844685873,1749.500020345052,0.0,1.0
82,86,41.7599983215332,419.7120056152344,70.65599060058594,429.4800109863281,rostratus,12,0,0,712,Didesmus,Didesmus,rostratus,Didesmus_rostratus_12_0,Boiss. ,,,,species,,173.99999300638834,1748.8000233968098,294.3999608357747,1789.5000457763672,0.0,0.0
83,87,74.69046783447266,418.89599609375,95.60008239746094,429.5679931640625,Boiss.,12,0,1,712,,Didesmus,,,,author_12_0,,,,,311.21028264363605,1745.3999837239583,398.3336766560872,1789.8666381835938,0.0,0.0
84,88,28.559999465942383,426.9630126953125,67.4075927734375,438.968994140625,Diplotaxis,13,0,0,712,Diplotaxis,Diplotaxis,,,,,,,genus,,118.99999777475993,1779.0125528971355,280.86496988932294,1829.0374755859375,0.0,1.0
85,90,41.7599983215332,436.56298828125,77.25743865966797,448.5689697265625,erucoides,14,0,0,712,Diplotaxis,Diplotaxis,erucoides,Diplotaxis_erucoides_14_0,(L.) D.C. ,,,,species,,173.99999300638834,1819.012451171875,321.9059944152832,1869.037373860677,0.0,0.0
86,91,82.1074447631836,436.56298828125,96.11991119384766,448.5689697265625,(L.),14,0,1,712,,Diplotaxis,,,,author_14_0,,,,,342.11435317993164,1819.012451171875,400.49962997436523,1869.037373860677,0.0,0.0
87,92,100.96992492675781,436.56298828125,119.19384765625,448.5689697265625,D.C.,14,0,2,712,,Diplotaxis,,,,author_14_0,,,,,420.70802052815753,1819.012451171875,496.6410319010417,1869.037373860677,0.0,0.0
88,93,41.52000045776367,446.40301513671875,61.91993713378906,458.40899658203125,harra,14,1,0,712,Diplotaxis,Diplotaxis,harra,Diplotaxis_harra_14_1,(Forssk.) Boiss. ,,,,species,,173.00000190734863,1860.0125630696614,257.9997380574544,1910.0374857584636,0.0,0.0
89,94,66.7046127319336,446.40301513671875,98.66874694824219,458.40899658203125,(Forssk.),14,1,1,712,,Diplotaxis,,,,author_14_1,,,,,277.93588638305664,1860.0125630696614,411.1197789510091,1910.0374857584636,0.0,0.0
90,95,103.45342254638672,446.40301513671875,124.95326232910156,458.40899658203125,Boiss.,14,1,2,712,,Diplotaxis,,,,author_14_1,,,,,431.0559272766113,1860.0125630696614,520.6385930379232,1910.0374857584636,0.0,0.0
91,96,41.7599983215332,456.4830322265625,76.94558715820312,468.489013671875,tenuifolia,14,2,0,712,Diplotaxis,Diplotaxis,tenuifolia,Diplotaxis_tenuifolia_14_2,(L.) D.Ç. ,,,,species,,173.99999300638834,1902.0126342773438,320.6066131591797,1952.0375569661458,0.0,0.0
92,97,82.38068389892578,456.4830322265625,96.2149429321289,468.489013671875,(L.),14,2,1,712,,Diplotaxis,,,,author_14_2,,,,,343.2528495788574,1902.0126342773438,400.8955955505371,1952.0375569661458,0.0,0.0
93,98,101.92207336425781,456.4830322265625,119.91092681884766,468.489013671875,D.Ç.,14,2,2,712,,Diplotaxis,,,,author_14_2,,,,,424.67530568440753,1902.0126342773438,499.62886174519855,1952.0375569661458,0.0,0.0
94,99,41.279998779296875,465.60302734375,71.46708679199219,477.6090087890625,viminea,14,3,0,712,Diplotaxis,Diplotaxis,viminea,Diplotaxis_viminea_14_3,(L.) D.C. ,,,,species,,171.99999491373697,1940.0126139322917,297.77952829996747,1990.0375366210938,0.0,0.0
95,100,75.9408950805664,465.60302734375,89.77515411376953,477.6090087890625,(L.),14,3,1,712,,Diplotaxis,,,,author_14_3,,,,,316.4203961690267,1940.0126139322917,374.06314214070636,1990.0375366210938,0.0,0.0
96,101,94.24896240234375,465.60302734375,112.47288513183594,477.6090087890625,D.C.,14,3,2,712,,Diplotaxis,,,,author_14_3,,,,,392.7040100097656,1940.0126139322917,468.6370213826497,1990.0375366210938,0.0,0.0
97,102,28.31999969482422,475.6830139160156,88.98699188232422,487.6889953613281,Diptychocarpus,15,0,0,712,Diptychocarpus,Diptychocarpus,,,,,,,genus,,117.99999872843425,1982.0125579833984,370.7791328430176,2032.0374806722004,0.0,1.0
98,103,41.52000045776367,485.76300048828125,68.49453735351562,497.76898193359375,strictus,16,0,0,712,Diptychocarpus,Diptychocarpus,strictus,Diptychocarpus_strictus_16_0,(Fisch. et Mey.) Trautv. ,,,,species,,173.00000190734863,2024.0125020345051,285.39390563964844,2074.037424723307,0.0,0.0
99,104,73.51878356933594,485.76300048828125,98.58558654785156,497.76898193359375,(Fisch.,16,0,1,712,,Diptychocarpus,,,,author_16_0,,,,,306.3282648722331,2024.0125020345051,410.77327728271484,2074.037424723307,0.0,0.0
100,105,103.10790252685547,485.76300048828125,109.77654266357422,497.76898193359375,et,16,0,2,712,,Diptychocarpus,,,,author_16_0,,,,,429.61626052856445,2024.0125020345051,457.4022610982259,2074.037424723307,0.0,0.0
101,106,113.79693603515625,485.76300048828125,136.07192993164062,497.76898193359375,Mey.),16,0,3,712,,Diptychocarpus,,,,author_16_0,,,,,474.1539001464844,2024.0125020345051,566.9663747151693,2074.037424723307,0.0,0.0
102,107,140.8447265625,485.76300048828125,169.83192443847656,497.76898193359375,Trautv.,16,0,4,712,,Diptychocarpus,,,,author_16_0,,,,,586.85302734375,2024.0125020345051,707.6330184936523,2074.037424723307,0.0,0.0
103,108,27.600000381469727,496.281005859375,60.0989990234375,507.2699890136719,Dolichos,17,0,0,712,Dolichos,Dolichos,,,,,,,genus,,115.0000015894572,2067.8375244140625,250.4124959309896,2113.624954223633,0.0,1.0
104,109,41.279998779296875,505.4010314941406,69.77672576904297,516.3900146484375,luteolus,18,0,0,712,Dolichos,Dolichos,luteolus,Dolichos_luteolus_18_0,Jacqu. ,,,,species,,171.99999491373697,2105.837631225586,290.7363573710124,2151.6250610351562,0.0,0.0
105,110,71.27639770507812,504.4830322265625,97.20369720458984,516.489013671875,Jacqu.,18,0,1,712,,Dolichos,,,,author_18_0,,,,,296.9849904378255,2102.0126342773438,405.01540501912433,2152.037556966146,0.0,0.0
106,111,27.600000381469727,515.0009765625,57.09300231933594,525.989990234375,Dorema,19,0,0,712,Dorema,Dorema,,,,,,,genus,,115.0000015894572,2145.83740234375,237.88750966389975,2191.624959309896,0.0,1.0
107,112,41.279998779296875,524.6010131835938,70.78199768066406,535.5900268554688,meifolia,20,0,0,712,Dorema,Dorema,meifolia,Dorema_meifolia_20_0,Fenzl ,,,,species,,171.99999491373697,2185.8375549316406,294.9249903361003,2231.6251118977866,0.0,0.0
108,113,72.93399810791016,523.6830444335938,93.77999877929688,535.6890258789062,Fenzl,20,0,1,712,,Dorema,,,,author_20_0,,,,,303.891658782959,2182.012685139974,390.749994913737,2232.037607828776,0.0,0.0
109,114,27.84000015258789,533.5230102539062,70.61888122558594,545.5289916992188,Dorycnium,21,0,0,712,Dorycnium,Dorycnium,,,,,,,genus,,116.00000063578288,2223.0125427246094,294.2453384399414,2273.0374654134116,0.0,1.0
110,115,41.52000045776367,543.3629760742188,83.8068618774414,555.3689575195312,anatolicum,22,0,0,712,Dorycnium,Dorycnium,anatolicum,Dorycnium_anatolicum_22_0,Boiss. ,,,,species,,173.00000190734863,2264.0124003092446,349.19525782267254,2314.037322998047,0.0,0.0
111,116,88.3331527709961,543.3629760742188,109.83299255371094,555.3689575195312,Boiss.,22,0,1,712,,Dorycnium,,,,author_22_0,,,,,368.0548032124837,2264.0124003092446,457.6374689737956,2314.037322998047,0.0,0.0
112,117,41.279998779296875,552.9630126953125,92.14601135253906,564.968994140625,hausskfiechtii,22,1,0,712,Dorycnium,Dorycnium,hausskfiechtii,Dorycnium_hausskfiechtii_22_1,Boiss. ,,,,species,,171.99999491373697,2304.0125528971353,383.9417139689128,2354.0374755859375,0.0,0.0
113,118,96.73268127441406,552.9630126953125,118.2325210571289,564.968994140625,Boiss.,22,1,1,712,,Dorycnium,,,,author_22_1,,,,,403.0528386433919,2304.0125528971353,492.6355044047038,2354.0374755859375,0.0,0.0
114,119,41.279998779296875,562.56298828125,75.42410278320312,574.5689697265625,hirsutum,22,2,0,712,Dorycnium,Dorycnium,hirsutum,Dorycnium_hirsutum_22_2,(L.) Ser. ,,,,species,,171.99999491373697,2344.012451171875,314.267094930013,2394.0373738606772,0.0,0.0
115,120,80.3869857788086,562.56298828125,94.22124481201172,574.5689697265625,(L.),22,2,1,712,,Dorycnium,,,,author_22_2,,,,,334.94577407836914,2344.012451171875,392.5885200500488,2394.0373738606772,0.0,0.0
116,121,99.44646453857422,562.56298828125,113.913330078125,574.5689697265625,Ser.,22,2,2,712,,Dorycnium,,,,author_22_2,,,,,414.3602689107259,2344.012451171875,474.6388753255208,2394.0373738606772,0.0,0.0
117,122,41.52000045776367,574.0320434570312,79.74400329589844,583.7999877929688,libanoticum,22,3,0,712,Dorycnium,Dorycnium,libanoticum,Dorycnium_libanoticum_22_3,Boiss. ,,,,species,,173.00000190734863,2391.8001810709634,332.26668039957684,2432.4999491373696,0.0,0.0
118,123,84.65143585205078,573.2160034179688,105.68299102783203,583.8880004882812,Boiss.,22,3,1,712,,Dorycnium,,,,author_22_3,,,,,352.7143160502116,2388.4000142415366,440.3457959493001,2432.866668701172,0.0,0.0
119,124,41.279998779296875,581.7630004882812,68.01296997070312,593.7689819335938,rectum,22,4,0,712,Dorycnium,Dorycnium,rectum,Dorycnium_rectum_22_4,(L.) Ser. ,,,,species,,171.99999491373697,2424.0125020345054,283.3873748779297,2474.037424723307,0.0,0.0
120,125,72.51053619384766,581.7630004882812,86.34479522705078,593.7689819335938,(L.),22,4,1,712,,Dorycnium,,,,author_22_4,,,,,302.1272341410319,2424.0125020345054,359.7699801127116,2474.037424723307,0.0,0.0
121,126,91.10768127441406,581.7630004882812,105.75275421142578,593.7689819335938,Ser.,22,4,2,712,,Dorycnium,,,,author_22_4,,,,,379.6153386433919,2424.0125020345054,440.63647588094074,2474.037424723307,0.0,0.0
122,127,28.079999923706055,591.843017578125,51.637054443359375,603.8489990234375,Draba,23,0,0,712,Draba,Draba,,,,,,,genus,,116.99999968210857,2466.0125732421875,215.1543935139974,2516.0374959309897,0.0,1.0
123,128,41.279998779296875,600.9630126953125,75.86168670654297,612.968994140625,oxycarpa,24,0,0,712,Draba,Draba,oxycarpa,Draba_oxycarpa_24_0,Boiss. ,,,,species,,171.99999491373697,2504.0125528971353,316.0903612772624,2554.0374755859375,0.0,0.0
124,129,79.45242309570312,600.9630126953125,100.95226287841797,612.968994140625,Boiss.,24,0,1,712,,Draba,,,,author_24_0,,,,,331.051762898763,2504.0125528971353,420.6344286600749,2554.0374755859375,0.0,0.0
125,204,248.16000366210938,52.511993408203125,273.6703186035156,62.27999496459961,praecox,47,0,0,712,Draba,Draba,praecox,Draba_praecox_47_0,Stev. ,,,,species,,1034.000015258789,218.7999725341797,1140.2929941813152,259.49997901916504,1.0,3.0
126,205,277.9759826660156,51.69599533081055,296.2447204589844,62.36799621582031,Stev.,47,0,1,712,,Draba,,,,author_47_0,,,,,1158.2332611083984,215.39998054504395,1234.3530019124348,259.8666508992513,1.0,3.0
127,206,249.36000061035156,61.631988525390625,267.3938293457031,71.39999389648438,verna,47,1,0,712,Draba,Draba,verna,Draba_verna_47_1,L. ,,,,species,,1039.0000025431316,256.7999521891276,1114.1409556070964,297.4999745686849,1.0,3.0
128,207,271.26373291015625,60.81599044799805,278.4818420410156,71.48799133300781,L.,47,1,1,712,,Draba,,,,author_47_1,,,,,1130.2655537923176,253.39996019999185,1160.3410085042317,297.8666305541992,1.0,3.0
129,208,249.1199951171875,69.60301971435547,285.1075134277344,81.60901641845703,versicaria,47,2,0,712,Draba,Draba,versicaria,Draba_versicaria_47_2,Desv. ,,,,species,,1037.999979654948,290.01258214314777,1187.9479726155598,340.0375684102376,1.0,3.0
130,209,289.6229248046875,69.60301971435547,310.4732971191406,81.60901641845703,Desv.,47,2,1,712,,Draba,,,,author_47_2,,,,,1206.762186686198,290.01258214314777,1293.6387379964192,340.0375684102376,1.0,3.0
131,210,235.9199981689453,79.20299530029297,273.36480712890625,91.20899200439453,Drabopsis,48,0,0,712,Drabopsis,Drabopsis,,,,,,,genus,,982.9999923706055,330.0124804178874,1139.0200297037761,380.03746668497723,1.0,4.0
132,211,249.1199951171875,89.72103118896484,266.9399719238281,100.71002960205078,nuda,49,0,0,712,Drabopsis,Drabopsis,nuda,Drabopsis_nuda_49_0,(Bel.) Stapf ,,,,species,,1037.999979654948,373.8376299540202,1112.2498830159504,419.62512334187824,1.0,3.0
133,212,270.57525634765625,88.80303192138672,290.53863525390625,100.80902862548828,(Bel.),49,0,1,712,,Drabopsis,,,,author_49_0,,,,,1127.3969014485676,370.012633005778,1210.5776468912761,420.03761927286786,1.0,3.0
134,213,294.364990234375,88.80303192138672,313.7323913574219,100.80902862548828,Stapf,49,0,2,712,,Drabopsis,,,,author_49_0,,,,,1226.5207926432292,370.012633005778,1307.218297322591,420.03761927286786,1.0,3.0
135,214,248.8800048828125,98.88298797607422,269.9600830078125,110.88898468017578,verna,49,1,0,712,Drabopsis,Drabopsis,verna,Drabopsis_verna_49_1,G- Koch ,,,,species,,1037.000020345052,412.01244990030926,1124.8336791992188,462.0374361673991,1.0,3.0
136,215,273.84600830078125,98.88298797607422,282.99273681640625,110.88898468017578,G-,49,1,1,712,,Drabopsis,,,,author_49_1,,,,,1141.0250345865886,412.01244990030926,1179.1364034016926,462.0374361673991,1.0,3.0
137,216,287.36456298828125,98.88298797607422,307.7328186035156,110.88898468017578,Koch,49,1,2,712,,Drabopsis,,,,author_49_1,,,,,1197.3523457845051,412.01244990030926,1282.2200775146484,462.0374361673991,1.0,3.0
138,217,235.1999969482422,108.68099212646484,273.1980285644531,119.66999053955078,Drosanthe,50,0,0,712,Drosanthe,Drosanthe,,,,,,,genus,,979.9999872843424,452.8374671936035,1138.3251190185547,498.6249605814616,1.0,4.0
139,218,248.8800048828125,118.52098846435547,307.5935974121094,129.50997924804688,helianthemoides,51,0,0,712,Drosanthe,Drosanthe,helianthemoides,Drosanthe_helianthemoides_51_0,Jaub. et Spach ,,,,species,,1037.000020345052,493.83745193481445,1281.6399892171223,539.6249135335287,1.0,3.0
140,219,309.093994140625,117.60298919677734,330.81793212890625,129.60899353027344,Jaub.,51,0,1,712,,Drosanthe,,,,author_51_0,,,,,1287.8916422526042,490.01245498657227,1378.4080505371094,540.037473042806,1.0,3.0
141,220,332.3183288574219,117.60298919677734,339.0482482910156,129.60899353027344,et,51,0,2,712,,Drosanthe,,,,author_51_0,,,,,1384.659703572591,490.01245498657227,1412.7010345458984,540.037473042806,1.0,3.0
142,221,340.54864501953125,117.60298919677734,363.27911376953125,129.60899353027344,Spach,51,0,3,712,,Drosanthe,,,,author_51_0,,,,,1418.9526875813801,490.01245498657227,1513.6629740397136,540.037473042806,1.0,3.0
143,222,235.67999267578125,127.6830062866211,264.9790344238281,139.6890106201172,Drosera,52,0,0,712,Drosera,Drosera,,,,,,,genus,,981.9999694824219,532.0125261942545,1104.079310099284,582.0375442504883,1.0,4.0
144,223,249.1199951171875,136.80299377441406,293.033447265625,148.8090057373047,rotundifolia,53,0,0,712,Drosera,Drosera,rotundifolia,Drosera_rotundifolia_53_0,L. ,,,,species,,1037.999979654948,570.0124740600586,1220.9726969401042,620.0375239054362,1.0,3.0
145,224,298.6744689941406,136.80299377441406,306.6330871582031,148.8090057373047,L.,53,0,1,712,,Drosera,,,,author_53_0,,,,,1244.4769541422527,570.0124740600586,1277.6378631591797,620.0375239054362,1.0,3.0
146,225,235.67999267578125,145.92298889160156,305.96197509765625,157.9290008544922,DROSERACEAE,54,0,0,712,,,,,,,,,,,981.9999694824219,608.0124537150065,1274.8415629069011,658.0375035603842,1.0,4.0
147,226,235.67999267578125,156.0030059814453,275.4720764160156,168.00901794433594,Dryopteris,54,1,0,712,Dryopteris,Dryopteris,,,,,,,genus,,981.9999694824219,650.0125249226888,1147.8003184000652,700.0375747680664,1.0,4.0
148,227,248.63999938964844,166.04100036621094,279.3260498046875,177.02999877929688,aculeata,55,0,0,712,Dryopteris,Dryopteris,aculeata,Dryopteris_aculeata_55_0,(L.) O. Kuntze ,,,,species,,1035.9999974568684,691.8375015258789,1163.8585408528645,737.6249949137369,1.0,3.0
149,228,282.4207763671875,165.1230010986328,296.4332580566406,177.12901306152344,(L.),55,0,1,712,,Dryopteris,,,,author_55_0,,,,,1176.7532348632812,688.0125045776367,1235.1385752360027,738.0375544230143,1.0,3.0
150,229,299.52813720703125,165.1230010986328,308.7541198730469,177.12901306152344,O.,55,0,2,712,,Dryopteris,,,,author_55_0,,,,,1248.0339050292969,688.0125045776367,1286.4754994710286,738.0375544230143,1.0,3.0
151,230,311.8488464355469,165.1230010986328,339.8579406738281,177.12901306152344,Kuntze,55,0,3,712,,Dryopteris,,,,author_55_0,,,,,1299.3701934814453,688.0125045776367,1416.0747528076172,738.0375544230143,1.0,3.0
152,231,248.8800048828125,175.64100646972656,285.0189208984375,186.6300048828125,libanotica,55,1,0,712,Dryopteris,Dryopteris,libanotica,Dryopteris_libanotica_55_1,(Ros.) Christ. ,,,,species,,1037.000020345052,731.837526957194,1187.578837076823,777.6250203450521,1.0,3.0
153,232,287.8275451660156,174.72300720214844,310.2193603515625,186.72901916503906,(Ros.),55,1,1,712,,Dryopteris,,,,author_55_1,,,,,1199.2814381917317,728.0125300089518,1292.5806681315105,778.0375798543295,1.0,3.0
154,233,313.1764831542969,174.72300720214844,338.3116149902344,186.72901916503906,Christ.,55,1,2,712,,Dryopteris,,,,author_55_1,,,,,1304.9020131429036,728.0125300089518,1409.6317291259766,778.0375798543295,1.0,3.0
155,234,248.63999938964844,184.80299377441406,274.52056884765625,196.8090057373047,pallida,55,2,0,712,Dryopteris,Dryopteris,pallida,Dryopteris_pallida_55_2,(Bory) Fomin ,,,,species,,1035.9999974568684,770.0124740600586,1143.8357035319011,820.0375239054362,1.0,3.0
156,235,279.1359558105469,184.80299377441406,302.59796142578125,196.8090057373047,(Bory),55,2,1,712,,Dryopteris,,,,author_55_2,,,,,1163.0664825439453,770.0124740600586,1260.8248392740886,820.0375239054362,1.0,3.0
157,236,307.2129821777344,184.80299377441406,331.7249755859375,196.8090057373047,Fomin,55,2,2,712,,Dryopteris,,,,author_55_2,,,,,1280.0540924072266,770.0124740600586,1382.1873982747395,820.0375239054362,1.0,3.0
158,237,248.63999938964844,194.8409881591797,273.1470642089844,205.82998657226562,villarii,55,3,0,712,Dryopteris,Dryopteris,villarii,Dryopteris_villarii_55_3,(Thell.) Woynar ,,,,species,,1035.9999974568684,811.8374506632487,1138.1127675374348,857.6249440511068,1.0,3.0
159,238,276.7100524902344,193.92298889160156,305.2200927734375,205.9290008544922,(Thell.),55,3,1,712,,Dryopteris,,,,author_55_3,,,,,1152.9585520426433,808.0124537150065,1271.7503865559895,858.0375035603842,1.0,3.0
160,239,308.7831115722656,193.92298889160156,339.0661926269531,205.9290008544922,Woynar,55,3,2,712,,Dryopteris,,,,author_55_3,,,,,1286.5962982177734,808.0124537150065,1412.7758026123047,858.0375035603842,1.0,3.0
161,240,235.1999969482422,204.4829864501953,268.5501403808594,216.48899841308594,Ducrosia,56,0,0,712,Ducrosia,Ducrosia,,,,,,,genus,,979.9999872843424,852.0124435424805,1118.9589182535808,902.037493387858,1.0,4.0
162,241,248.63999938964844,213.6029815673828,288.0845642089844,225.60899353027344,anethifolia,57,0,0,712,Ducrosia,Ducrosia,anethifolia,Ducrosia_anethifolia_57_0,D.C. ,,,,species,,1035.9999974568684,890.0124231974283,1200.3523508707683,940.037473042806,1.0,3.0
163,242,294.1617736816406,213.6029815673828,312.150634765625,225.60899353027344,D.C.,57,0,1,712,,Ducrosia,,,,author_57_0,,,,,1225.674057006836,890.0124231974283,1300.6276448567708,940.037473042806,1.0,3.0
164,243,248.39999389648438,223.20298767089844,289.9260559082031,235.20899963378906,flabellifolia,57,1,0,712,Ducrosia,Ducrosia,flabellifolia,Ducrosia_flabellifolia_57_1,Boiss. ,,,,species,,1034.9999745686848,930.0124486287435,1208.0252329508464,980.0374984741211,1.0,3.0
165,244,294.69586181640625,223.20298767089844,315.9927673339844,235.20899963378906,Boiss.,57,1,1,712,,Ducrosia,,,,author_57_1,,,,,1227.8994242350261,930.0124486287435,1316.6365305582683,980.0374984741211,1.0,3.0
166,246,234.9600067138672,255.6029815673828,283.60858154296875,267.6089782714844,Echinophora,59,0,0,712,Echinophora,Echinophora,,,,,,,genus,,979.0000279744467,1065.0124231974285,1181.7024230957031,1115.0374094645183,1.0,4.0
167,248,248.39999389648438,267.0719909667969,288.886962890625,276.8399963378906,sibthorpiana,60,0,0,712,Echinophora,Echinophora,sibthorpiana,Echinophora_sibthorpiana_60_0,Guss. ,,,,species,,1034.9999745686848,1112.7999623616536,1203.6956787109375,1153.499984741211,1.0,3.0
168,249,294.1686096191406,266.2559814453125,314.24188232421875,276.927978515625,Guss.,60,0,1,712,,Echinophora,,,,author_60_0,,,,,1225.7025400797527,1109.399922688802,1309.3411763509114,1153.8665771484375,1.0,3.0
169,250,248.63999938964844,274.8030090332031,283.39794921875,286.8089904785156,tenuifolia,60,1,0,712,Echinophora,Echinophora,tenuifolia,Echinophora_tenuifolia_60_1,L. ,,,,species,,1035.9999974568684,1145.0125376383464,1180.8247884114583,1195.0374603271484,1.0,3.0
170,251,287.9826354980469,274.8030090332031,295.8323669433594,286.8089904785156,L.,60,1,1,712,,Echinophora,,,,author_60_1,,,,,1199.9276479085286,1145.0125376383464,1232.6348622639973,1195.0374603271484,1.0,3.0
171,252,234.9600067138672,284.16302490234375,310.1733093261719,296.16900634765625,ELAEAGNACEAE,61,0,0,712,,,,,,,,,,,979.0000279744467,1184.0126037597656,1292.3887888590496,1234.0375264485676,1.0,4.0
172,254,235.78750610351562,294.0030212402344,275.02752685546875,306.0090026855469,Elaeagtlus,62,0,0,712,Elaeagtlus,Elaeagtlus,,,,,,,genus,,982.4479420979818,1225.0125885009766,1145.9480285644531,1275.0375111897786,1.0,4.0
173,255,248.63999938964844,303.6029968261719,291.475341796875,315.6089782714844,angustifolia,63,0,0,712,Elaeagtlus,Elaeagtlus,angustifolia,Elaeagtlus_angustifolia_63_0,L. ,,,,species,,1035.9999974568684,1265.012486775716,1214.4805908203125,1315.0374094645183,1.0,3.0
174,256,298.00341796875,303.6029968261719,305.91351318359375,315.6089782714844,L.,63,0,1,712,,Elaeagtlus,,,,author_63_0,,,,,1241.680908203125,1265.012486775716,1274.6396382649739,1315.0374094645183,1.0,3.0
175,257,248.39999389648438,315.0719909667969,277.4425964355469,324.8399963378906,hortensis,63,1,0,712,Elaeagtlus,Elaeagtlus,hortensis,Elaeagtlus_hortensis_63_1,Bieb. ,,,,species,,1034.9999745686848,1312.7999623616536,1156.0108184814453,1353.499984741211,1.0,3.0
176,258,280.9432373046875,314.2559814453125,300.0819396972656,324.927978515625,Bieb.,63,1,1,712,,Elaeagtlus,,,,author_63_1,,,,,1170.5968221028645,1309.399922688802,1250.3414154052734,1353.8665771484375,1.0,3.0
177,259,234.72000122070312,324.6719970703125,270.7200012207031,334.44000244140625,Elaeosticta,64,0,0,712,Elaeosticta,Elaeosticta,,,,,,,genus,,978.0000050862631,1352.7999877929688,1128.000005086263,1393.5000101725261,1.0,4.0
178,260,248.63999938964844,334.2720031738281,274.6017150878906,344.0400085449219,meifolia,65,0,0,712,Elaeosticta,Elaeosticta,meifolia,Elaeosticta_meifolia_65_0,Fenzl. ,,,,species,,1035.9999974568684,1392.800013224284,1144.173812866211,1433.500035603841,1.0,3.0
179,261,280.490234375,333.45599365234375,303.20184326171875,344.12799072265625,Fenzl.,65,0,1,712,,Elaeosticta,,,,author_65_0,,,,,1168.7093098958333,1389.3999735514324,1263.3410135904949,1433.8666280110676,1.0,3.0
180,262,235.1999969482422,341.76300048828125,301.2695617675781,353.76898193359375,ELATINACEAE,66,0,0,712,,,,,,,,,,,979.9999872843424,1424.0125020345051,1255.2898406982422,1474.0374247233074,1.0,4.0
181,263,235.1999969482422,351.6029968261719,262.0398864746094,363.6089782714844,Elatine,66,1,0,712,Elatine,Elatine,,,,,,,genus,,979.9999872843424,1465.012486775716,1091.8328603108723,1515.0374094645183,1.0,4.0
182,264,248.39999389648438,362.8320007324219,299.0559997558594,372.6000061035156,campylosperma,67,0,0,712,Elatine,Elatine,campylosperma,Elatine_campylosperma_67_0,Seub. ,,,,species,,1034.9999745686848,1511.8000030517578,1246.066665649414,1552.5000254313152,1.0,3.0
183,265,302.9625244140625,362.0159912109375,323.6020812988281,372.68798828125,Seub.,67,0,1,712,,Elatine,,,,author_67_0,,,,,1262.3438517252605,1508.3999633789062,1348.342005411784,1552.8666178385417,1.0,3.0
184,266,248.39999389648438,370.5630187988281,290.61663818359375,382.5690002441406,macropoda,67,1,0,712,Elatine,Elatine,macropoda,Elatine_macropoda_67_1,Guss. ,,,,species,,1034.9999745686848,1544.0125783284504,1210.9026590983074,1594.0375010172527,1.0,3.0
185,267,295.65771484375,370.5630187988281,316.2319030761719,382.5690002441406,Guss.,67,1,1,712,,Elatine,,,,author_67_1,,,,,1231.9071451822917,1544.0125783284504,1317.6329294840496,1594.0375010172527,1.0,3.0
186,268,234.72000122070312,380.16302490234375,293.9775390625,392.16900634765625,Enarthrocarpus,68,0,0,712,Enarthrocarpus,Enarthrocarpus,,,,,,,genus,,978.0000050862631,1584.0126037597656,1224.9064127604167,1634.0375264485676,1.0,4.0
187,269,248.39999389648438,389.76300048828125,280.2364196777344,401.76898193359375,arcuatus,69,0,0,712,Enarthrocarpus,Enarthrocarpus,arcuatus,Enarthrocarpus_arcuatus_69_0,Lab. ,,,,species,,1034.9999745686848,1624.0125020345051,1167.6517486572266,1674.0374247233074,1.0,3.0
188,270,284.6983642578125,389.76300048828125,302.3134765625,401.76898193359375,Lab.,69,0,1,712,,Enarthrocarpus,,,,author_69_0,,,,,1186.243184407552,1624.0125020345051,1259.6394856770833,1674.0374247233074,1.0,3.0
189,271,248.39999389648438,399.3630065917969,273.918212890625,411.3689880371094,lyratus,69,1,0,712,Enarthrocarpus,Enarthrocarpus,lyratus,Enarthrocarpus_lyratus_69_1,(Forssk.) Boiss. ,,,,species,,1034.9999745686848,1664.0125274658203,1141.3258870442708,1714.0374501546223,1.0,3.0
190,272,278.88702392578125,399.3630065917969,310.6373596191406,411.3689880371094,(Forssk.),69,1,1,712,,Enarthrocarpus,,,,author_69_1,,,,,1162.0292663574219,1664.0125274658203,1294.3223317464192,1714.0374501546223,1.0,3.0
191,273,315.1329345703125,399.3630065917969,336.6327819824219,411.3689880371094,Boiss.,69,1,2,712,,Enarthrocarpus,,,,author_69_1,,,,,1313.0538940429688,1664.0125274658203,1402.6365915934246,1714.0374501546223,1.0,3.0
192,274,234.72000122070312,408.9630126953125,266.8791809082031,420.968994140625,Ephedra,70,0,0,712,Ephedra,Ephedra,,,,,,,genus,,978.0000050862631,1704.0125528971355,1111.996587117513,1754.0374755859375,1.0,4.0
193,275,248.16000366210938,419.4809875488281,266.66400146484375,430.469970703125,alata,71,0,0,712,Ephedra,Ephedra,alata,Ephedra_alata_71_0,Decne ,,,,species,,1034.000015258789,1747.8374481201172,1111.1000061035156,1793.6248779296875,1.0,3.0
194,276,269.672607421875,418.56298828125,293.05841064453125,430.5689697265625,Decne,71,0,1,712,,Ephedra,,,,author_71_0,,,,,1123.6358642578125,1744.012451171875,1221.0767110188801,1794.037373860677,1.0,3.0
195,277,248.16000366210938,429.0810241699219,261.5250244140625,440.07000732421875,alte,71,1,0,712,Ephedra,Ephedra,alte,Ephedra_alte_71_1,CA. Mey.. ,,,,species,,1034.000015258789,1787.8376007080078,1089.6876017252605,1833.6250305175781,1.0,3.0
196,278,265.1054382324219,428.16302490234375,281.76544189453125,440.16900634765625,CA.,71,1,1,712,,Ephedra,,,,author_71_1,,,,,1104.605992635091,1784.0126037597656,1174.0226745605469,1834.0375264485676,1.0,3.0
197,279,286.06005859375,428.16302490234375,309.0330505371094,440.16900634765625,Mey..,71,1,2,712,,Ephedra,,,,author_71_1,,,,,1191.9169108072917,1784.0126037597656,1287.637710571289,1834.0375264485676,1.0,3.0
198,280,248.16000366210938,437.76300048828125,287.1016845703125,449.76898193359375,transitoria,71,2,0,712,Ephedra,Ephedra,transitoria,Ephedra_transitoria_71_2,Riedl ,,,,species,,1034.000015258789,1824.0125020345051,1196.2570190429688,1874.0374247233074,1.0,3.0
199,281,291.43267822265625,437.76300048828125,312.1796875,449.76898193359375,Riedl,71,2,1,712,,Ephedra,,,,author_71_2,,,,,1214.3028259277344,1824.0125020345051,1300.7486979166667,1874.0374247233074,1.0,3.0
200,282,234.47999572753906,447.3630065917969,274.4037170410156,459.3689880371094,Epilobium,72,0,0,712,Epilobium,Epilobium,,,,,,,genus,,976.9999821980795,1864.0125274658203,1143.3488210042317,1914.0374501546223,1.0,4.0
201,283,247.9199981689453,457.6410217285156,279.2781982421875,468.6300048828125,adnatum,73,0,0,712,Epilobium,Epilobium,adnatum,Epilobium_adnatum_73_0,Gmel. ,,,,species,,1032.9999923706055,1906.8375905354817,1163.659159342448,1952.625020345052,1.0,3.0
202,284,280.778564453125,456.7230224609375,303.9362487792969,468.72900390625,Gmel.,73,0,1,712,,Epilobium,,,,author_73_0,,,,,1169.9106852213542,1903.0125935872395,1266.4010365804036,1953.0375162760417,1.0,3.0
203,285,247.9199981689453,467.2409973144531,290.6543884277344,478.22998046875,alsinifolium,73,1,0,712,Epilobium,Epilobium,alsinifolium,Epilobium_alsinifolium_73_1,Vill. ,,,,species,,1032.9999923706055,1946.8374888102214,1211.0599517822266,1992.6249186197917,1.0,3.0
204,286,292.3098449707031,466.322998046875,309.2711181640625,478.3289794921875,Vill.,73,1,1,712,,Epilobium,,,,author_73_1,,,,,1217.9576873779297,1943.0124918619792,1288.629659016927,1993.0374145507812,1.0,3.0
205,287,248.16000366210938,475.9230041503906,299.3520812988281,487.9289855957031,angustifolium,73,2,0,712,Epilobium,Epilobium,angustifolium,Epilobium_angustifolium_73_2,L. ,,,,species,,1034.000015258789,1983.0125172932942,1247.3003387451172,2033.0374399820964,1.0,3.0
206,288,304.708984375,475.9230041503906,312.6329650878906,487.9289855957031,L.,73,2,1,712,,Epilobium,,,,author_73_2,,,,,1269.6207682291667,1983.0125172932942,1302.6373545328777,2033.0374399820964,1.0,3.0
207,289,247.44000244140625,487.6319885253906,287.87200927734375,497.3999938964844,gemmascens,73,3,0,712,Epilobium,Epilobium,gemmascens,Epilobium_gemmascens_73_3,C.A. Mey. ,,,,species,,1031.0000101725261,2031.7999521891277,1199.4667053222656,2072.499974568685,1.0,3.0
208,290,291.7191467285156,486.81597900390625,308.29571533203125,497.48797607421875,C.A.,73,3,1,712,,Epilobium,,,,author_73_3,,,,,1215.4964447021484,2028.3999125162761,1284.5654805501301,2072.8665669759116,1.0,3.0
209,291,312.9130554199219,486.81597900390625,331.7626647949219,497.48797607421875,Mey.,73,3,2,712,,Epilobium,,,,author_73_3,,,,,1303.8043975830078,2028.3999125162761,1382.3444366455078,2072.8665669759116,1.0,3.0
210,292,247.67999267578125,496.4880065917969,281.7033386230469,507.5679931640625,hirsutum,73,4,0,712,Epilobium,Epilobium,hirsutum,Epilobium_hirsutum_73_4,,,,,species,,1031.9999694824219,2068.7000274658203,1173.763910929362,2114.8666381835938,1.0,3.0
211,294,247.9199981689453,505.8810119628906,292.416015625,516.8699951171875,lanceolatum,73,5,0,712,Epilobium,Epilobium,lanceolatum,Epilobium_lanceolatum_73_5,Seb. et Mauri ,,,,species,,1032.9999923706055,2107.8375498453775,1218.4000651041667,2153.6249796549478,1.0,3.0
212,295,294.91082763671875,504.9630126953125,311.32598876953125,516.968994140625,Seb.,73,5,1,712,,Epilobium,,,,author_73_5,,,,,1228.7951151529949,2104.0125528971353,1297.1916198730469,2154.0374755859375,1.0,3.0
213,296,314.11480712890625,504.9630126953125,320.7923583984375,516.968994140625,et,73,5,2,712,,Epilobium,,,,author_73_5,,,,,1308.8116963704426,2104.0125528971353,1336.6348266601562,2154.0374755859375,1.0,3.0
214,297,323.2871398925781,504.9630126953125,347.0115051269531,516.968994140625,Mauri,73,5,3,712,,Epilobium,,,,author_73_5,,,,,1347.029749552409,2104.0125528971353,1445.8812713623047,2154.0374755859375,1.0,3.0
215,298,247.67999267578125,515.240966796875,288.2650451660156,526.22998046875,menthoides,73,6,0,712,Epilobium,Epilobium,menthoides,Epilobium_menthoides_73_6,"Boiss, et Heldr. ",,,,species,,1031.9999694824219,2146.837361653646,1201.1043548583984,2192.6249186197915,1.0,3.0
216,299,290.1430969238281,514.322998046875,311.48944091796875,526.3289794921875,"Boiss,",73,6,1,712,,Epilobium,,,,author_73_6,,,,,1208.9295705159504,2143.012491861979,1297.8726704915364,2193.0374145507812,1.0,3.0
217,300,313.6367492675781,514.322998046875,320.17572021484375,526.3289794921875,et,73,6,2,712,,Epilobium,,,,author_73_6,,,,,1306.819788614909,2143.012491861979,1334.0655008951824,2193.0374145507812,1.0,3.0
218,301,322.1889953613281,514.322998046875,346.7215881347656,526.3289794921875,Heldr.,73,6,3,712,,Epilobium,,,,author_73_6,,,,,1342.4541473388672,2143.012491861979,1444.6732838948567,2193.0374145507812,1.0,3.0
219,302,247.67999267578125,523.9230346679688,297.1709899902344,535.9290161132812,minutiflofum,73,7,0,712,Epilobium,Epilobium,minutiflofum,Epilobium_minutiflofum_73_7,Hausskn. ,,,,species,,1031.9999694824219,2183.0126444498696,1238.2124582926433,2233.037567138672,1.0,3.0
220,303,304.5433044433594,523.9230346679688,339.2789001464844,535.9290161132812,Hausskn.,73,7,1,712,,Epilobium,,,,author_73_7,,,,,1268.930435180664,2183.0126444498696,1413.6620839436848,2233.037567138672,1.0,3.0
221,304,247.9199981689453,534.4409790039062,284.3883361816406,545.4299926757812,modestum,73,8,0,712,Epilobium,Epilobium,modestum,Epilobium_modestum_73_8,Hausskn. ,,,,species,,1032.9999923706055,2226.837412516276,1184.951400756836,2272.624969482422,1.0,3.0
222,305,285.88824462890625,533.5230102539062,320.64886474609375,545.5289916992188,Hausskn.,73,8,1,712,,Epilobium,,,,author_73_8,,,,,1191.2010192871094,2223.0125427246094,1336.0369364420574,2273.0374654134116,1.0,3.0
223,306,247.9199981689453,543.3629760742188,288.9060363769531,555.3689575195312,montanum,73,9,0,712,Epilobium,Epilobium,montanum,Epilobium_montanum_73_9,L. ,,,,species,,1032.9999923706055,2264.0124003092446,1203.775151570638,2314.037322998047,1.0,3.0
224,307,294.23223876953125,543.3629760742188,302.3126220703125,555.3689575195312,L.,73,9,1,712,,Epilobium,,,,author_73_9,,,,,1225.9676615397136,2264.0124003092446,1259.6359252929688,2314.037322998047,1.0,3.0
225,308,247.9199981689453,552.9630126953125,292.49298095703125,564.968994140625,parviflorum,73,10,0,712,Epilobium,Epilobium,parviflorum,Epilobium_parviflorum_73_10,Schreb. ,,,,species,,1032.9999923706055,2304.0125528971353,1218.7207539876301,2354.0374755859375,1.0,3.0
226,309,297.7855224609375,552.9630126953125,326.3124084472656,564.968994140625,Schreb.,73,10,1,712,,Epilobium,,,,author_73_10,,,,,1240.7730102539062,2304.0125528971353,1359.6350351969402,2354.0374755859375,1.0,3.0
227,310,247.9199981689453,563.48095703125,274.24908447265625,574.469970703125,roseum,73,11,0,712,Epilobium,Epilobium,roseum,Epilobium_roseum_73_11,Schreb. ,,,,species,,1032.9999923706055,2347.8373209635415,1142.7045186360676,2393.6248779296875,1.0,3.0
228,311,275.74957275390625,562.56298828125,304.3830261230469,574.5689697265625,Schreb.,73,11,1,712,,Epilobium,,,,author_73_11,,,,,1148.9565531412761,2344.012451171875,1268.2626088460286,2394.0373738606772,1.0,3.0
229,312,247.9199981689453,573.0809936523438,280.36566162109375,584.0700073242188,spicatum,73,12,0,712,Epilobium,Epilobium,spicatum,Epilobium_spicatum_73_12,Lam. ,,,,species,,1032.9999923706055,2387.837473551432,1168.1902567545574,2433.625030517578,1.0,3.0
230,313,281.86572265625,572.1630249023438,301.7744140625,584.1690063476562,Lam.,73,12,1,712,,Epilobium,,,,author_73_12,,,,,1174.4405110677083,2384.0126037597656,1257.3933919270833,2434.037526448568,1.0,3.0
231,314,247.9199981689453,581.7630004882812,291.58795166015625,593.7689819335938,tetragonum,73,13,0,712,Epilobium,Epilobium,tetragonum,Epilobium_tetragonum_73_13,L. ,,,,species,,1032.9999923706055,2424.0125020345054,1214.9497985839844,2474.037424723307,1.0,3.0
232,315,297.3863830566406,581.7630004882812,305.43310546875,593.7689819335938,L.,73,13,1,712,,Epilobium,,,,author_73_13,,,,,1239.1099294026692,2424.0125020345054,1272.637939453125,2474.037424723307,1.0,3.0
233,316,247.67999267578125,592.760986328125,291.19915771484375,603.75,tomentosum,73,14,0,712,Epilobium,Epilobium,tomentosum,Epilobium_tomentosum_73_14,Vent. ,,,,species,,1031.9999694824219,2469.837443033854,1213.3298238118489,2515.625,1.0,3.0
234,317,292.69891357421875,591.843017578125,313.855712890625,603.8489990234375,Vent.,73,14,1,712,,Epilobium,,,,author_73_14,,,,,1219.5788065592449,2466.0125732421875,1307.7321370442708,2516.0374959309897,1.0,3.0
235,318,247.9199981689453,601.8809814453125,287.925048828125,612.8699951171875,toumefortii,73,15,0,712,Epilobium,Epilobium,toumefortii,Epilobium_toumefortii_73_15,Michalet ,,,,species,,1032.9999923706055,2507.8374226888022,1199.6877034505208,2553.6249796549478,1.0,3.0
236,319,289.425048828125,600.9630126953125,323.64605712890625,612.968994140625,Michalet,73,15,1,712,,Epilobium,,,,author_73_15,,,,,1205.9377034505208,2504.0125528971353,1348.5252380371094,2554.0374755859375,1.0,3.0
0,3,28.079999923706055,48.55887222290039,68.09928131103516,60.164669036865234,Equisetum,1,0,0,713,Equisetum,Equisetum,,,,,,,genus,,116.99999968210857,202.32863426208496,283.7470054626465,250.68612098693848,0.0,0.0
1,4,41.7599983215332,59.52628707885742,76.75190734863281,70.14898681640625,maximum,2,0,0,713,Equisetum,Equisetum,maximum,Equisetum_maximum_2_0,Auct. ,,,,species,,173.99999300638834,248.02619616190592,319.7996139526367,292.2874450683594,0.0,1.0
2,5,78.20195007324219,58.63888931274414,98.78601837158203,70.24468994140625,Auct.,2,0,1,713,,Equisetum,,,,author_2_0,,,,,325.8414586385091,244.32870546976724,411.6084098815918,292.6862080891927,0.0,1.0
3,6,41.7599983215332,67.51889038085938,76.79804229736328,79.12469482421875,telmateia,2,1,0,713,Equisetum,Equisetum,telmateia,Equisetum_telmateia_2_1,Ehrh. ,,,,species,,173.99999300638834,281.3287099202474,319.99184290568036,329.6862284342448,0.0,1.0
4,7,81.09326171875,67.51889038085938,102.39065551757812,79.12469482421875,Ehrh.,2,1,1,713,,Equisetum,,,,author_2_1,,,,,337.8885904947917,281.3287099202474,426.6277313232422,329.6862284342448,0.0,1.0
5,8,28.079999923706055,77.11892700195312,66.13903045654297,88.7247314453125,Eragrostis,3,0,0,713,Eragrostis,Eragrostis,,,,,,,genus,,116.99999968210857,321.328862508138,275.579293568929,369.68638102213544,0.0,0.0
6,9,41.52000045776367,86.71890258789062,66.48898315429688,98.32470703125,collina,4,0,0,713,Eragrostis,Eragrostis,collina,Eragrostis_collina_4_0,Trin. ,,,,species,,173.00000190734863,361.3287607828776,277.0374298095703,409.686279296875,0.0,1.0
7,10,71.96944427490234,86.71890258789062,91.349853515625,98.32470703125,Trin.,4,0,1,713,,Eragrostis,,,,author_4_0,,,,,299.87268447875977,361.3287607828776,380.6243896484375,409.686279296875,0.0,1.0
8,11,41.52000045776367,96.72630310058594,62.71998596191406,107.3489990234375,minor,4,1,0,713,Eragrostis,Eragrostis,minor,Eragrostis_minor_4_1,Host ,,,,species,,173.00000190734863,403.0262629191081,261.3332748413086,447.28749593098956,0.0,1.0
9,12,65.16900634765625,95.83889770507812,82.30225372314453,107.4447021484375,Host,4,1,1,713,,Eragrostis,,,,author_4_1,,,,,271.5375264485677,399.3287404378255,342.92605717976886,447.68625895182294,0.0,1.0
10,13,41.52000045776367,105.19888305664062,77.9210433959961,116.8046875,poaeoides,4,2,0,713,Eragrostis,Eragrostis,poaeoides,Eragrostis_poaeoides_4_2,P. Beauv. ,,,,species,,173.00000190734863,438.32867940266925,324.6710141499837,486.6861979166667,0.0,1.0
11,14,82.77930450439453,105.19888305664062,90.17247009277344,116.8046875,P.,4,2,1,713,,Eragrostis,,,,author_4_2,,,,,344.91376876831055,438.32867940266925,375.71862538655597,486.6861979166667,0.0,1.0
12,15,94.77470397949219,105.19888305664062,120.63016510009766,116.8046875,Beauv.,4,2,2,713,,Eragrostis,,,,author_4_2,,,,,394.8945999145508,438.32867940266925,502.62568791707355,486.6861979166667,0.0,1.0
13,16,41.52000045776367,115.68629455566406,70.02264404296875,126.30899047851562,tatarica,4,3,0,713,Eragrostis,Eragrostis,tatarica,Eragrostis_tatarica_4_3,(Fisch.) Henr. ,,,,species,,173.00000190734863,482.0262273152669,291.7610168457031,526.2874603271484,0.0,1.0
14,17,73.32846069335938,114.79888916015625,100.8797836303711,126.40469360351562,(Fisch.),4,3,1,713,,Eragrostis,,,,author_4_3,,,,,305.5352528889974,478.3287048339844,420.3324317932129,526.6862233479818,0.0,1.0
15,18,104.18560791015625,114.79888916015625,125.66915130615234,126.40469360351562,Henr.,4,3,2,713,,Eragrostis,,,,author_4_3,,,,,434.10669962565106,478.3287048339844,523.6214637756348,526.6862233479818,0.0,1.0
16,19,27.84000015258789,126.00630187988281,73.16749572753906,136.62899780273438,Eremosporum,5,0,0,713,Eremosporum,Eremosporum,,,,,,,genus,,116.00000063578288,525.0262578328451,304.8645655314128,569.2874908447266,0.0,0.0
17,20,41.279998779296875,135.60630798339844,64.39173889160156,146.22900390625,olivieri,6,0,0,713,Eremosporum,Eremosporum,olivieri,Eremosporum_olivieri_6_0,Spach ,,,,species,,171.99999491373697,565.0262832641602,268.29891204833984,609.2875162760416,0.0,1.0
18,21,69.29834747314453,134.71890258789062,91.48734283447266,146.32470703125,Spach,6,0,1,713,,Eremosporum,,,,author_6_0,,,,,288.74311447143555,561.3287607828776,381.19726181030273,609.686279296875,0.0,1.0
19,22,27.600000381469727,145.44630432128906,63.10491180419922,156.06900024414062,Erianthus,7,0,0,713,Erianthus,Erianthus,,,,,,,genus,,115.0000015894572,606.0262680053711,262.93713251749676,650.2875010172526,0.0,0.0
20,23,41.040000915527344,155.5262908935547,60.766902923583984,166.14898681640625,hostii,8,0,0,713,Erianthus,Erianthus,hostii,Erianthus_hostii_8_0,Griseb. ,,,,species,,171.00000381469727,648.0262120564779,253.1954288482666,692.2874450683594,0.0,1.0
21,24,64.29814147949219,154.63888549804688,91.34976196289062,166.24468994140625,Griseb.,8,0,1,713,,Erianthus,,,,author_8_0,,,,,267.90892283121747,644.3286895751953,380.62400817871094,692.6862080891927,0.0,1.0
22,25,41.279998779296875,166.08628845214844,74.3001480102539,176.708984375,ravennae,8,1,0,713,Erianthus,Erianthus,ravennae,Erianthus_ravennae_8_1,(L.) Beauv. ,,,,species,,171.99999491373697,692.0262018839518,309.5839500427246,736.2874348958334,0.0,1.0
23,26,77.09392547607422,165.19888305664062,90.69347381591797,176.8046875,(L.),8,1,1,713,,Erianthus,,,,author_8_1,,,,,321.2246894836426,688.3286794026693,377.8894742329915,736.6861979166666,0.0,1.0
24,27,93.48725128173828,165.19888305664062,118.95001983642578,176.8046875,Beauv.,8,1,2,713,,Erianthus,,,,author_8_1,,,,,389.5302136739095,688.3286794026693,495.6250826517741,736.6861979166666,0.0,1.0
25,28,27.360000610351562,175.9263153076172,67.80043029785156,186.54901123046875,Eriocarpaea,9,0,0,713,Eriocarpaea,Eriocarpaea,,,,,,,genus,,114.00000254313152,733.0263137817383,282.50179290771484,777.2875467936198,0.0,0.0
26,29,40.31999969482422,186.0063018798828,67.4389419555664,196.62899780273438,pinnata,10,0,0,713,Eriocarpaea,Eriocarpaea,pinnata,Eriocarpaea_pinnata_10_0,Bertol. ,,,,species,,167.99999872843424,775.0262578328451,280.9955914815267,819.2874908447266,0.0,1.0
27,30,70.8212661743164,185.118896484375,95.91020965576172,196.72470092773438,Bertol.,10,0,1,713,,Eriocarpaea,,,,author_10_0,,,,,295.0886090596517,771.3287353515625,399.6258735656738,819.6862538655599,0.0,1.0
28,31,27.600000381469727,195.60630798339844,59.159996032714844,206.22900390625,Eriolobus,11,0,0,713,Eriolobus,Eriolobus,,,,,,,genus,,115.0000015894572,815.0262832641602,246.49998346964517,859.2875162760416,0.0,0.0
29,32,41.52000045776367,205.20631408691406,76.5295639038086,215.82901000976562,trilobatus,12,0,0,713,Eriolobus,Eriolobus,trilobatus,Eriolobus_trilobatus_12_0,(Lam.) Roem. ,,,,species,,173.00000190734863,855.0263086954752,318.8731829325358,899.2875417073568,0.0,1.0
30,33,79.01734161376953,204.31890869140625,104.28916931152344,215.92471313476562,(Lam.),12,0,1,713,,Eriolobus,,,,author_12_0,,,,,329.23892339070636,851.3287862141927,434.53820546468097,899.6863047281901,0.0,1.0
31,34,106.9330062866211,204.31890869140625,131.66934204101562,215.92471313476562,Roem.,12,0,2,713,,Eriolobus,,,,author_12_0,,,,,445.5541928609212,851.3287862141927,548.6222585042318,899.6863047281901,0.0,1.0
32,35,27.84000015258789,212.95889282226562,61.394386291503906,224.564697265625,Erodium,13,0,0,713,Erodium,Erodium,,,,,,,genus,,116.00000063578288,887.3287200927734,255.80994288126627,935.6862386067709,0.0,0.0
33,36,41.279998779296875,222.55889892578125,65.38748168945312,234.16470336914062,acaule,14,0,0,713,Erodium,Erodium,acaule,Erodium_acaule_14_0,(L.) Becherer et Thell. ,,,,species,,171.99999491373697,927.3287455240885,272.4478403727214,975.6862640380859,0.0,1.0
34,37,69.59907531738281,222.55889892578125,83.37611389160156,234.16470336914062,(L.),14,0,1,713,,Erodium,,,,author_14_0,,,,,289.9961471557617,927.3287455240885,347.40047454833984,975.6862640380859,0.0,1.0
35,38,87.58769989013672,222.55889892578125,120.32795715332031,234.16470336914062,Becherer,14,0,2,713,,Erodium,,,,author_14_0,,,,,364.9487495422363,927.3287455240885,501.36648813883465,975.6862640380859,0.0,1.0
36,39,123.75005340576172,222.55889892578125,130.3335418701172,234.16470336914062,et,14,0,3,713,,Erodium,,,,author_14_0,,,,,515.6252225240072,927.3287455240885,543.0564244588217,975.6862640380859,0.0,1.0
37,40,133.75595092773438,222.55889892578125,156.39161682128906,234.16470336914062,Thell.,14,0,4,713,,Erodium,,,,author_14_0,,,,,557.3164621988932,927.3287455240885,651.6317367553711,975.6862640380859,0.0,1.0
38,41,41.040000915527344,232.80628967285156,72.03621673583984,243.42898559570312,amanum,14,1,0,713,Erodium,Erodium,amanum,Erodium_amanum_14_1,Boiss. et Ky ,,,,species,,171.00000381469727,970.0262069702148,300.15090306599933,1014.2874399820963,0.0,1.0
39,42,74.4454574584961,231.91888427734375,95.65646362304688,243.52468872070312,Boiss.,14,1,1,713,,Erodium,,,,author_14_1,,,,,310.1894060770671,966.3286844889323,398.568598429362,1014.6862030029297,0.0,1.0
40,43,98.23706817626953,231.91888427734375,104.728759765625,243.52468872070312,et,14,1,2,713,,Erodium,,,,author_14_1,,,,,409.32111740112305,966.3286844889323,436.3698323567708,1014.6862030029297,0.0,1.0
41,44,106.96562194824219,231.91888427734375,117.8943099975586,243.52468872070312,Ky,14,1,3,713,,Erodium,,,,author_14_1,,,,,445.6900914510091,966.3286844889323,491.22629165649414,1014.6862030029297,0.0,1.0
42,45,41.279998779296875,241.7589111328125,64.35750579833984,253.36471557617188,botrys,14,2,0,713,Erodium,Erodium,botrys,Erodium_botrys_14_2,(Cav.) Bertol. ,,,,species,,171.99999491373697,1007.3287963867188,268.15627415974933,1055.686314900716,0.0,1.0
43,46,68.71290588378906,241.7589111328125,91.68319702148438,253.36471557617188,(Cav.),14,2,1,713,,Erodium,,,,author_14_2,,,,,286.3037745157878,1007.3287963867188,382.01332092285156,1055.686314900716,0.0,1.0
44,47,95.78155517578125,241.7589111328125,120.87049865722656,253.36471557617188,Bertol.,14,2,2,713,,Erodium,,,,author_14_2,,,,,399.0898132324219,1007.3287963867188,503.62707773844403,1055.686314900716,0.0,1.0
45,48,41.040000915527344,251.59890747070312,91.50674438476562,263.2047119140625,bryoniifolium,14,3,0,713,Erodium,Erodium,bryoniifolium,Erodium_bryoniifolium_14_3,Boiss. ,,,,species,,171.00000381469727,1048.3287811279297,381.2781016031901,1096.686299641927,0.0,1.0
46,49,95.81828308105469,251.59890747070312,117.02928924560547,263.2047119140625,Boiss.,14,3,1,713,,Erodium,,,,author_14_3,,,,,399.2428461710612,1048.3287811279297,487.62203852335614,1096.686299641927,0.0,1.0
47,50,41.040000915527344,261.1988830566406,75.4470443725586,272.8046875,ciconium,14,4,0,713,Erodium,Erodium,ciconium,Erodium_ciconium_14_4,(L.) L'Hér. ,,,,species,,171.00000381469727,1088.3286794026692,314.3626848856608,1136.6861979166667,0.0,1.0
48,51,80.07886505126953,261.1988830566406,93.85591125488281,272.8046875,(L.),14,4,1,713,,Erodium,,,,author_14_4,,,,,333.66193771362305,1088.3286794026692,391.06629689534503,1136.6861979166667,0.0,1.0
49,52,98.77740478515625,261.1988830566406,123.5103530883789,272.8046875,L'Hér.,14,4,2,713,,Erodium,,,,author_14_4,,,,,411.57251993815106,1088.3286794026692,514.6264712015787,1136.6861979166667,0.0,1.0
50,53,41.040000915527344,270.79888916015625,82.09284210205078,282.4046936035156,cicutarium,14,5,0,713,Erodium,Erodium,cicutarium,Erodium_cicutarium_14_5,(L.) L'Hér. ,,,,species,,171.00000381469727,1128.3287048339844,342.0535087585449,1176.6862233479817,0.0,1.0
51,54,86.7868881225586,270.79888916015625,100.56393432617188,282.4046936035156,(L.),14,5,1,713,,Erodium,,,,author_14_5,,,,,361.61203384399414,1128.3287048339844,419.0163930257161,1176.6862233479817,0.0,1.0
52,55,105.25797271728516,270.79888916015625,129.9909210205078,282.4046936035156,L'Hér.,14,5,2,713,,Erodium,,,,author_14_5,,,,,438.5748863220215,1128.3287048339844,541.6288375854492,1176.6862233479817,0.0,1.0
53,56,40.79999923706055,280.3988952636719,82.20516967773438,292.00469970703125,gaillardotii,14,6,0,713,Erodium,Erodium,gaillardotii,Erodium_gaillardotii_14_6,Boiss. ,,,,species,,169.9999968210856,1168.3287302652996,342.52154032389325,1216.6862487792969,0.0,1.0
54,57,85.73946380615234,280.3988952636719,106.95046997070312,292.00469970703125,Boiss.,14,6,1,713,,Erodium,,,,author_14_6,,,,,357.2477658589681,1168.3287302652996,445.626958211263,1216.6862487792969,0.0,1.0
55,58,40.79999923706055,289.9989013671875,96.93263244628906,301.6047058105469,glaucophyllum,14,7,0,713,Erodium,Erodium,glaucophyllum,Erodium_glaucophyllum_14_7,(L.) L'Hér. ,,,,species,,169.9999968210856,1208.3287556966145,403.8859685262044,1256.686274210612,0.0,1.0
56,59,101.79803466796875,289.9989013671875,115.75255584716797,301.6047058105469,(L.),14,7,1,713,,Erodium,,,,author_14_7,,,,,424.1584777832031,1208.3287556966145,482.3023160298665,1256.686274210612,0.0,1.0
57,60,120.61795043945312,289.9989013671875,145.35092163085938,301.6047058105469,L'Hér.,14,7,2,713,,Erodium,,,,author_14_7,,,,,502.5747934977214,1208.3287556966145,605.6288401285807,1256.686274210612,0.0,1.0
58,61,41.040000915527344,299.5989074707031,73.13357543945312,311.2047119140625,gruinum,14,8,0,713,Erodium,Erodium,gruinum,Erodium_gruinum_14_8,(L.) L'Hér. ,,,,species,,171.00000381469727,1248.3287811279297,304.7232309977214,1296.686299641927,0.0,1.0
59,62,78.10710144042969,299.5989074707031,91.88414001464844,311.2047119140625,(L.),14,8,1,713,,Erodium,,,,author_14_8,,,,,325.44625600179035,1248.3287811279297,382.85058339436847,1296.686299641927,0.0,1.0
60,63,96.85765838623047,299.5989074707031,121.59060668945312,311.2047119140625,L'Hér.,14,8,2,713,,Erodium,,,,author_14_8,,,,,403.57357660929364,1248.3287811279297,506.6275278727214,1296.686299641927,0.0,1.0
61,64,40.79999923706055,310.0862731933594,64.80316925048828,320.708984375,hirtum,14,9,0,713,Erodium,Erodium,hirtum,Erodium_hirtum_14_9,(Forssk.) Wffld. ,,,,species,,169.9999968210856,1292.026138305664,270.01320521036786,1336.2874348958333,0.0,1.0
62,65,68.36807250976562,309.1988830566406,99.99225616455078,320.8046875,(Forssk.),14,9,1,713,,Erodium,,,,author_14_9,,,,,284.8669687906901,1288.3286794026692,416.63440068562824,1336.6861979166667,0.0,1.0
63,66,103.55734252929688,309.1988830566406,126.6398696899414,320.8046875,Wffld.,14,9,2,713,,Erodium,,,,author_14_9,,,,,431.4889272054036,1288.3286794026692,527.6661237080892,1336.6861979166667,0.0,1.0
64,67,41.040000915527344,318.79888916015625,81.03052520751953,330.4046936035156,laciniatum,14,10,0,713,Erodium,Erodium,laciniatum,Erodium_laciniatum_14_10,(Cav.) Willd. ,,,,species,,171.00000381469727,1328.3287048339844,337.62718836466473,1376.6862233479817,0.0,1.0
65,68,85.86430358886719,318.79888916015625,109.03349304199219,330.4046936035156,(Cav.),14,10,1,713,,Erodium,,,,author_14_10,,,,,357.76793162027997,1328.3287048339844,454.3062210083008,1376.6862233479817,0.0,1.0
66,69,113.58370971679688,318.79888916015625,136.9504852294922,330.4046936035156,Willd.,14,10,2,713,,Erodium,,,,author_14_10,,,,,473.2654571533203,1328.3287048339844,570.6270217895508,1376.6862233479817,0.0,1.0
67,70,41.040000915527344,328.3988952636719,82.36865997314453,340.00469970703125,malacoides,14,11,0,713,Erodium,Erodium,malacoides,Erodium_malacoides_14_11,Willd. ,,,,species,,171.00000381469727,1368.3287302652996,343.20274988810223,1416.6862487792969,0.0,1.0
68,72,98.9856948852539,328.3988952636719,122.55136108398438,340.00469970703125,Willd.,14,11,1,713,,Erodium,,,,author_14_11,,,,,412.4403953552246,1368.3287302652996,510.63067118326825,1416.6862487792969,0.0,1.0
69,73,41.040000915527344,337.9989013671875,83.90824890136719,349.6047058105469,moschatum,14,12,0,713,Erodium,Erodium,moschatum,Erodium_moschatum_14_12,(Burm. fil.) L'Hér. ,,,,species,,171.00000381469727,1408.3287556966145,349.6177037556966,1456.686274210612,0.0,1.0
70,74,88.80036163330078,337.9989013671875,115.41352081298828,349.6047058105469,(Burm.,14,12,1,713,,Erodium,,,,author_14_12,,,,,370.0015068054199,1408.3287556966145,480.88967005411786,1456.686274210612,0.0,1.0
71,75,119.1875228881836,337.9989013671875,133.40061950683594,349.6047058105469,fil.),14,12,2,713,,Erodium,,,,author_14_12,,,,,496.61467870076496,1408.3287556966145,555.8359146118164,1456.686274210612,0.0,1.0
72,76,137.17462158203125,337.9989013671875,161.9075927734375,349.6047058105469,L'Hér.,14,12,3,713,,Erodium,,,,author_14_12,,,,,571.5609232584635,1408.3287556966145,674.6149698893229,1456.686274210612,0.0,1.0
73,77,41.040000915527344,347.5989074707031,96.20730590820312,359.2047119140625,oxyrrhynchum,14,13,0,713,Erodium,Erodium,oxyrrhynchum,Erodium_oxyrrhynchum_14_13,Boiss. ,,,,species,,171.00000381469727,1448.3287811279297,400.863774617513,1496.686299641927,0.0,1.0
74,78,100.13838195800781,347.5989074707031,121.3493881225586,359.2047119140625,Boiss.,14,13,1,713,,Erodium,,,,author_14_13,,,,,417.2432581583659,1448.3287811279297,505.6224505106608,1496.686299641927,0.0,1.0
75,79,39.599998474121094,358.0862731933594,88.89506530761719,368.708984375,pulverulmtum,14,14,0,713,Erodium,Erodium,pulverulmtum,Erodium_pulverulmtum_14_14,(Cav.) L'Hér. ,,,,species,,164.99999364217123,1492.026138305664,370.39610544840497,1536.2874348958333,0.0,1.0
76,80,92.65478515625,357.1988830566406,115.62507629394531,368.8046875,(Cav.),14,14,1,713,,Erodium,,,,author_14_14,,,,,386.0616048177083,1488.3286794026692,481.77115122477215,1536.6861979166667,0.0,1.0
77,81,119.17568969726562,357.1988830566406,143.90866088867188,368.8046875,L'Hér.,14,14,2,713,,Erodium,,,,author_14_14,,,,,496.56537373860675,1488.3286794026692,599.6194203694662,1536.6861979166667,0.0,1.0
78,82,40.79999923706055,367.686279296875,75.29757690429688,378.3089904785156,romanum,14,15,0,713,Erodium,Erodium,romanum,Erodium_romanum_14_15,(Burm. fil.) L'Hér. ,,,,species,,169.9999968210856,1532.0261637369792,313.7399037679036,1576.2874603271484,0.0,1.0
79,83,78.14847564697266,366.79888916015625,104.25098419189453,378.4046936035156,(Burm.,14,15,1,713,,Erodium,,,,author_14_15,,,,,325.61864852905273,1528.3287048339844,434.37910079956055,1576.6862233479817,0.0,1.0
80,84,106.47866821289062,366.79888916015625,120.26335906982422,378.4046936035156,fil.),14,15,2,713,,Erodium,,,,author_14_15,,,,,443.66111755371094,1528.3287048339844,501.0973294576009,1576.6862233479817,0.0,1.0
81,85,122.49103546142578,366.79888916015625,147.03021240234375,378.4046936035156,L'Hér.,14,15,3,713,,Erodium,,,,author_14_15,,,,,510.3793144226074,1528.3287048339844,612.6258850097656,1576.6862233479817,0.0,1.0
82,86,40.79999923706055,376.3988952636719,86.24691772460938,388.00469970703125,subtrilobum,14,16,0,713,Erodium,Erodium,subtrilobum,Erodium_subtrilobum_14_16,Jord. ,,,,species,,169.9999968210856,1568.3287302652996,359.3621571858724,1616.6862487792969,0.0,1.0
83,87,89.95155334472656,376.3988952636719,109.82972717285156,388.00469970703125,Jord.,14,16,1,713,,Erodium,,,,author_14_16,,,,,374.79813893636066,1568.3287302652996,457.62386322021484,1616.6862487792969,0.0,1.0
84,88,41.040000915527344,385.9989013671875,105.42240905761719,397.6047058105469,trichomanifolium,14,17,0,713,Erodium,Erodium,trichomanifolium,Erodium_trichomanifolium_14_17,L'Hér. ,,,,species,,171.00000381469727,1608.3287556966145,439.2600377400716,1656.686274210612,0.0,1.0
85,89,111.49752807617188,385.9989013671875,136.23049926757812,397.6047058105469,L'Hér.,14,17,1,713,,Erodium,,,,author_14_17,,,,,464.5730336507161,1608.3287556966145,567.6270802815756,1656.686274210612,0.0,1.0
86,90,27.1200008392334,395.8388977050781,59.9454345703125,407.4447021484375,Erophila,15,0,0,713,Erophila,Erophila,,,,,,,genus,,113.00000349680583,1649.3287404378254,249.77264404296875,1697.686258951823,0.0,0.0
87,91,40.560001373291016,405.67889404296875,70.44437408447266,417.2846984863281,gilgiana,16,0,0,713,Erophila,Erophila,gilgiana,Erophila_gilgiana_16_0,(Musehl.) O.E. Schulz ,,,,species,,169.0000057220459,1690.3287251790364,293.5182253519694,1738.686243693034,0.0,1.0
88,92,75.3168716430664,405.67889404296875,111.56285858154297,417.2846984863281,(Musehl.),16,0,1,713,,Erophila,,,,author_16_0,,,,,313.8202985127767,1690.3287251790364,464.8452440897624,1738.686243693034,0.0,1.0
89,93,116.69243621826172,405.67889404296875,134.0692596435547,417.2846984863281,O.E.,16,0,2,713,,Erophila,,,,author_16_0,,,,,486.21848424275714,1690.3287251790364,558.6219151814779,1738.686243693034,0.0,1.0
90,94,138.685791015625,405.67889404296875,163.34060668945312,417.2846984863281,Schulz,16,0,3,713,,Erophila,,,,author_16_0,,,,,577.8574625651041,1690.3287251790364,680.5858612060547,1738.686243693034,0.0,1.0
91,95,40.79999923706055,415.2789001464844,69.59174346923828,426.88470458984375,minima,16,1,0,713,Erophila,Erophila,minima,Erophila_minima_16_1,C.A. Mey. ,,,,species,,169.9999968210856,1730.3287506103516,289.96559778849286,1778.6862691243489,0.0,1.0
92,96,73.29434204101562,415.2789001464844,90.49490356445312,426.88470458984375,C.A.,16,1,1,713,,Erophila,,,,author_16_1,,,,,305.3930918375651,1730.3287506103516,377.0620981852214,1778.6862691243489,0.0,1.0
93,97,95.0522689819336,415.2789001464844,114.39054870605469,426.88470458984375,Mey.,16,1,2,713,,Erophila,,,,author_16_1,,,,,396.05112075805664,1730.3287506103516,476.62728627522785,1778.6862691243489,0.0,1.0
94,98,40.79999923706055,424.8788757324219,70.26319885253906,436.48468017578125,praecox,16,2,0,713,Erophila,Erophila,praecox,Erophila_praecox_16_2,(Stev.) DJÙ. ,,,,species,,169.9999968210856,1770.328648885091,292.7633285522461,1818.6861673990886,0.0,1.0
95,99,74.78282165527344,424.8788757324219,98.9953842163086,436.48468017578125,(Stev.),16,2,1,713,,Erophila,,,,author_16_2,,,,,311.59509023030597,1770.328648885091,412.48076756795246,1818.6861673990886,0.0,1.0
96,100,103.79772186279297,424.8788757324219,121.22705078125,436.48468017578125,DJÙ.,16,2,2,713,,Erophila,,,,author_16_2,,,,,432.4905077616374,1770.328648885091,505.1127115885417,1818.6861673990886,0.0,1.0
97,101,40.79999923706055,434.9588928222656,69.64192962646484,446.564697265625,setulosa,16,3,0,713,Erophila,Erophila,setulosa,Erophila_setulosa_16_3,Boiss. et Bal. ,,,,species,,169.9999968210856,1812.3287200927734,290.17470677693683,1860.6862386067708,0.0,1.0
98,102,72.77230834960938,434.9588928222656,93.98331451416016,446.564697265625,Boiss.,16,3,1,713,,Erophila,,,,author_16_3,,,,,303.21795145670575,1812.3287200927734,391.59714380900067,1860.6862386067708,0.0,1.0
99,103,97.83483123779297,434.9588928222656,104.26940155029297,446.564697265625,et,16,3,2,713,,Erophila,,,,author_16_3,,,,,407.6451301574707,1812.3287200927734,434.4558397928874,1860.6862386067708,0.0,1.0
100,104,107.3997802734375,434.9588928222656,122.31146240234375,446.564697265625,Bal.,16,3,3,713,,Erophila,,,,author_16_3,,,,,447.49908447265625,1812.3287200927734,509.63109334309894,1860.6862386067708,0.0,1.0
101,105,40.79999923706055,444.0788879394531,61.60667419433594,455.6846923828125,verna,16,4,0,713,Erophila,Erophila,verna,Erophila_verna_16_4,(L.) E. Meyţer ,,,,species,,169.9999968210856,1850.3286997477214,256.6944758097331,1898.6862182617188,0.0,1.0
102,106,65.74991607666016,444.0788879394531,79.52696228027344,455.6846923828125,(L.),16,4,1,713,,Erophila,,,,author_16_4,,,,,273.95798365275067,1850.3286997477214,331.36234283447266,1898.6862182617188,0.0,1.0
103,107,83.67020416259766,444.0788879394531,91.40251922607422,455.6846923828125,E.,16,4,2,713,,Erophila,,,,author_16_4,,,,,348.62585067749023,1850.3286997477214,380.8438301086426,1898.6862182617188,0.0,1.0
104,108,95.30152130126953,444.8966979980469,119.88835144042969,456.0413818359375,Meyţer,16,4,3,713,,Erophila,,,,author_16_4,,,,,397.08967208862305,1853.7362416585286,499.53479766845703,1900.1724243164062,0.0,1.0
105,109,40.560001373291016,454.95062255859375,67.8851089477539,465.7821044921875,vulgaris,16,5,0,713,Erophila,Erophila,vulgaris,Erophila_vulgaris_16_5,D.C. ,,,,species,,169.0000057220459,1895.6275939941406,282.8546206156413,1940.758768717448,0.0,1.0
106,110,69.52764129638672,454.9767150878906,88.7680435180664,466.12139892578125,D.C.,16,5,1,713,,Erophila,,,,author_16_5,,,,,289.6985054016113,1895.736312866211,369.86684799194336,1942.1724955240886,0.0,1.0
107,111,26.8799991607666,464.5766906738281,49.418426513671875,475.72137451171875,Eruca,17,0,0,713,Eruca,Eruca,,,,,,,genus,,111.99999650319417,1935.7362111409504,205.9101104736328,1982.1723937988281,0.0,0.0
108,112,40.560001373291016,473.6966857910156,87.14076232910156,484.84136962890625,cappadocica,18,0,0,713,Eruca,Eruca,cappadocica,Eruca_cappadocica_18_0,Reut. ,,,,species,,169.0000057220459,1973.7361907958984,363.08650970458984,2020.1723734537761,0.0,1.0
109,113,91.40309143066406,473.6966857910156,112.50645446777344,484.84136962890625,Reut.,18,0,1,713,,Eruca,,,,author_18_0,,,,,380.8462142944336,1973.7361907958984,468.77689361572266,2020.1723734537761,0.0,1.0
110,114,40.31999969482422,484.2305908203125,61.32475662231445,495.0621032714844,sativa,18,1,0,713,Eruca,Eruca,sativa,Eruca_sativa_18_1,Mill. ,,,,species,,167.99999872843424,2017.627461751302,255.51981925964355,2062.758763631185,0.0,1.0
111,115,62.874237060546875,484.2567138671875,82.06205749511719,495.4013977050781,Mill.,18,1,1,713,,Eruca,,,,author_18_1,,,,,261.9759877522786,2017.736307779948,341.9252395629883,2064.1724904378257,0.0,1.0
112,116,40.31999969482422,493.376708984375,73.08311462402344,504.5213928222656,vesicaria,18,2,0,713,Eruca,Eruca,vesicaria,Eruca_vesicaria_18_2,(L.) Cav. ,,,,species,,167.99999872843424,2055.736287434896,304.51297760009766,2102.1724700927734,0.0,1.0
113,117,76.6379165649414,493.376708984375,91.49024200439453,504.5213928222656,(L.),18,2,1,713,,Eruca,,,,author_18_2,,,,,319.32465235392254,2055.736287434896,381.20934168497723,2102.1724700927734,0.0,1.0
114,118,95.25516510009766,493.376708984375,113.0212173461914,504.5213928222656,Cav.,18,2,2,713,,Eruca,,,,author_18_2,,,,,396.8965212504069,2055.736287434896,470.9217389424642,2102.1724700927734,0.0,1.0
115,119,26.8799991607666,502.9767150878906,59.988975524902344,514.1213989257812,Erucaria,19,0,0,713,Erucaria,Erucaria,,,,,,,genus,,111.99999650319417,2095.736312866211,249.9540646870931,2142.1724955240884,0.0,0.0
116,120,40.31999969482422,512.5505981445312,69.65294647216797,523.382080078125,aleppiea,20,0,0,713,Erucaria,Erucaria,aleppiea,Erucaria_aleppiea_20_0,Gaertn. ,,,,species,,167.99999872843424,2135.6274922688804,290.2206103006999,2180.7586669921875,0.0,1.0
117,121,71.10331726074219,512.57666015625,101.84283447265625,523.7213745117188,Gaertn.,20,0,1,713,,Erucaria,,,,author_20_0,,,,,296.2638219197591,2135.736083984375,424.3451436360677,2182.172393798828,0.0,1.0
118,122,40.31999969482422,522.6566772460938,89.46138763427734,533.8013916015625,bornmuelleri,20,1,0,713,Erucaria,Erucaria,bornmuelleri,Erucaria_bornmuelleri_20_1,O.E.Sch. ,,,,species,,167.99999872843424,2177.736155192057,372.75578180948895,2224.1724650065103,0.0,1.0
119,123,93.22542572021484,522.6566772460938,127.8751449584961,533.8013916015625,O.E.Sch.,20,1,1,713,,Erucaria,,,,author_20_1,,,,,388.4392738342285,2177.736155192057,532.8131039937338,2224.1724650065103,0.0,1.0
120,124,40.31999969482422,531.7766723632812,72.88360595703125,542.92138671875,boveana,20,2,0,713,Erucaria,Erucaria,boveana,Erucaria_boveana_20_2,Coss. ,,,,species,,167.99999872843424,2215.7361348470054,303.6816914876302,2262.1724446614585,0.0,1.0
121,125,75.02978515625,531.7766723632812,95.02066040039062,542.92138671875,Coss.,20,2,1,713,,Erucaria,,,,author_20_2,,,,,312.6241048177083,2215.7361348470054,395.91941833496094,2262.1724446614585,0.0,1.0
122,126,40.560001373291016,541.856689453125,77.96268463134766,553.0014038085938,cakiloides,20,3,0,713,Erucaria,Erucaria,cakiloides,Erucaria_cakiloides_20_3,(D.C.) O.E. Schulz ,,,,species,,169.0000057220459,2257.7362060546875,324.8445192972819,2304.1725158691406,0.0,1.0
123,127,80.93812561035156,541.856689453125,107.00972747802734,553.0014038085938,(D.C.),20,3,1,713,,Erucaria,,,,author_20_3,,,,,337.24219004313153,2257.7362060546875,445.8738644917806,2304.1725158691406,0.0,1.0
124,128,110.29830932617188,541.856689453125,128.8302764892578,553.0014038085938,O.E.,20,3,2,713,,Erucaria,,,,author_20_3,,,,,459.5762888590495,2257.7362060546875,536.7928187052408,2304.1725158691406,0.0,1.0
125,129,131.6486358642578,541.856689453125,157.61936950683594,553.0014038085938,Schulz,20,3,3,713,,Erucaria,,,,author_20_3,,,,,548.5359827677408,2257.7362060546875,656.7473729451498,2304.1725158691406,0.0,1.0
126,130,40.31999969482422,552.1127319335938,77.38292694091797,561.4402465820312,hamrinensis,20,4,0,713,Erucaria,Erucaria,hamrinensis,Erucaria_hamrinensis_20_4,Bornm. ,,,,species,,167.99999872843424,2300.469716389974,322.4288622538249,2339.3343607584634,0.0,1.0
127,131,82.52233123779297,552.1351928710938,111.00240325927734,561.732421875,Bornm.,20,4,1,713,,Erucaria,,,,author_20_4,,,,,343.8430468241374,2300.563303629557,462.51001358032227,2340.5517578125,0.0,1.0
128,132,40.31999969482422,561.0567016601562,77.12782287597656,572.201416015625,hispanica,20,5,0,713,Erucaria,Erucaria,hispanica,Erucaria_hispanica_20_5,(L.) Druce ,,,,species,,167.99999872843424,2337.736256917318,321.36592864990234,2384.172566731771,0.0,1.0
129,133,79.52186584472656,561.0567016601562,94.37419128417969,572.201416015625,(L.),20,5,1,713,,Erucaria,,,,author_20_5,,,,,331.34110768636066,2337.736256917318,393.22579701741535,2384.172566731771,0.0,1.0
130,134,96.76823425292969,561.0567016601562,121.49394989013672,572.201416015625,Druce,20,5,2,713,,Erucaria,,,,author_20_5,,,,,403.2009760538737,2337.736256917318,506.224791208903,2384.172566731771,0.0,1.0
131,135,26.8799991607666,570.6566772460938,52.70933532714844,581.8013916015625,Ervum,21,0,0,713,Ervum,Ervum,,,,,,,genus,,111.99999650319417,2377.736155192057,219.62223052978516,2424.1724650065103,0.0,0.0
132,136,40.08000183105469,580.9319458007812,61.13454818725586,590.2345581054688,ervilia,22,0,0,713,Ervum,Ervum,ervilia,Ervum_ervilia_22_0,L. ,,,,species,,167.00000762939453,2420.549774169922,254.72728411356607,2459.3106587727866,0.0,1.0
133,137,65.08097839355469,580.954345703125,72.89202117919922,590.5260009765625,L.,22,0,1,713,,Ervum,,,,author_22_0,,,,,271.17074330647785,2420.643107096354,303.7167549133301,2460.5250040690103,0.0,1.0
134,138,40.31999969482422,589.3766479492188,71.17826080322266,600.5213623046875,ervoides,22,1,0,713,Ervum,Ervum,ervoides,Ervum_ervoides_22_1,(Brign.) Hayek ,,,,species,,167.99999872843424,2455.7360331217446,296.5760866800944,2502.1723429361978,0.0,1.0
135,139,74.37300109863281,589.3766479492188,104.07274627685547,600.5213623046875,(Brign.),22,1,1,713,,Ervum,,,,author_22_1,,,,,309.8875045776367,2455.7360331217446,433.63644282023114,2502.1723429361978,0.0,1.0
136,140,107.45516967773438,589.3766479492188,132.6059112548828,600.5213623046875,Hayek,22,1,2,713,,Ervum,,,,author_22_1,,,,,447.72987365722656,2455.7360331217446,552.5246302286783,2502.1723429361978,0.0,1.0
137,141,40.08000183105469,599.91064453125,71.96830749511719,610.7421264648438,hirsutum,22,2,0,713,Ervum,Ervum,hirsutum,Ervum_hirsutum_22_2,L. ,,,,species,,167.00000762939453,2499.627685546875,299.8679478963216,2544.758860270182,0.0,1.0
138,142,73.41861724853516,599.9367065429688,81.68171691894531,611.0814208984375,L.,22,2,1,713,,Ervum,,,,author_22_2,,,,,305.9109052022298,2499.7362772623696,340.34048716227215,2546.1725870768228,0.0,1.0
139,215,246.47999572753906,49.856712341308594,260.81982421875,61.00141143798828,lens,34,0,0,713,Ervum,Ervum,lens,Ervum_lens_34_0,L. ,,,,species,,1026.9999821980794,207.73630142211914,1086.749267578125,254.17254765828451,1.0,2.0
140,216,264.1706237792969,49.856712341308594,272.3807067871094,61.00141143798828,L.,34,0,1,713,,Ervum,,,,author_34_0,,,,,1100.710932413737,207.73630142211914,1134.9196116129558,254.17254765828451,1.0,2.0
141,217,246.72000122070312,60.63059997558594,277.247314453125,71.46209716796875,lenticula,34,1,0,713,Ervum,Ervum,lenticula,Ervum_lenticula_34_1,Schreb. ,,,,species,,1028.000005086263,252.62749989827475,1155.1971435546875,297.7587381998698,1.0,2.0
142,218,278.69775390625,60.656700134277344,308.3202209472656,71.80139923095703,Schreb.,34,1,1,713,,Ervum,,,,author_34_1,,,,,1161.2406412760417,252.73625055948892,1284.6675872802734,299.1724967956543,1.0,2.0
143,219,246.47999572753906,71.2166976928711,281.4031677246094,82.36139678955078,nigricans,34,2,0,713,Ervum,Ervum,nigricans,Ervum_nigricans_34_2,M. Bieb. ,,,,species,,1026.9999821980794,296.7362403869629,1172.513198852539,343.17248662312824,1.0,2.0
144,220,283.8675842285156,71.2166976928711,295.1585998535156,82.36139678955078,M.,34,2,1,713,,Ervum,,,,author_34_2,,,,,1182.7816009521484,296.7362403869629,1229.8274993896484,343.17248662312824,1.0,2.0
145,221,297.7984619140625,71.2166976928711,317.7413024902344,82.36139678955078,Bieb.,34,2,2,713,,Ervum,,,,author_34_2,,,,,1240.826924641927,296.7362403869629,1323.9220937093098,343.17248662312824,1.0,2.0
146,222,246.47999572753906,82.01668548583984,281.0511779785156,93.16138458251953,orientale,34,3,0,713,Ervum,Ervum,orientale,Ervum_orientale_34_3,Boiss. ,,,,species,,1026.9999821980794,341.7361895243327,1171.0465749104817,388.17243576049805,1.0,2.0
147,223,282.6037292480469,82.01668548583984,303.8216552734375,93.16138458251953,Boiss.,34,3,1,713,,Ervum,,,,author_34_3,,,,,1177.5155385335286,341.7361895243327,1265.923563639323,388.17243576049805,1.0,2.0
148,224,245.52000427246094,94.93193054199219,276.18817138671875,104.23457336425781,pubescens,35,0,0,713,Ervum,Ervum,pubescens,Ervum_pubescens_35_0,D.C. ,,,,species,,1023.0000178019205,395.5497105916341,1150.7840474446614,434.3107223510742,1.0,2.0
149,225,279.9365234375,94.954345703125,298.68994140625,104.5259780883789,D.C.,35,0,1,713,,Ervum,,,,author_35_0,,,,,1166.4021809895833,395.6431070963542,1244.5414225260417,435.5249087015788,1.0,2.0
150,226,246.47999572753906,105.47268676757812,286.4970703125,114.80023193359375,tenuissimum,35,1,0,713,Ervum,Ervum,tenuissimum,Ervum_tenuissimum_35_1,M. Bieb. ,,,,species,,1026.9999821980794,439.4695281982422,1193.73779296875,478.3342997233073,1.0,2.0
151,227,290.51959228515625,105.49516296386719,300.5360107421875,115.09241485595703,M.,35,1,1,713,,Ervum,,,,author_35_1,,,,,1210.4983011881511,439.5631790161133,1252.233378092448,479.5517285664876,1.0,2.0
152,228,304.55853271484375,105.49516296386719,323.4014892578125,115.09241485595703,Bieb.,35,1,2,713,,Ervum,,,,author_35_1,,,,,1268.9938863118489,439.5631790161133,1347.5062052408855,479.5517285664876,1.0,2.0
153,229,232.8000030517578,115.61669158935547,270.34814453125,126.76139068603516,Eryngium,36,0,0,713,Eryngium,Eryngium,,,,,,,genus,,970.0000127156576,481.73621495564777,1126.4506022135417,528.1724611918131,1.0,3.0
154,230,246.24000549316406,125.2166976928711,281.9832763671875,136.3614044189453,barrelieri,37,0,0,713,Eryngium,Eryngium,barrelieri,Eryngium_barrelieri_37_0,Boiss. ,,,,species,,1026.0000228881836,521.7362403869629,1174.9303181966145,568.1725184122721,1.0,2.0
155,231,284.2834777832031,125.2166976928711,305.50140380859375,136.3614044189453,Boiss.,37,0,1,713,,Eryngium,,,,author_37_0,,,,,1184.5144907633464,521.7362403869629,1272.9225158691406,568.1725184122721,1.0,2.0
156,232,246.0,135.05670166015625,284.2254333496094,146.20140075683594,billardieri,37,1,0,713,Eryngium,Eryngium,billardieri,Eryngium_billardieri_37_1,Laroche ,,,,species,,1025.0,562.7362569173177,1184.2726389567058,609.172503153483,1.0,2.0
157,233,285.86773681640625,135.05670166015625,318.2921142578125,146.20140075683594,Laroche,37,1,1,713,,Eryngium,,,,author_37_1,,,,,1191.1155700683594,562.7362569173177,1326.2171427408855,609.172503153483,1.0,2.0
158,234,246.0,145.85671997070312,291.1640625,157.0014190673828,bithynicum,37,2,0,713,Eryngium,Eryngium,bithynicum,Eryngium_bithynicum_37_2,Boiss. ,,,,species,,1025.0,607.7363332112631,1213.18359375,654.1725794474283,1.0,2.0
159,235,293.40203857421875,145.85671997070312,314.6199645996094,157.0014190673828,Boiss.,37,2,1,713,,Eryngium,,,,author_37_2,,,,,1222.5084940592449,607.7363332112631,1310.916519165039,654.1725794474283,1.0,2.0
160,236,246.0,156.65670776367188,285.6175537109375,167.80140686035156,campestre,37,3,0,713,Eryngium,Eryngium,campestre,Eryngium_campestre_37_3,L. ,,,,species,,1025.0,652.7362823486328,1190.0731404622395,699.1725285847982,1.0,2.0
161,237,287.6352233886719,156.65670776367188,295.900390625,167.80140686035156,L.,37,3,1,713,,Eryngium,,,,author_37_3,,,,,1198.4800974527996,652.7362823486328,1232.9182942708333,699.1725285847982,1.0,2.0
162,238,246.0,167.21670532226562,280.83526611328125,178.3614044189453,creticum,37,4,0,713,Eryngium,Eryngium,creticum,Eryngium_creticum_37_4,Lam. ,,,,species,,1025.0,696.7362721761068,1170.1469421386719,743.1725184122721,1.0,2.0
163,239,282.39801025390625,167.21670532226562,303.3409729003906,178.3614044189453,Lam.,37,4,1,713,,Eryngium,,,,author_37_4,,,,,1176.6583760579426,696.7362721761068,1263.9207204182942,743.1725184122721,1.0,2.0
164,240,246.24000549316406,178.01669311523438,290.1895446777344,189.16139221191406,desertorum,37,5,0,713,Eryngium,Eryngium,desertorum,Eryngium_desertorum_37_5,Zoh. ,,,,species,,1026.0000228881836,741.7362213134766,1209.1231028238933,788.172467549642,1.0,2.0
165,241,291.70025634765625,178.01669311523438,310.7803039550781,189.16139221191406,Zoh.,37,5,1,713,,Eryngium,,,,author_37_5,,,,,1215.4177347819011,741.7362213134766,1294.917933146159,788.172467549642,1.0,2.0
166,242,246.0,188.57672119140625,279.73681640625,199.72142028808594,falcatum,37,6,0,713,Eryngium,Eryngium,falcatum,Eryngium_falcatum_37_6,Laroche ,,,,species,,1025.0,785.736338297526,1165.570068359375,832.1725845336914,1.0,2.0
167,243,282.0543518066406,188.57672119140625,314.6929626464844,199.72142028808594,Laroche,37,6,1,713,,Eryngium,,,,author_37_6,,,,,1175.2264658610027,785.736338297526,1311.2206776936848,832.1725845336914,1.0,2.0
168,244,246.24000549316406,199.376708984375,293.7890319824219,210.5214080810547,glomeratum,37,7,0,713,Eryngium,Eryngium,glomeratum,Eryngium_glomeratum_37_7,Lam. ,,,,species,,1026.0000228881836,830.7362874348959,1224.1209665934246,877.1725336710612,1.0,2.0
169,245,295.35791015625,199.376708984375,316.3008728027344,210.5214080810547,Lam.,37,7,1,713,,Eryngium,,,,author_37_7,,,,,1230.657958984375,830.7362874348959,1317.9203033447266,877.1725336710612,1.0,2.0
170,246,245.75999450683594,211.61669921875,287.5054626464844,222.7613983154297,heldreichii,37,8,0,713,Eryngium,Eryngium,heldreichii,Eryngium_heldreichii_37_8,Boiss. ,,,,species,,1023.9999771118164,881.7362467447916,1197.9394276936848,928.172492980957,1.0,2.0
171,247,290.0066223144531,211.61669921875,311.0205383300781,222.7613983154297,Boiss.,37,8,1,713,,Eryngium,,,,author_37_8,,,,,1208.3609263102214,881.7362467447916,1295.918909708659,928.172492980957,1.0,2.0
172,248,246.0,221.21670532226562,290.2042541503906,232.3614044189453,maritimum,37,9,0,713,Eryngium,Eryngium,maritimum,Eryngium_maritimum_37_9,L. ,,,,species,,1025.0,921.7362721761068,1209.1843922932942,968.1725184122721,1.0,2.0
173,249,292.7004089355469,221.21670532226562,300.9264831542969,232.3614044189453,L.,37,9,1,713,,Eryngium,,,,author_37_9,,,,,1219.5850372314453,921.7362721761068,1253.860346476237,968.1725184122721,1.0,2.0
174,250,244.8000030517578,232.91268920898438,272.4311828613281,242.240234375,pusillum,37,10,0,713,Eryngium,Eryngium,pusillum,Eryngium_pusillum_37_10,Desf. ,,,,species,,1020.0000127156576,970.4695383707682,1135.1299285888672,1009.3343098958334,1.0,2.0
175,251,278.032470703125,232.93516540527344,296.56329345703125,242.5324249267578,Desf.,37,10,1,713,,Eryngium,,,,author_37_10,,,,,1158.4686279296875,970.5631891886393,1235.6803894042969,1010.5517705281576,1.0,2.0
176,252,245.75999450683594,242.33670043945312,289.99932861328125,253.4813995361328,pyramidale,37,11,0,713,Eryngium,Eryngium,pyramidale,Eryngium_pyramidale_37_11,Boiss. et Hausskn. ,,,,species,,1023.9999771118164,1009.7362518310547,1208.3305358886719,1056.17249806722,1.0,2.0
177,253,292.626953125,242.33670043945312,313.640869140625,253.4813995361328,Boiss.,37,11,1,713,,Eryngium,,,,author_37_11,,,,,1219.2789713541667,1009.7362518310547,1306.8369547526042,1056.17249806722,1.0,2.0
178,254,316.619384765625,242.33670043945312,323.625244140625,253.4813995361328,et,37,11,2,713,,Eryngium,,,,author_37_11,,,,,1319.2474365234375,1009.7362518310547,1348.4385172526042,1056.17249806722,1.0,2.0
179,255,326.0784606933594,242.33670043945312,361.9014587402344,253.4813995361328,Hausskn.,37,11,3,713,,Eryngium,,,,author_37_11,,,,,1358.6602528889973,1009.7362518310547,1507.9227447509766,1056.17249806722,1.0,2.0
180,256,232.32000732421875,252.41671752929688,271.1055908203125,263.5614013671875,Erysimum,38,0,0,713,Erysimum,Erysimum,,,,,,,genus,,968.0000305175781,1051.736323038737,1129.6066284179688,1098.1725056966145,1.0,3.0
181,257,246.0,263.17193603515625,270.0957946777344,272.47454833984375,bicorne,39,0,0,713,Erysimum,Erysimum,bicorne,Erysimum_bicorne_39_0,Ait. ,,,,species,,1025.0,1096.5497334798176,1125.3991444905598,1135.3106180826824,1.0,2.0
182,258,272.0973815917969,263.1943359375,286.24285888671875,272.7659606933594,Ait.,39,0,1,713,,Erysimum,,,,author_39_0,,,,,1133.7390899658203,1096.64306640625,1192.6785786946614,1136.5248362223308,1.0,2.0
183,259,245.75999450683594,271.61669921875,299.7085876464844,282.7613830566406,blancheanum,39,1,0,713,Erysimum,Erysimum,blancheanum,Erysimum_blancheanum_39_1,Boiss. ,,,,species,,1023.9999771118164,1131.7362467447917,1248.7857818603516,1178.1724294026692,1.0,2.0
184,260,303.1777038574219,271.61669921875,324.1916198730469,282.7613830566406,Boiss.,39,1,1,713,,Erysimum,,,,author_39_1,,,,,1263.2404327392578,1131.7362467447917,1350.7984161376953,1178.1724294026692,1.0,2.0
185,262,245.75999450683594,281.2167053222656,278.1869812011719,292.36138916015625,crassipes,40,0,0,713,Erysimum,Erysimum,crassipes,Erysimum_crassipes_40_0,CA. Mey. ,,,,species,,1023.9999771118164,1171.7362721761067,1159.1124216715496,1218.1724548339844,1.0,2.0
186,263,281.9211730957031,281.2167053222656,298.6778869628906,292.36138916015625,CA.,40,0,1,713,,Erysimum,,,,author_40_0,,,,,1174.6715545654297,1171.7362721761067,1244.491195678711,1218.1724548339844,1.0,2.0
187,264,302.9085693359375,281.2167053222656,322.5199890136719,292.36138916015625,Mey.,40,0,2,713,,Erysimum,,,,author_40_0,,,,,1262.1190388997395,1171.7362721761067,1343.833287556966,1218.1724548339844,1.0,2.0
188,265,245.75999450683594,290.81671142578125,293.47161865234375,301.9613952636719,goniocaulon,40,1,0,713,Erysimum,Erysimum,goniocaulon,Erysimum_goniocaulon_40_1,Boiss. ,,,,species,,1023.9999771118164,1211.7362976074219,1222.7984110514324,1258.1724802652996,1.0,2.0
189,266,295.28631591796875,290.81671142578125,316.30023193359375,301.9613952636719,Boiss.,40,1,1,713,,Erysimum,,,,author_40_1,,,,,1230.3596496582031,1211.7362976074219,1317.9176330566406,1258.1724802652996,1.0,2.0
190,267,245.75999450683594,300.390625,279.5142517089844,311.22210693359375,hamosum,40,2,0,713,Erysimum,Erysimum,hamosum,Erysimum_hamosum_40_2,Blanche ,,,,species,,1023.9999771118164,1251.6276041666667,1164.6427154541016,1296.7587788899739,1.0,2.0
191,268,280.9638671875,300.4167175292969,312.0373840332031,311.5614013671875,Blanche,40,2,1,713,,Erysimum,,,,author_40_2,,,,,1170.6827799479167,1251.736323038737,1300.155766805013,1298.1725056966145,1.0,2.0
192,269,245.75999450683594,310.0166931152344,304.69378662109375,321.161376953125,hirschfeldioides,40,3,0,713,Erysimum,Erysimum,hirschfeldioides,Erysimum_hirschfeldioides_40_3,"Bois, et Hskn. ",,,,species,,1023.9999771118164,1291.7362213134766,1269.5574442545574,1338.1724039713542,1.0,2.0
193,270,308.6626281738281,310.0166931152344,326.81829833984375,321.161376953125,"Bois,",40,3,1,713,,Erysimum,,,,author_40_3,,,,,1286.0942840576172,1291.7362213134766,1361.7429097493489,1338.1724039713542,1.0,2.0
194,271,331.1840515136719,310.0166931152344,338.11444091796875,321.161376953125,et,40,3,2,713,,Erysimum,,,,author_40_3,,,,,1379.9335479736328,1291.7362213134766,1408.8101704915364,1338.1724039713542,1.0,2.0
195,272,342.0833740234375,310.0166931152344,365.4992370605469,321.161376953125,Hskn.,40,3,3,713,,Erysimum,,,,author_40_3,,,,,1425.347391764323,1291.7362213134766,1522.9134877522786,1338.1724039713542,1.0,2.0
196,273,245.75999450683594,319.61669921875,293.29315185546875,330.7613830566406,libanoticum,40,4,0,713,Erysimum,Erysimum,libanoticum,Erysimum_libanoticum_40_4,Post ,,,,species,,1023.9999771118164,1331.7362467447917,1222.0547993977864,1378.1724294026692,1.0,2.0
197,274,294.7518615722656,319.61669921875,311.1026611328125,330.7613830566406,Post,40,4,1,713,,Erysimum,,,,author_40_4,,,,,1228.1327565511067,1331.7362467447917,1296.2610880533855,1378.1724294026692,1.0,2.0
198,275,245.75999450683594,329.19061279296875,275.6759338378906,340.0220947265625,officinale,40,5,0,713,Erysimum,Erysimum,officinale,Erysimum_officinale_40_5,L. ,,,,species,,1023.9999771118164,1371.6275533040364,1148.6497243245442,1416.7587280273438,1.0,2.0
199,276,278.5838928222656,329.2167053222656,286.2378234863281,340.36138916015625,L.,40,5,1,713,,Erysimum,,,,author_40_5,,,,,1160.7662200927734,1371.7362721761067,1192.6575978597004,1418.1724548339844,1.0,2.0
200,277,245.75999450683594,338.81671142578125,291.49639892578125,349.9613952636719,oleifoliumj.,40,6,0,713,Erysimum,Erysimum,oleifoliumj.,Erysimum_oleifoliumj._40_6,Gay ,,,,species,,1023.9999771118164,1411.7362976074219,1214.5683288574219,1458.1724802652996,1.0,2.0
201,278,295.97125244140625,338.81671142578125,312.3632507324219,349.9613952636719,Gay,40,6,1,713,,Erysimum,,,,author_40_6,,,,,1233.2135518391926,1411.7362976074219,1301.5135447184246,1458.1724802652996,1.0,2.0
202,279,245.75999450683594,348.4167175292969,290.72705078125,359.5614013671875,purpureum,40,7,0,713,Erysimum,Erysimum,purpureum,Erysimum_purpureum_40_7,Auch. ,,,,species,,1023.9999771118164,1451.736323038737,1211.3627115885417,1498.1725056966145,1.0,2.0
203,280,292.3367004394531,348.4167175292969,315.5802917480469,359.5614013671875,Auch.,40,7,1,713,,Erysimum,,,,author_40_7,,,,,1218.069585164388,1451.736323038737,1314.9178822835286,1498.1725056966145,1.0,2.0
204,281,245.75999450683594,358.0166931152344,284.4801940917969,369.161376953125,repandum,40,8,0,713,Erysimum,Erysimum,repandum,Erysimum_repandum_40_8,L. ,,,,species,,1023.9999771118164,1491.7362213134766,1185.3341420491536,1538.1724039713542,1.0,2.0
205,282,289.6976013183594,358.0166931152344,298.06170654296875,369.161376953125,L.,40,8,1,713,,Erysimum,,,,author_40_8,,,,,1207.0733388264973,1491.7362213134766,1241.9237772623699,1538.1724039713542,1.0,2.0
206,283,245.75999450683594,367.590576171875,272.50201416015625,378.4220886230469,rigidum,40,9,0,713,Erysimum,Erysimum,rigidum,Erysimum_rigidum_40_9,D.C. ,,,,species,,1023.9999771118164,1531.6274007161458,1135.4250590006511,1576.7587025960286,1.0,2.0
207,284,274.336669921875,367.61669921875,293.48358154296875,378.7613830566406,D.C.,40,9,1,713,,Erysimum,,,,author_40_9,,,,,1143.0694580078125,1531.7362467447917,1222.8482564290364,1578.1724294026692,1.0,2.0
208,285,245.75999450683594,377.2167053222656,277.7403564453125,388.36138916015625,scabrurri,40,10,0,713,Erysimum,Erysimum,scabrurri,Erysimum_scabrurri_40_10,D.C. ,,,,species,,1023.9999771118164,1571.7362721761067,1157.251485188802,1618.1724548339844,1.0,2.0
209,286,280.6454162597656,377.2167053222656,300.4613342285156,388.36138916015625,D.C.,40,10,1,713,,Erysimum,,,,author_40_10,,,,,1169.3559010823567,1571.7362721761067,1251.9222259521484,1618.1724548339844,1.0,2.0
210,287,245.52000427246094,387.9719543457031,282.4162902832031,397.2745666503906,şmyrnaeum,40,11,0,713,Erysimum,Erysimum,şmyrnaeum,Erysimum_şmyrnaeum_40_11,D.C. ,,,,species,,1023.0000178019205,1616.549809773763,1176.7345428466797,1655.3106943766277,1.0,2.0
211,288,285.48077392578125,387.9943542480469,304.7134094238281,397.56597900390625,D.C.,40,11,1,713,,Erysimum,,,,author_40_11,,,,,1189.5032246907551,1616.6431427001953,1269.6392059326172,1656.5249125162761,1.0,2.0
212,289,246.0,396.4167175292969,278.9120788574219,407.5614013671875,tenellum,40,12,0,713,Erysimum,Erysimum,tenellum,Erysimum_tenellum_40_12,D.C. ,,,,species,,1025.0,1651.736323038737,1162.1336619059246,1698.1725056966145,1.0,2.0
213,290,282.4623718261719,396.4167175292969,301.3895263671875,407.5614013671875,D.C.,40,12,1,713,,Erysimum,,,,author_40_12,,,,,1176.926549275716,1651.736323038737,1255.7896931966145,1698.1725056966145,1.0,2.0
214,291,245.75999450683594,406.4967041015625,290.836181640625,417.6413879394531,verrucosum,40,13,0,713,Erysimum,Erysimum,verrucosum,Erysimum_verrucosum_40_13,Boiss. et Gaill. ,,,,species,,1023.9999771118164,1693.7362670898438,1211.8174235026042,1740.1724497477214,1.0,2.0
215,292,294.65313720703125,406.4967041015625,315.8710632324219,417.6413879394531,Boiss.,40,13,1,713,,Erysimum,,,,author_40_13,,,,,1227.7214050292969,1693.7362670898438,1316.129430135091,1740.1724497477214,1.0,2.0
216,293,320.1123352050781,406.4967041015625,327.09881591796875,417.6413879394531,et,40,13,2,713,,Erysimum,,,,author_40_13,,,,,1333.8013966878254,1693.7362670898438,1362.9117329915364,1740.1724497477214,1.0,2.0
217,294,330.915771484375,406.4967041015625,352.0228271484375,417.6413879394531,Gaill.,40,13,3,713,,Erysimum,,,,author_40_13,,,,,1378.8157145182292,1693.7362670898438,1466.7617797851562,1740.1724497477214,1.0,2.0
218,295,232.32000732421875,416.0967102050781,271.8936767578125,427.24139404296875,Euclidium,41,0,0,713,Euclidium,Euclidium,,,,,,,genus,,968.0000305175781,1733.736292521159,1132.8903198242188,1780.1724751790364,1.0,3.0
219,296,245.75999450683594,425.6966857910156,280.5762023925781,436.84136962890625,syriacum,42,0,0,713,Euclidium,Euclidium,syriacum,Euclidium_syriacum_42_0,(L.) R. Br. ,,,,species,,1023.9999771118164,1773.7361907958984,1169.0675099690754,1820.1723734537761,1.0,2.0
220,297,283.9881896972656,425.6966857910156,298.6538391113281,436.84136962890625,(L.),42,0,1,713,,Euclidium,,,,author_42_0,,,,,1183.2841237386067,1773.7361907958984,1244.3909962972004,1820.1723734537761,1.0,2.0
221,298,302.06585693359375,425.6966857910156,311.0653381347656,436.84136962890625,R.,42,0,2,713,,Euclidium,,,,author_42_0,,,,,1258.6077372233074,1773.7361907958984,1296.1055755615234,1820.1723734537761,1.0,2.0
222,299,314.07647705078125,425.6966857910156,325.6596984863281,436.84136962890625,Br.,42,0,3,713,,Euclidium,,,,author_42_0,,,,,1308.6519877115886,1773.7361907958984,1356.9154103597004,1820.1723734537761,1.0,2.0
223,300,232.0800018310547,436.69195556640625,260.08880615234375,445.99456787109375,Eunomia,43,0,0,713,Eunomia,Eunomia,,,,,,,genus,,967.0000076293945,1819.5498148600261,1083.7033589680989,1858.3106994628906,1.0,3.0
224,301,245.52000427246094,445.110595703125,288.5144958496094,455.94207763671875,oppositifolia,44,0,0,713,Eunomia,Eunomia,oppositifolia,Eunomia_oppositifolia_44_0,(Lab.) D.C. ,,,,species,,1023.0000178019205,1854.6274820963542,1202.1437327067058,1899.7586568196614,1.0,2.0
225,302,291.1696472167969,445.1366882324219,315.3166809082031,456.2813720703125,(Lab.),44,0,1,713,,Eunomia,,,,author_44_0,,,,,1213.2068634033203,1854.7362009684246,1313.8195037841797,1901.172383626302,1.0,2.0
226,303,317.8443298339844,445.1366882324219,337.6602478027344,456.2813720703125,D.C.,44,0,2,713,,Eunomia,,,,author_44_0,,,,,1324.3513743082683,1854.7362009684246,1406.9176991780598,1901.172383626302,1.0,2.0
227,304,232.32000732421875,454.9767150878906,272.3006286621094,466.12139892578125,Euonymus,45,0,0,713,Euonymus,Euonymus,,,,,,,genus,,968.0000305175781,1895.736312866211,1134.585952758789,1942.1724955240886,1.0,3.0
228,305,245.52000427246094,464.5766906738281,277.6815185546875,475.72137451171875,latifolius,46,0,0,713,Euonymus,Euonymus,latifolius,Euonymus_latifolius_46_0,Scop. ,,,,species,,1023.0000178019205,1935.7362111409504,1157.006327311198,1982.1723937988281,1.0,2.0
229,306,281.06903076171875,464.5766906738281,302.8601989746094,475.72137451171875,Scop.,46,0,1,713,,Euonymus,,,,author_46_0,,,,,1171.1209615071614,1935.7362111409504,1261.917495727539,1982.1723937988281,1.0,2.0
230,307,232.0800018310547,474.6567077636719,272.3124084472656,485.8013916015625,Euphorbia,47,0,0,713,Euphorbia,Euphorbia,,,,,,,genus,,967.0000076293945,1977.7362823486328,1134.6350351969402,2024.1724650065105,1.0,3.0
231,308,245.75999450683594,484.2567138671875,277.2252502441406,495.4013977050781,aleppiea,48,0,0,713,Euphorbia,Euphorbia,aleppiea,Euphorbia_aleppiea_48_0,L. ,,,,species,,1023.9999771118164,2017.736307779948,1155.105209350586,2064.1724904378257,1.0,2.0
232,309,281.8775634765625,484.2567138671875,290.1417236328125,495.4013977050781,L.,48,0,1,713,,Euphorbia,,,,author_48_0,,,,,1174.4898478190105,2017.736307779948,1208.923848470052,2064.1724904378257,1.0,2.0
233,310,245.75999450683594,493.8567199707031,278.6666564941406,505.00140380859375,altissima,48,1,0,713,Euphorbia,Euphorbia,altissima,Euphorbia_altissima_48_1,Boiss. ,,,,species,,1023.9999771118164,2057.736333211263,1161.111068725586,2104.1725158691406,1.0,2.0
234,311,282.3642578125,493.8567199707031,303.5821838378906,505.00140380859375,Boiss.,48,1,1,713,,Euphorbia,,,,author_48_1,,,,,1176.5177408854167,2057.736333211263,1264.925765991211,2104.1725158691406,1.0,2.0
235,312,245.52000427246094,503.4566955566406,300.3029479980469,514.6013793945312,antilibanotica,48,2,0,713,Euphorbia,Euphorbia,antilibanotica,Euphorbia_antilibanotica_48_2,Moût. ,,,,species,,1023.0000178019205,2097.7362314860025,1251.2622833251953,2144.1724141438804,1.0,2.0
236,313,303.02301025390625,502.6388854980469,326.3200988769531,514.2446899414062,Moût.,48,2,1,713,,Euphorbia,,,,author_48_2,,,,,1262.5958760579426,2094.3286895751953,1359.6670786539714,2142.686208089193,1.0,2.0
237,314,245.52000427246094,512.2389526367188,264.64471435546875,523.8447265625,apios,48,3,0,713,Euphorbia,Euphorbia,apios,Euphorbia_apios_48_3,L. ,,,,species,,1023.0000178019205,2134.3289693196616,1102.6863098144531,2182.6863606770835,1.0,2.0
238,315,268.73797607421875,512.2389526367188,276.63043212890625,523.8447265625,L.,48,3,1,713,,Euphorbia,,,,author_48_3,,,,,1119.7415669759114,2134.3289693196616,1152.6268005371094,2182.6863606770835,1.0,2.0
239,316,245.52000427246094,521.8389282226562,269.5423278808594,533.4447021484375,arguta,48,4,0,713,Euphorbia,Euphorbia,arguta,Euphorbia_arguta_48_4,Banks et Sol. ,,,,species,,1023.0000178019205,2174.328867594401,1123.093032836914,2222.6862589518228,1.0,2.0
240,317,273.4438171386719,521.8389282226562,295.5472106933594,533.4447021484375,Banks,48,4,1,713,,Euphorbia,,,,author_48_4,,,,,1139.3492380777996,2174.328867594401,1231.4467112223308,2222.6862589518228,1.0,2.0
241,318,299.70880126953125,521.8389282226562,306.2443542480469,533.4447021484375,et,48,4,2,713,,Euphorbia,,,,author_48_4,,,,,1248.7866719563801,2174.328867594401,1276.0181427001953,2222.6862589518228,1.0,2.0
242,319,310.14593505859375,521.8389282226562,324.3897705078125,533.4447021484375,Sol.,48,4,3,713,,Euphorbia,,,,author_48_4,,,,,1292.2747294108074,2174.328867594401,1351.624043782552,2222.6862589518228,1.0,2.0
243,320,245.52000427246094,531.4389038085938,297.6195983886719,543.044677734375,aulacosperma,48,5,0,713,Euphorbia,Euphorbia,aulacosperma,Euphorbia_aulacosperma_48_5,Boiss. ,,,,species,,1023.0000178019205,2214.3287658691406,1240.0816599527996,2262.6861572265625,1.0,2.0
244,321,300.8142395019531,531.4389038085938,322.2292785644531,543.044677734375,Boiss.,48,5,1,713,,Euphorbia,,,,author_48_5,,,,,1253.3926645914714,2214.3287658691406,1342.6219940185547,2262.6861572265625,1.0,2.0
245,322,245.75999450683594,541.0389404296875,278.16241455078125,552.6447143554688,berythea,48,6,0,713,Euphorbia,Euphorbia,berythea,Euphorbia_berythea_48_6,Boiss. et Bl. ,,,,species,,1023.9999771118164,2254.3289184570312,1159.0100606282551,2302.686309814453,1.0,2.0
246,323,281.8116455078125,541.0389404296875,302.78662109375,552.6447143554688,Boiss.,48,6,1,713,,Euphorbia,,,,author_48_6,,,,,1174.2151896158855,2254.3289184570312,1261.6109212239583,2302.686309814453,1.0,2.0
247,324,307.1654968261719,541.0389404296875,313.6112976074219,552.6447143554688,et,48,6,2,713,,Euphorbia,,,,author_48_6,,,,,1279.856236775716,2254.3289184570312,1306.7137400309246,2302.686309814453,1.0,2.0
248,325,317.2604675292969,541.0389404296875,327.7467041015625,552.6447143554688,Bl.,48,6,3,713,,Euphorbia,,,,author_48_6,,,,,1321.9186147054036,2254.3289184570312,1365.6112670898438,2302.686309814453,1.0,2.0
249,326,245.52000427246094,550.638916015625,292.9057922363281,562.2446899414062,biglandulosa,48,7,0,713,Euphorbia,Euphorbia,biglandulosa,Euphorbia_biglandulosa_48_7,Desf. ,,,,species,,1023.0000178019205,2294.328816731771,1220.4408009847004,2342.686208089193,1.0,2.0
250,327,298.6810302734375,550.638916015625,316.229736328125,562.2446899414062,Desf.,48,7,1,713,,Euphorbia,,,,author_48_7,,,,,1244.5042928059895,2294.328816731771,1317.6239013671875,2342.686208089193,1.0,2.0
251,328,245.52000427246094,560.4789428710938,266.4204406738281,572.084716796875,cassia,48,8,0,713,Euphorbia,Euphorbia,cassia,Euphorbia_cassia_48_8,Boiss. ,,,,species,,1023.0000178019205,2335.328928629557,1110.085169474284,2383.686319986979,1.0,2.0
252,329,269.81805419921875,560.4789428710938,291.0290832519531,572.084716796875,Boiss.,48,8,1,713,,Euphorbia,,,,author_48_8,,,,,1124.2418924967449,2335.328928629557,1212.6211802164714,2383.686319986979,1.0,2.0
253,330,245.52000427246094,569.8389282226562,288.9237060546875,581.4447021484375,caudiculosa,48,9,0,713,Euphorbia,Euphorbia,caudiculosa,Euphorbia_caudiculosa_48_9,Boiss. ,,,,species,,1023.0000178019205,2374.328867594401,1203.8487752278645,2422.6862589518228,1.0,2.0
254,331,293.3382568359375,569.8389282226562,314.5492858886719,581.4447021484375,Boiss.,48,9,1,713,,Euphorbia,,,,author_48_9,,,,,1222.2427368164062,2374.328867594401,1310.6220245361328,2422.6862589518228,1.0,2.0
255,332,245.27999877929688,579.4389038085938,289.32763671875,591.044677734375,chaborasica,48,10,0,713,Euphorbia,Euphorbia,chaborasica,Euphorbia_chaborasica_48_10,Gombault ,,,,species,,1021.9999949137369,2414.3287658691406,1205.5318196614583,2462.6861572265625,1.0,2.0
256,333,295.822998046875,579.4389038085938,333.5824279785156,591.044677734375,Gombault,48,10,1,713,,Euphorbia,,,,author_48_10,,,,,1232.5958251953125,2414.3287658691406,1389.9267832438152,2462.6861572265625,1.0,2.0
257,334,245.52000427246094,589.0389404296875,298.5849914550781,600.6447143554688,chamaepeplus,48,11,0,713,Euphorbia,Euphorbia,chamaepeplus,Euphorbia_chamaepeplus_48_11,Boiss. et Gaill. ,,,,species,,1023.0000178019205,2454.3289184570312,1244.1041310628254,2502.686309814453,1.0,2.0
258,335,302.7741394042969,589.0389404296875,323.98516845703125,600.6447143554688,Boiss.,48,11,1,713,,Euphorbia,,,,author_48_11,,,,,1261.5589141845703,2454.3289184570312,1349.9382019042969,2502.686309814453,1.0,2.0
259,336,328.91278076171875,589.0389404296875,335.4126281738281,600.6447143554688,et,48,11,2,713,,Euphorbia,,,,author_48_11,,,,,1370.4699198404949,2454.3289184570312,1397.5526173909504,2502.686309814453,1.0,2.0
260,337,339.84759521484375,589.0389404296875,360.6300354003906,600.6447143554688,Gaill.,48,11,3,713,,Euphorbia,,,,author_48_11,,,,,1416.0316467285156,2454.3289184570312,1502.6251475016277,2502.686309814453,1.0,2.0
261,338,245.52000427246094,599.1189575195312,289.64801025390625,610.7247314453125,chamaesyce,48,12,0,713,Euphorbia,Euphorbia,chamaesyce,Euphorbia_chamaesyce_48_12,L. ,,,,species,,1023.0000178019205,2496.3289896647134,1206.8667093912761,2544.6863810221353,1.0,2.0
262,339,294.3971252441406,599.1189575195312,302.30999755859375,610.7247314453125,L.,48,12,1,713,,Euphorbia,,,,author_48_12,,,,,1226.6546885172527,2496.3289896647134,1259.6249898274739,2544.6863810221353,1.0,2.0
0,3,44.400001525878906,43.984378814697266,89.1000747680664,54.74477767944336,cheiradenia,1,0,0,714,Euphorbia,Euphorbia,cheiradenia,Euphorbia_cheiradenia_1_0,Boiss. et Hoh. ,,,,species,,185.00000635782877,183.26824506123862,371.25031153361004,228.103240331014,0.0,0.0
1,4,93.05889892578125,43.984378814697266,113.62801361083984,54.74477767944336,Boiss.,1,0,1,714,,Euphorbia,,,,author_1_0,,,,,387.7454121907552,183.26824506123862,473.4500567118327,228.103240331014,0.0,0.0
2,5,118.05196380615234,43.984378814697266,124.8727035522461,54.74477767944336,et,1,0,2,714,,Euphorbia,,,,author_1_0,,,,,491.88318252563477,183.26824506123862,520.302931467692,228.103240331014,0.0,0.0
3,6,127.24236297607422,43.984378814697266,147.3606414794922,54.74477767944336,Hoh.,1,0,3,714,,Euphorbia,,,,author_1_0,,,,,530.1765124003092,183.26824506123862,614.0026728312174,228.103240331014,0.0,0.0
4,9,44.400001525878906,54.064395904541016,76.08160400390625,64.82479858398438,chesneyi,2,0,0,714,Euphorbia,Euphorbia,chesneyi,Euphorbia_chesneyi_2_0,(Kl. et Garcke) Khan ,,,,species,,185.00000635782877,225.2683162689209,317.0066833496094,270.10332743326825,0.0,0.0
5,10,80.45250701904297,54.064395904541016,95.7733154296875,64.82479858398438,(Kl.,2,0,1,714,,Euphorbia,,,,author_2_0,,,,,335.2187792460124,225.2683162689209,399.05548095703125,270.10332743326825,0.0,0.0
6,11,99.91471862792969,54.064395904541016,106.7925796508789,64.82479858398438,et,2,0,2,714,,Euphorbia,,,,author_2_0,,,,,416.3113276163737,225.2683162689209,444.9690818786621,270.10332743326825,0.0,0.0
7,12,110.24344635009766,54.064395904541016,141.2633056640625,64.82479858398438,Garcke),2,0,3,714,,Euphorbia,,,,author_2_0,,,,,459.3476931254069,225.2683162689209,588.5971069335938,270.10332743326825,0.0,0.0
8,13,145.6342010498047,54.064395904541016,167.38467407226562,64.82479858398438,Khan,2,0,4,714,,Euphorbia,,,,author_2_0,,,,,606.8091710408529,225.2683162689209,697.4361419677734,270.10332743326825,0.0,0.0
9,16,44.15999984741211,64.83917999267578,70.47233581542969,75.29718017578125,cornuta,3,0,0,714,Euphorbia,Euphorbia,cornuta,Euphorbia_cornuta_3_0,"Pers, ",,,,species,,183.99999936421713,270.1632499694824,293.63473256429035,313.7382507324219,0.0,0.0
10,17,73.52437591552734,64.8643798828125,92.2323989868164,75.62478637695312,"Pers,",3,0,1,714,,Euphorbia,,,,author_3_0,,,,,306.35156631469727,270.26824951171875,384.30166244506836,315.103276570638,0.0,0.0
11,19,44.15999984741211,75.18438720703125,80.23678588867188,85.94479370117188,cybirensis,4,0,0,714,Euphorbia,Euphorbia,cybirensis,Euphorbia_cybirensis_4_0,Boiss. ,,,,species,,183.99999936421713,313.2682800292969,334.3199412027995,358.1033070882161,0.0,0.0
12,20,84.60259246826172,75.18438720703125,105.36040496826172,85.94479370117188,Boiss.,4,0,1,714,,Euphorbia,,,,author_4_0,,,,,352.5108019510905,313.2682800292969,439.00168736775714,358.1033070882161,0.0,0.0
13,23,44.15999984741211,85.23920440673828,83.2559814453125,95.69720458984375,dendroides,5,0,0,714,Euphorbia,Euphorbia,dendroides,Euphorbia_dendroides_5_0,L. ,,,,species,,183.99999936421713,355.16335169474286,346.89992268880206,398.7383524576823,0.0,0.0
14,24,86.28451538085938,85.264404296875,94.52103424072266,96.02481079101562,L.,5,0,1,714,,Euphorbia,,,,author_5_0,,,,,359.51881408691406,355.2683512369792,393.83764266967773,400.10337829589844,0.0,0.0
15,26,44.15999984741211,95.34442138671875,65.3604965209961,106.10482788085938,densa,6,0,0,714,Euphorbia,Euphorbia,densa,Euphorbia_densa_6_0,Schrenk ,,,,species,,183.99999936421713,397.26842244466144,272.3354021708171,442.10344950358075,0.0,0.0
16,27,69.0479965209961,95.34442138671875,100.08006286621094,106.10482788085938,Schrenk,6,0,1,714,,Euphorbia,,,,author_6_0,,,,,287.6999855041504,397.26842244466144,417.0002619425456,442.10344950358075,0.0,0.0
17,30,44.15999984741211,105.42437744140625,76.16576385498047,116.18478393554688,erinacea,7,0,0,714,Euphorbia,Euphorbia,erinacea,Euphorbia_erinacea_7_0,Boiss. et Ky ,,,,species,,183.99999936421713,439.2682393391927,317.35734939575195,484.103266398112,0.0,0.0
18,31,79.74514770507812,105.42437744140625,100.50296020507812,116.18478393554688,Boiss.,7,0,1,714,,Euphorbia,,,,author_7_0,,,,,332.2714487711589,439.2682393391927,418.7623341878255,484.103266398112,0.0,0.0
19,32,104.55867767333984,105.42437744140625,111.38655853271484,116.18478393554688,et,7,0,2,714,,Euphorbia,,,,author_7_0,,,,,435.66115697224933,439.2682393391927,464.1106605529785,484.103266398112,0.0,0.0
20,33,116.14710235595703,105.42437744140625,126.9591064453125,116.18478393554688,Ky,7,0,3,714,,Euphorbia,,,,author_7_0,,,,,483.9462598164876,439.2682393391927,528.9962768554688,484.103266398112,0.0,0.0
21,36,44.15999984741211,115.50439453125,81.19293975830078,126.26480102539062,eriophora,8,0,0,714,Euphorbia,Euphorbia,eriophora,Euphorbia_eriophora_8_0,Boiss. ,,,,species,,183.99999936421713,481.268310546875,338.3039156595866,526.1033376057943,0.0,0.0
22,37,84.3622817993164,115.50439453125,105.1200942993164,126.26480102539062,Boiss.,8,0,1,714,,Euphorbia,,,,author_8_0,,,,,351.5095074971517,481.268310546875,438.00039291381836,526.1033376057943,0.0,0.0
23,40,43.91999816894531,125.58441162109375,67.74740600585938,136.34481811523438,exigua,9,0,0,714,Euphorbia,Euphorbia,exigua,Euphorbia_exigua_9_0,L. ,,,,species,,182.99999237060547,523.2683817545573,282.2808583577474,568.1034088134766,0.0,0.0
24,41,72.42941284179688,125.58441162109375,80.40091705322266,136.34481811523438,L.,9,0,1,714,,Euphorbia,,,,author_9_0,,,,,301.7892201741536,523.2683817545573,335.0038210550944,568.1034088134766,0.0,0.0
25,44,43.91999816894531,135.90438842773438,68.5982894897461,146.664794921875,falcata,10,0,0,714,Euphorbia,Euphorbia,falcata,Euphorbia_falcata_10_0,L. ,,,,species,,182.99999237060547,566.2682851155599,285.8262062072754,611.1033121744791,0.0,0.0
26,45,72.895751953125,135.90438842773438,80.8805160522461,146.664794921875,L.,10,0,1,714,,Euphorbia,,,,author_10_0,,,,,303.7322998046875,566.2682851155599,337.0021502176921,611.1033121744791,0.0,0.0
27,48,43.91999816894531,146.46438598632812,75.80601501464844,157.22479248046875,fistulosa,11,0,0,714,Euphorbia,Euphorbia,fistulosa,Euphorbia_fistulosa_11_0,M.S. Khan ,,,,species,,182.99999237060547,610.2682749430338,315.85839589436847,655.1033020019531,0.0,0.0
28,49,78.61427307128906,146.46438598632812,97.65420532226562,157.22479248046875,M.S.,11,0,1,714,,Euphorbia,,,,author_11_0,,,,,327.5594711303711,610.2682749430338,406.89252217610675,655.1033020019531,0.0,0.0
29,50,101.18360900878906,146.46438598632812,123.12074279785156,157.22479248046875,Khan,11,0,2,714,,Euphorbia,,,,author_11_0,,,,,421.5983708699544,610.2682749430338,513.0030949910482,655.1033020019531,0.0,0.0
30,54,43.92878341674805,156.54440307617188,85.21572875976562,167.3048095703125,gaillardotii,12,1,0,714,Euphorbia,Euphorbia,gaillardotii,Euphorbia_gaillardotii_12_1,Boiss. et Ky ,,,,species,,183.03659756978354,652.2683461507162,355.06553649902344,697.1033732096354,0.0,0.0
31,55,89.51216888427734,156.54440307617188,110.08129119873047,167.3048095703125,Boiss.,12,1,1,714,,Euphorbia,,,,author_12_1,,,,,372.9673703511556,652.2683461507162,458.67204666137695,697.1033732096354,0.0,0.0
32,56,114.88365936279297,156.54440307617188,121.65747833251953,167.3048095703125,et,12,1,2,714,,Euphorbia,,,,author_12_1,,,,,478.6819140116374,652.2683461507162,506.90615971883136,697.1033732096354,0.0,0.0
33,57,125.70198822021484,156.54440307617188,136.45993041992188,167.3048095703125,Ky,12,1,3,714,,Euphorbia,,,,author_12_1,,,,,523.7582842508951,652.2683461507162,568.5830434163412,697.1033732096354,0.0,0.0
34,61,44.15999984741211,166.6243896484375,83.62727355957031,177.38479614257812,geniculata,13,0,0,714,Euphorbia,Euphorbia,geniculata,Euphorbia_geniculata_13_0,Ortega ,,,,species,,183.99999936421713,694.2682902018229,348.4469731648763,739.1033172607422,0.0,0.0
35,62,88.69279479980469,166.6243896484375,114.96125793457031,177.38479614257812,Ortega,13,0,1,714,,Euphorbia,,,,author_13_0,,,,,369.55331166585285,694.2682902018229,479.00524139404297,739.1033172607422,0.0,0.0
36,65,43.91999816894531,176.70440673828125,80.80278778076172,187.46481323242188,granulata,14,0,0,714,Euphorbia,Euphorbia,granulata,Euphorbia_granulata_14_0,Forssk. ,,,,species,,182.99999237060547,736.2683614095052,336.6782824198405,781.1033884684244,0.0,0.0
37,66,84.35973358154297,176.70440673828125,110.64022827148438,187.46481323242188,Forssk.,14,0,1,714,,Euphorbia,,,,author_14_0,,,,,351.4988899230957,736.2683614095052,461.0009511311849,781.1033884684244,0.0,0.0
38,69,43.439998626708984,186.9991912841797,66.22742462158203,197.45718383789062,guestii,15,0,0,714,Euphorbia,Euphorbia,guestii,Euphorbia_guestii_15_0,,,,,species,,180.9999942779541,779.1632970174154,275.9476025899251,822.7382659912109,0.0,0.0
39,70,112.63162231445312,187.02438354492188,150.25010681152344,197.7847900390625,Blakelock,15,1,0,714,,,,,,,,,,,469.2984263102214,779.2682647705078,626.042111714681,824.1032918294271,0.0,1.0
40,72,43.91999816894531,197.34439086914062,94.85553741455078,208.10479736328125,haussknechtii,16,0,0,714,Euphorbia,Euphorbia,haussknechtii,Euphorbia_haussknechtii_16_0,Boiss. et D.C. ,,,,species,,182.99999237060547,822.2682952880859,395.2314058939616,867.1033223470052,0.0,0.0
41,73,98.83170318603516,197.34439086914062,119.20701599121094,208.10479736328125,Boiss.,16,0,1,714,,Euphorbia,,,,author_16_0,,,,,411.7987632751465,822.2682952880859,496.6958999633789,867.1033223470052,0.0,0.0
42,74,123.65135955810547,197.34439086914062,130.40988159179688,208.10479736328125,et,16,0,2,714,,Euphorbia,,,,author_16_0,,,,,515.2139981587728,822.2682952880859,543.3745066324869,867.1033223470052,0.0,0.0
43,75,133.897216796875,197.34439086914062,151.91859436035156,208.10479736328125,D.C.,16,0,3,714,,Euphorbia,,,,author_16_0,,,,,557.9050699869791,822.2682952880859,632.9941431681315,867.1033223470052,0.0,0.0
44,78,43.91999816894531,207.66439819335938,85.84974670410156,218.4248046875,helioscopia,17,0,0,714,Euphorbia,Euphorbia,helioscopia,Euphorbia_helioscopia_17_0,L. ,,,,species,,182.99999237060547,865.2683258056641,357.70727793375653,910.1033528645834,0.0,0.0
45,79,89.50460815429688,207.66439819335938,97.43939208984375,218.4248046875,L.,17,0,1,714,,Euphorbia,,,,author_17_0,,,,,372.9358673095703,865.2683258056641,405.9974670410156,910.1033528645834,0.0,0.0
46,82,43.91999816894531,217.98440551757812,92.8119125366211,228.74481201171875,herniariifolia,18,0,0,714,Euphorbia,Euphorbia,herniariifolia,Euphorbia_herniariifolia_18_0,Willd. ,,,,species,,182.99999237060547,908.2683563232422,386.7163022359212,953.1033833821615,0.0,0.0
47,83,97.74385833740234,217.98440551757812,121.6797103881836,228.74481201171875,Willd.,18,0,1,714,,Euphorbia,,,,author_18_0,,,,,407.2660764058431,908.2683563232422,506.9987932840983,953.1033833821615,0.0,0.0
48,86,43.68000030517578,228.03919982910156,61.02813720703125,238.4971923828125,hirta,19,0,0,714,Euphorbia,Euphorbia,hirta,Euphorbia_hirta_19_0,L. ,,,,species,,182.00000127156576,950.1633326212565,254.28390502929688,993.7383015950521,0.0,0.0
49,87,63.41284942626953,228.06439208984375,71.79168701171875,238.82479858398438,L.,19,0,1,714,,Euphorbia,,,,author_19_0,,,,,264.22020594278973,950.268300374349,299.1320292154948,995.1033274332682,0.0,0.0
50,89,43.68000030517578,238.6243896484375,71.30795288085938,249.38479614257812,isthmia,20,0,0,714,Euphorbia,Euphorbia,isthmia,Euphorbia_isthmia_20_0,Tack. ,,,,species,,182.00000127156576,994.2682902018229,297.11647033691406,1039.1033172607422,0.0,0.0
51,90,75.53605651855469,238.6243896484375,97.19963836669922,249.38479614257812,Tack.,20,0,1,714,,Euphorbia,,,,author_20_0,,,,,314.7335688273112,994.2682902018229,404.9984931945801,1039.1033172607422,0.0,0.0
52,93,43.439998626708984,248.91920471191406,79.31913757324219,259.377197265625,kahirensis,21,0,0,714,Euphorbia,Euphorbia,kahirensis,Euphorbia_kahirensis_21_0,Raeusch ,,,,species,,180.9999942779541,1037.1633529663086,330.4964065551758,1080.7383219401042,0.0,0.0
53,94,82.43869018554688,248.94439697265625,114.53382873535156,259.7048034667969,Raeusch,21,0,1,714,,Euphorbia,,,,author_21_0,,,,,343.4945424397786,1037.2683207194011,477.22428639729816,1082.1033477783203,0.0,0.0
54,96,43.68000030517578,259.264404296875,85.90493774414062,270.0248107910156,kotschyana,22,0,0,714,Euphorbia,Euphorbia,kotschyana,Euphorbia_kotschyana_22_0,Fenzl ,,,,species,,182.00000127156576,1080.2683512369792,357.93724060058594,1125.1033782958984,0.0,0.0
55,97,90.07754516601562,259.264404296875,110.40032958984375,270.0248107910156,Fenzl,22,0,1,714,,Euphorbia,,,,author_22_0,,,,,375.32310485839844,1080.2683512369792,460.0013732910156,1125.1033782958984,0.0,0.0
56,100,43.68000030517578,269.5592041015625,65.8539810180664,280.0172119140625,lanata,23,0,0,714,Euphorbia,Euphorbia,lanata,Euphorbia_lanata_23_0,Siehe ,,,,species,,182.00000127156576,1123.163350423177,274.3915875752767,1166.7383829752605,0.0,0.0
57,101,68.05229187011719,269.58441162109375,88.32050323486328,280.3448181152344,Siehe,23,0,1,714,,Euphorbia,,,,author_23_0,,,,,283.5512161254883,1123.2683817545574,368.00209681193036,1168.1034088134766,0.0,0.0
58,103,43.68000030517578,279.8791809082031,65.90250396728516,290.3371887207031,louisii,24,0,0,714,Euphorbia,Euphorbia,louisii,Euphorbia_louisii_24_0,Thiéb. ,,,,species,,182.00000127156576,1166.1632537841797,274.5937665303548,1209.738286336263,0.0,0.0
59,104,67.4510726928711,279.9043884277344,93.12100982666016,290.664794921875,Thiéb.,24,0,1,714,,Euphorbia,,,,author_24_0,,,,,281.0461362202962,1166.2682851155598,388.004207611084,1211.1033121744792,0.0,0.0
60,107,43.68000030517578,290.4643859863281,88.32173156738281,301.22479248046875,macroclada,25,0,0,714,Euphorbia,Euphorbia,macroclada,Euphorbia_macroclada_25_0,Boiss. ,,,,species,,182.00000127156576,1210.268274943034,368.00721486409503,1255.1033020019531,0.0,0.0
61,108,91.752197265625,290.4643859863281,112.3213119506836,301.22479248046875,Boiss.,25,0,1,714,,Euphorbia,,,,author_25_0,,,,,382.3008219401042,1210.268274943034,468.00546646118164,1255.1033020019531,0.0,0.0
62,111,43.68000030517578,300.7843933105469,88.55592346191406,311.5447998046875,macrostegia,26,0,0,714,Euphorbia,Euphorbia,macrostegia,Euphorbia_macrostegia_26_0,Boiss. ,,,,species,,182.00000127156576,1253.268305460612,368.9830144246419,1298.1033325195312,0.0,0.0
63,112,92.71160888671875,300.7843933105469,113.28072357177734,311.5447998046875,Boiss.,26,0,1,714,,Euphorbia,,,,author_26_0,,,,,386.2983703613281,1253.268305460612,472.0030148824056,1298.1033325195312,0.0,0.0
64,115,43.68000030517578,310.8392028808594,92.72544860839844,321.2972106933594,mesopotamica,27,0,0,714,Euphorbia,Euphorbia,mesopotamica,Euphorbia_mesopotamica_27_0,M.S. Khan ,,,,species,,182.00000127156576,1295.163345336914,386.35603586832684,1338.7383778889973,0.0,0.0
65,116,94.30970764160156,310.8644104003906,113.34963989257812,321.62481689453125,M.S.,27,0,1,714,,Euphorbia,,,,author_27_0,,,,,392.95711517333984,1295.2683766682942,472.2901662190755,1340.1034037272136,0.0,0.0
66,117,114.91656494140625,310.8644104003906,137.0403594970703,321.62481689453125,Khan,27,0,2,714,,Euphorbia,,,,author_27_0,,,,,478.8190205891927,1295.2683766682942,571.0014979044596,1340.1034037272136,0.0,0.0
67,119,43.68000030517578,320.94439697265625,95.41398620605469,331.7048034667969,microsphaera,28,0,0,714,Euphorbia,Euphorbia,microsphaera,Euphorbia_microsphaera_28_0,Boiss. ,,,,species,,182.00000127156576,1337.2683207194011,397.5582758585612,1382.1033477783203,0.0,0.0
68,120,99.19124603271484,320.94439697265625,119.76036834716797,331.7048034667969,Boiss.,28,0,1,714,,Euphorbia,,,,author_28_0,,,,,413.2968584696452,1337.2683207194011,499.0015347798665,1382.1033477783203,0.0,0.0
69,123,43.68000030517578,331.0243835449219,83.5003890991211,341.7847900390625,oxyodonta,29,0,0,714,Euphorbia,Euphorbia,oxyodonta,Euphorbia_oxyodonta_29_0,Boiss et Hausskn. ,,,,species,,182.00000127156576,1379.2682647705078,347.9182879130046,1424.103291829427,0.0,0.0
70,124,87.3878173828125,331.0243835449219,105.49607849121094,341.7847900390625,Boiss,29,0,1,714,,Euphorbia,,,,author_29_0,,,,,364.11590576171875,1379.2682647705078,439.5669937133789,1424.103291829427,0.0,0.0
71,125,109.62625885009766,331.0243835449219,116.38478088378906,341.7847900390625,et,29,0,2,714,,Euphorbia,,,,author_29_0,,,,,456.77607854207355,1379.2682647705078,484.9365870157878,1424.103291829427,0.0,0.0
72,126,120.51496887207031,331.0243835449219,155.25535583496094,341.7847900390625,Hausskn.,29,0,3,714,,Euphorbia,,,,author_29_0,,,,,502.1457036336263,1379.2682647705078,646.8973159790039,1424.103291829427,0.0,0.0
73,129,42.47999954223633,341.0791931152344,79.75178527832031,351.5372009277344,palmyrena,30,0,0,714,Euphorbia,Euphorbia,palmyrena,Euphorbia_palmyrena_30_0,Mout. ,,,,species,,176.99999809265137,1421.1633046468098,332.29910532633465,1464.7383371988933,0.0,0.0
74,130,82.33055114746094,341.1044006347656,106.55432891845703,351.86480712890625,Mout.,30,0,1,714,,Euphorbia,,,,author_30_0,,,,,343.0439631144206,1421.2683359781902,443.976370493571,1466.1033630371094,0.0,0.0
75,132,43.439998626708984,351.18438720703125,73.00102233886719,361.9447937011719,paralias,31,0,0,714,Euphorbia,Euphorbia,paralias,Euphorbia_paralias_31_0,L. ,,,,species,,180.9999942779541,1463.2682800292969,304.1709264119466,1508.103307088216,0.0,0.0
76,133,76.58116149902344,351.18438720703125,84.95999908447266,361.9447937011719,L.,31,0,1,714,,Euphorbia,,,,author_31_0,,,,,319.08817291259766,1463.2682800292969,353.99999618530273,1508.103307088216,0.0,0.0
77,136,43.439998626708984,361.264404296875,64.93385314941406,372.0248107910156,peplis,32,0,0,714,Euphorbia,Euphorbia,peplis,Euphorbia_peplis_32_0,L. ,,,,species,,180.9999942779541,1505.2683512369792,270.5577214558919,1550.1033782958984,0.0,0.0
78,137,68.87635803222656,361.264404296875,76.80196380615234,372.0248107910156,L.,32,0,1,714,,Euphorbia,,,,author_32_0,,,,,286.98482513427734,1505.2683512369792,320.00818252563477,1550.1033782958984,0.0,0.0
79,141,43.799903869628906,371.3443908691406,79.0935287475586,382.10479736328125,peploides,33,1,0,714,Euphorbia,Euphorbia,peploides,Euphorbia_peploides_33_1,Gouan ,,,,species,,182.4995994567871,1547.268295288086,329.55636978149414,1592.1033223470051,0.0,0.0
80,142,82.04867553710938,371.3443908691406,108.72003936767578,382.10479736328125,Gouan,33,1,1,714,,Euphorbia,,,,author_33_1,,,,,341.8694814046224,1547.268295288086,453.0001640319824,1592.1033223470051,0.0,0.0
81,145,43.439998626708984,381.42437744140625,67.69009399414062,392.1847839355469,peplus,34,0,0,714,Euphorbia,Euphorbia,peplus,Euphorbia_peplus_34_0,L. ,,,,species,,180.9999942779541,1589.2682393391926,282.04205830891925,1634.103266398112,0.0,0.0
82,146,71.48776245117188,381.42437744140625,79.43988800048828,392.1847839355469,L.,34,0,1,714,,Euphorbia,,,,author_34_0,,,,,297.8656768798828,1589.2682393391926,330.99953333536786,1634.103266398112,0.0,0.0
83,149,42.959999084472656,391.50439453125,77.05126190185547,402.2648010253906,petiolata,35,0,0,714,Euphorbia,Euphorbia,petiolata,Euphorbia_petiolata_35_0,Banks et Sol. ,,,,species,,178.99999618530273,1631.268310546875,321.04692459106445,1676.1033376057942,0.0,0.0
84,150,80.7703857421875,391.50439453125,102.92601013183594,402.2648010253906,Banks,35,0,1,714,,Euphorbia,,,,author_35_0,,,,,336.54327392578125,1631.268310546875,428.8583755493164,1676.1033376057942,0.0,0.0
85,151,106.64513397216797,391.50439453125,113.4209976196289,402.2648010253906,et,35,0,2,714,,Euphorbia,,,,author_35_0,,,,,444.3547248840332,1631.268310546875,472.5874900817871,1676.1033376057942,0.0,0.0
86,152,116.51690673828125,391.50439453125,130.8003692626953,402.2648010253906,Sol.,35,0,3,714,,Euphorbia,,,,author_35_0,,,,,485.4871114095052,1631.268310546875,545.0015385945638,1676.1033376057942,0.0,0.0
87,155,42.2400016784668,401.7991943359375,78.39439392089844,412.2572021484375,petrophila,36,0,0,714,Euphorbia,Euphorbia,petrophila,Euphorbia_petrophila_36_0,C.A. Mey. ,,,,species,,176.00000699361166,1674.163309733073,326.64330800374347,1717.7383422851562,0.0,0.0
88,156,80.08641815185547,401.82440185546875,97.61900329589844,412.5848083496094,C.A.,36,0,1,714,,Euphorbia,,,,author_36_0,,,,,333.69340896606445,1674.2683410644531,406.74584706624347,1719.1033681233723,0.0,0.0
89,157,99.31102752685547,401.82440185546875,119.76101684570312,412.5848083496094,Mey.,36,0,2,714,,Euphorbia,,,,author_36_0,,,,,413.79594802856445,1674.2683410644531,499.0042368570964,1719.1033681233723,0.0,0.0
90,159,43.20000076293945,411.9044189453125,104.98629760742188,422.6648254394531,phymatosperma,37,0,0,714,Euphorbia,Euphorbia,phymatosperma,Euphorbia_phymatosperma_37_0,Boiss. et Gaill. ,,,,species,,180.0000031789144,1716.2684122721355,437.4429066975911,1761.1034393310547,0.0,0.0
91,160,108.50447845458984,411.9044189453125,129.07359313964844,422.6648254394531,Boiss.,37,0,1,714,,Euphorbia,,,,author_37_0,,,,,452.101993560791,1716.2684122721355,537.8066380818685,1761.1034393310547,0.0,0.0
92,161,133.06097412109375,411.9044189453125,139.82765197753906,422.6648254394531,et,37,0,2,714,,Euphorbia,,,,author_37_0,,,,,554.4207255045573,1716.2684122721355,582.6152165730795,1761.1034393310547,0.0,0.0
93,162,143.34579467773438,411.9044189453125,164.43179321289062,422.6648254394531,Gaill.,37,0,3,714,,Euphorbia,,,,author_37_0,,,,,597.2741444905599,1716.2684122721355,685.1324717203776,1761.1034393310547,0.0,0.0
94,165,43.20000076293945,421.984375,88.31092071533203,432.7447814941406,physocaulos,38,0,0,714,Euphorbia,Euphorbia,physocaulos,Euphorbia_physocaulos_38_0,Mout. ,,,,species,,180.0000031789144,1758.2682291666667,367.9621696472168,1803.103256225586,0.0,0.0
95,166,91.93620300292969,421.984375,116.15998077392578,432.7447814941406,Mout.,38,0,1,714,,Euphorbia,,,,author_38_0,,,,,383.06751251220703,1758.2682291666667,483.9999198913574,1803.103256225586,0.0,0.0
96,169,43.20000076293945,432.06439208984375,77.01371765136719,442.8247985839844,pilulifera,39,0,0,714,Euphorbia,Euphorbia,pilulifera,Euphorbia_pilulifera_39_0,L. ,,,,species,,180.0000031789144,1800.2683003743489,320.89049021402997,1845.1033274332683,0.0,0.0
97,170,81.38197326660156,432.06439208984375,89.76081085205078,442.8247985839844,L.,39,0,1,714,,Euphorbia,,,,author_39_0,,,,,339.09155527750653,1800.2683003743489,374.0033785502116,1845.1033274332683,0.0,0.0
98,173,43.439998626708984,442.1444091796875,63.72433090209961,452.9048156738281,postii,40,0,0,714,Euphorbia,Euphorbia,postii,Euphorbia_postii_40_0,Boiss. ,,,,species,,180.9999942779541,1842.2683715820312,265.51804542541504,1887.1033986409504,0.0,0.0
99,174,67.51078033447266,442.1444091796875,88.07990264892578,452.9048156738281,Boiss.,40,0,1,714,,Euphorbia,,,,author_40_0,,,,,281.29491806030273,1842.2683715820312,366.9995943705241,1887.1033986409504,0.0,0.0
100,177,43.20000076293945,452.2243957519531,98.40872955322266,462.98480224609375,promecocarpa,41,0,0,714,Euphorbia,Euphorbia,promecocarpa,Euphorbia_promecocarpa_41_0,Davis ,,,,species,,180.0000031789144,1884.268315633138,410.03637313842773,1929.1033426920574,0.0,0.0
101,178,102.82756805419922,452.2243957519531,123.83997344970703,462.98480224609375,Davis,41,0,1,714,,Euphorbia,,,,author_41_0,,,,,428.4482002258301,1884.268315633138,515.9998893737793,1929.1033426920574,0.0,0.0
102,181,42.2400016784668,462.2791748046875,75.84370422363281,472.7371826171875,prunifolia,42,0,0,714,Euphorbia,Euphorbia,prunifolia,Euphorbia_prunifolia_42_0,Jacqu. ,,,,species,,176.00000699361166,1926.1632283528645,316.0154342651367,1969.738260904948,0.0,0.0
103,182,78.6234130859375,462.30438232421875,104.63932800292969,473.0647888183594,Jacqu.,42,0,1,714,,Euphorbia,,,,author_42_0,,,,,327.59755452473956,1926.2682596842449,435.99720001220703,1971.103286743164,0.0,0.0
104,184,42.2400016784668,473.2326965332031,72.72329711914062,482.56024169921875,pubescens,43,0,0,714,Euphorbia,Euphorbia,pubescens,Euphorbia_pubescens_43_0,Vahl ,,,,species,,176.00000699361166,1971.8029022216797,303.01373799641925,2010.6676737467449,0.0,0.0
105,185,78.5970458984375,473.25518798828125,96.72107696533203,482.8524169921875,Vahl,43,0,1,714,,Euphorbia,,,,author_43_0,,,,,327.48769124348956,1971.8966166178386,403.0044873555501,2011.8850708007812,0.0,0.0
106,187,42.2400016784668,483.3127136230469,70.2167739868164,492.6402587890625,pusillima,44,0,0,714,Euphorbia,Euphorbia,pusillima,Euphorbia_pusillima_44_0,,,,,species,,176.00000699361166,2013.802973429362,292.56989161173504,2052.6677449544272,0.0,0.0
107,188,78.74258422851562,483.335205078125,94.32136535644531,492.93243408203125,Post,44,1,0,714,,,,,,,,,,True,328.09410095214844,2013.8966878255208,393.0056889851888,2053.8851420084634,0.0,2.0
108,191,43.20000076293945,492.5191955566406,64.86471557617188,502.9772033691406,retuşa,45,0,0,714,Euphorbia,Euphorbia,retuşa,Euphorbia_retuşa_45_0,Forssk. ,,,,species,,180.0000031789144,2052.163314819336,270.2696482340495,2095.7383473714194,0.0,0.0
109,192,68.01467895507812,492.5444030761719,94.29518127441406,503.3048095703125,Forssk.,45,0,1,714,,Euphorbia,,,,author_45_0,,,,,283.3944956461589,2052.2683461507163,392.8965886433919,2097.1033732096353,0.0,0.0
110,195,43.20000076293945,502.6243896484375,83.13728332519531,513.384765625,reuteriana,46,0,0,714,Euphorbia,Euphorbia,reuteriana,Euphorbia_reuteriana_46_0,Boiss. ,,,,species,,180.0000031789144,2094.2682902018228,346.4053471883138,2139.1031901041665,0.0,0.0
111,196,86.52286529541016,502.6243896484375,107.28067779541016,513.384765625,Boiss.,46,0,1,714,,Euphorbia,,,,author_46_0,,,,,360.51193873087567,2094.2682902018228,447.0028241475423,2139.1031901041665,0.0,0.0
112,199,43.20000076293945,512.7044067382812,71.53112030029297,523.4647827148438,szovitsii,47,0,0,714,Euphorbia,Euphorbia,szovitsii,Euphorbia_szovitsii_47_0,Fisch. et Mey. ,,,,species,,180.0000031789144,2136.2683614095054,298.046334584554,2181.103261311849,0.0,0.0
113,200,75.91222381591797,512.7044067382812,98.75043487548828,523.4647827148438,Fisch.,47,0,1,714,,Euphorbia,,,,author_47_0,,,,,316.3009325663249,2136.2683614095054,411.4601453145345,2181.103261311849,0.0,0.0
114,201,103.37532043457031,512.7044067382812,110.10426330566406,523.4647827148438,et,47,0,2,714,,Euphorbia,,,,author_47_0,,,,,430.73050181070965,2136.2683614095054,458.7677637736003,2181.103261311849,0.0,0.0
115,202,114.04166412353516,512.7044067382812,133.4402313232422,523.4647827148438,Mey.,47,0,3,714,,Euphorbia,,,,author_47_0,,,,,475.1736005147298,2136.2683614095054,556.0009638468424,2181.103261311849,0.0,0.0
116,205,43.439998626708984,522.7843627929688,78.10652923583984,533.5447387695312,terracina,48,0,0,714,Euphorbia,Euphorbia,terracina,Euphorbia_terracina_48_0,L. ,,,,species,,180.9999942779541,2178.2681783040366,325.44387181599933,2223.1030782063804,0.0,0.0
117,206,81.0443344116211,522.7843627929688,89.03929901123047,533.5447387695312,L.,48,0,1,714,,Euphorbia,,,,author_48_0,,,,,337.6847267150879,2178.2681783040366,370.99707921346027,2223.1030782063804,0.0,0.0
118,209,43.439998626708984,532.8643798828125,88.0964126586914,543.624755859375,thamnoides,49,0,0,714,Euphorbia,Euphorbia,thamnoides,Euphorbia_thamnoides_49_0,Boiss. ,,,,species,,180.9999942779541,2220.2682495117188,367.06838607788086,2265.1031494140625,0.0,0.0
119,210,91.2708511352539,532.8643798828125,111.83997344970703,543.624755859375,Boiss.,49,0,1,714,,Euphorbia,,,,author_49_0,,,,,380.2952130635579,2220.2682495117188,465.9998893737793,2265.1031494140625,0.0,0.0
120,213,43.439998626708984,542.919189453125,73.73025512695312,553.377197265625,tinctoria,50,0,0,714,Euphorbia,Euphorbia,tinctoria,Euphorbia_tinctoria_50_0,Boiss. ,,,,species,,180.9999942779541,2262.163289388021,307.2093963623047,2305.738321940104,0.0,0.0
121,214,75.71332550048828,542.9443969726562,97.30404663085938,553.7047729492188,Boiss.,50,0,1,714,,Euphorbia,,,,author_50_0,,,,,315.47218958536786,2262.268320719401,405.43352762858075,2307.1032206217446,0.0,0.0
122,216,43.20000076293945,553.0244140625,79.09747314453125,563.7847900390625,verrucosa,51,0,0,714,Euphorbia,Euphorbia,verrucosa,Euphorbia_verrucosa_51_0,L. ,,,,species,,180.0000031789144,2304.2683919270835,329.5728047688802,2349.1032918294272,0.0,0.0
123,217,83.38677978515625,553.0244140625,91.43988800048828,563.7847900390625,L.,51,0,1,714,,Euphorbia,,,,author_51_0,,,,,347.4449157714844,2304.2683919270835,380.99953333536786,2349.1032918294272,0.0,0.0
124,220,29.520000457763672,563.1043701171875,113.20121002197266,573.86474609375,EUPHORBIACEAE,52,0,0,714,,,,,,,,,,,123.00000190734863,2346.2682088216147,471.67170842488605,2391.1031087239585,0.0,3.0
125,222,29.280000686645508,573.1591796875,93.75537109375,583.6171875,EUPHORBIALES,53,0,0,714,,,,,,,,,,,122.00000286102295,2388.1632486979165,390.6473795572917,2431.73828125,0.0,3.0
126,224,29.280000686645508,583.264404296875,75.56556701660156,594.0247802734375,Exoacantha,54,0,0,714,Exoacantha,Exoacantha,,,,,,,genus,,122.00000286102295,2430.268351236979,314.85652923583984,2475.1032511393228,0.0,3.0
127,226,42.720001220703125,593.3444213867188,91.01598358154297,604.1047973632812,heterophylla,55,0,0,714,Exoacantha,Exoacantha,heterophylla,Exoacantha_heterophylla_55_0,Lab. ,,,,species,,178.00000508626303,2472.2684224446616,379.2332649230957,2517.1033223470054,0.0,0.0
128,227,94.44441223144531,593.3444213867188,112.08041381835938,604.1047973632812,Lab.,55,0,1,714,,Exoacantha,,,,author_55_0,,,,,393.5183842976888,2472.2684224446616,467.00172424316406,2517.1033223470054,0.0,0.0
129,229,236.63999938964844,56.464420318603516,285.9033508300781,67.22482299804688,Factorovskya,56,0,0,714,Factorovskya,Factorovskya,,,,,,,genus,,985.9999974568685,235.2684179941813,1191.2639617919922,280.1034291585286,1.0,4.0
130,230,250.0800018310547,65.58441162109375,302.7500305175781,76.34481811523438,aschersoniana,57,0,0,714,Factorovskya,Factorovskya,aschersoniana,Factorovskya_aschersoniana_57_0,(Urban) Eig ,,,,species,,1042.0000076293945,273.2683817545573,1261.458460489909,318.10340881347656,1.0,5.0
131,231,306.78436279296875,65.58441162109375,338.5986328125,76.34481811523438,(Urban),57,0,1,714,,Factorovskya,,,,author_57_0,,,,,1278.2681783040364,273.2683817545573,1410.82763671875,318.10340881347656,1.0,5.0
132,232,342.6332092285156,65.58441162109375,355.3794250488281,76.34481811523438,Eig,57,0,2,714,,Factorovskya,,,,author_57_0,,,,,1427.6383717854817,273.2683817545573,1480.7476043701172,318.10340881347656,1.0,5.0
133,233,236.16000366210938,74.94439697265625,267.2336730957031,85.70480346679688,Fagonia,58,0,0,714,Fagonia,Fagonia,,,,,,,genus,,984.0000152587891,312.26832071940106,1113.473637898763,357.1033477783203,1.0,4.0
134,234,249.83999633789062,84.784423828125,284.19891357421875,95.54483032226562,bruguieri,59,0,0,714,Fagonia,Fagonia,bruguieri,Fagonia_bruguieri_59_0,D.C. ,,,,species,,1040.999984741211,353.2684326171875,1184.1621398925781,398.10345967610675,1.0,5.0
135,235,288.1944580078125,84.784423828125,307.39776611328125,95.54483032226562,D.C.,59,0,1,714,,Fagonia,,,,author_59_0,,,,,1200.8102416992188,353.2684326171875,1280.8240254720051,398.10345967610675,1.0,5.0
136,236,249.60000610351562,94.8643798828125,274.96124267578125,105.62478637695312,olivieri,59,1,0,714,Fagonia,Fagonia,olivieri,Fagonia_olivieri_59_1,D.C ,,,,species,,1040.0000254313152,395.26824951171875,1145.6718444824219,440.103276570638,1.0,5.0
137,237,279.56640625,94.8643798828125,294.93310546875,105.62478637695312,D.C,59,1,1,714,,Fagonia,,,,author_59_1,,,,,1164.8600260416667,395.26824951171875,1228.887939453125,440.103276570638,1.0,5.0
138,238,236.16000366210938,103.50439453125,267.06512451171875,114.26480102539062,Falcaria,60,0,0,714,Falcaria,Falcaria,,,,,,,genus,,984.0000152587891,431.268310546875,1112.7713521321614,476.10333760579425,1.0,4.0
139,239,249.83999633789062,113.07917022705078,271.56353759765625,123.53717041015625,rivinii,61,0,0,714,Falcaria,Falcaria,rivinii,Falcaria_rivinii_61_0,Host ,,,,species,,1040.999984741211,471.16320927937824,1131.5147399902344,514.7382100423177,1.0,5.0
140,240,273.33953857421875,113.1043701171875,291.4204406738281,123.86477661132812,Host,61,0,1,714,,Falcaria,,,,author_61_0,,,,,1138.9147440592449,471.26820882161456,1214.2518361409504,516.1032358805338,1.0,5.0
141,241,249.60000610351562,122.70440673828125,277.9957580566406,133.46481323242188,vulgaris,61,1,0,714,Falcaria,Falcaria,vulgaris,Falcaria_vulgaris_61_1,Bernh. ,,,,species,,1040.0000254313152,511.2683614095052,1158.315658569336,556.1033884684244,1.0,5.0
142,242,282.9725341796875,122.70440673828125,308.8360595703125,133.46481323242188,Bernh.,61,1,1,714,,Falcaria,,,,author_61_1,,,,,1179.052225748698,511.2683614095052,1286.816914876302,556.1033884684244,1.0,5.0
143,243,236.39999389648438,132.78439331054688,266.19244384765625,143.5447998046875,Farsetia,62,0,0,714,Farsetia,Farsetia,,,,,,,genus,,984.9999745686849,553.2683054606119,1109.1351826985676,598.1033325195312,1.0,4.0
144,244,249.36000061035156,141.66439819335938,289.1467590332031,152.4248046875,aegyptiaca,63,0,0,714,Farsetia,Farsetia,aegyptiaca,Farsetia_aegyptiaca_63_0,Turra ,,,,species,,1039.0000025431316,590.2683258056641,1204.7781626383464,635.1033528645834,1.0,5.0
145,245,294.0755920410156,141.66439819335938,316.5596618652344,152.4248046875,Turra,63,0,1,714,,Farsetia,,,,author_63_0,,,,,1225.3149668375652,590.2683258056641,1318.9985911051433,635.1033528645834,1.0,5.0
146,246,249.36000061035156,152.37193298339844,296.71246337890625,161.67457580566406,cheiranthoides,63,1,0,714,Farsetia,Farsetia,cheiranthoides,Farsetia_cheiranthoides_63_1,R. Br. ,,,,species,,1039.0000025431316,634.8830540974935,1236.3019307454426,673.6440658569336,1.0,5.0
147,247,299.5887145996094,152.39434814453125,308.0694580078125,161.9659881591797,R.,63,1,1,714,,Farsetia,,,,author_63_1,,,,,1248.2863108317058,634.9764506022135,1283.6227416992188,674.858283996582,1.0,5.0
148,248,311.8298645019531,152.39434814453125,323.1987609863281,161.9659881591797,Br.,63,1,2,714,,Farsetia,,,,author_63_1,,,,,1299.2911020914714,634.9764506022135,1346.6615041097004,674.858283996582,1.0,5.0
149,249,249.36000061035156,161.07920837402344,279.8838195800781,171.53720092773438,clypeata,63,2,0,714,Farsetia,Farsetia,clypeata,Farsetia_clypeata_63_2,(L.) R. Br. ,,,,species,,1039.0000025431316,671.1633682250977,1166.182581583659,714.7383371988932,1.0,5.0
150,250,282.00537109375,161.10440063476562,297.3475341796875,171.86480712890625,(L.),63,2,1,714,,Farsetia,,,,author_63_2,,,,,1175.0223795572917,671.2683359781901,1238.9480590820312,716.1033630371094,1.0,5.0
151,251,299.4690856933594,161.10440063476562,308.7166748046875,171.86480712890625,R.,63,2,2,714,,Farsetia,,,,author_63_2,,,,,1247.787857055664,671.2683359781901,1286.3194783528645,716.1033630371094,1.0,5.0
152,252,310.6033630371094,161.10440063476562,322.56292724609375,171.86480712890625,Br.,63,2,3,714,,Farsetia,,,,author_63_2,,,,,1294.180679321289,671.2683359781901,1344.0121968587239,716.1033630371094,1.0,5.0
153,253,249.36000061035156,171.8119354248047,278.90557861328125,181.1145782470703,eriocarpa,63,3,0,714,Farsetia,Farsetia,eriocarpa,Farsetia_eriocarpa_63_3,D.C. ,,,,species,,1039.0000025431316,715.8830642700195,1162.1065775553386,754.6440760294596,1.0,5.0
154,254,282.13531494140625,171.8343505859375,300.8550109863281,181.40599060058594,D.C.,63,3,1,714,,Farsetia,,,,author_63_3,,,,,1175.5638122558594,715.9764607747396,1253.5625457763672,755.858294169108,1.0,5.0
155,255,235.9199981689453,180.78439331054688,260.239990234375,191.5447998046875,Ferula,64,0,0,714,Ferula,Ferula,,,,,,,genus,,982.9999923706055,753.2683054606119,1084.3332926432292,798.1033325195312,1.0,4.0
156,256,249.60000610351562,189.90438842773438,284.35748291015625,200.664794921875,armandii,65,0,0,714,Ferula,Ferula,armandii,Ferula_armandii_65_0,Mout. ,,,,species,,1040.0000254313152,791.2682851155599,1184.8228454589844,836.1033121744791,1.0,5.0
157,257,287.7328796386719,189.90438842773438,311.9566345214844,200.664794921875,Mout.,65,0,1,714,,Ferula,,,,author_65_0,,,,,1198.886998494466,791.2682851155599,1299.8193105061848,836.1033121744791,1.0,5.0
158,258,249.36000061035156,199.50439453125,277.1313171386719,210.26480102539062,barbeyi,65,1,0,714,Ferula,Ferula,barbeyi,Ferula_barbeyi_65_1,Post ,,,,species,,1039.0000025431316,831.268310546875,1154.7138214111328,876.1033376057943,1.0,5.0
159,259,282.5314025878906,199.50439453125,298.3785095214844,210.26480102539062,Post,65,1,1,714,,Ferula,,,,author_65_1,,,,,1177.2141774495442,831.268310546875,1243.2437896728516,876.1033376057943,1.0,5.0
160,260,248.39999389648438,209.55921936035156,266.8554382324219,220.0172119140625,bilasi,65,2,0,714,Ferula,Ferula,bilasi,Ferula_bilasi_65_2,Post ,,,,species,,1034.9999745686848,873.1634140014648,1111.8976593017578,916.7383829752604,1.0,5.0
161,261,270.1084289550781,209.58441162109375,286.1391296386719,220.34481811523438,Post,65,2,1,714,,Ferula,,,,author_65_2,,,,,1125.4517873128254,873.2683817545573,1192.246373494466,918.1034088134766,1.0,5.0
162,262,249.36000061035156,218.46438598632812,296.7044677734375,229.22479248046875,biverticillata,65,3,0,714,Ferula,Ferula,biverticillata,Ferula_biverticillata_65_3,Thiéb. ,,,,species,,1039.0000025431316,910.2682749430338,1236.2686157226562,955.1033020019531,1.0,5.0
163,263,301.6476135253906,218.46438598632812,327.3175354003906,229.22479248046875,Thiéb.,65,3,1,714,,Ferula,,,,author_65_3,,,,,1256.8650563557942,910.2682749430338,1363.8230641682942,955.1033020019531,1.0,5.0
164,264,249.36000061035156,228.30438232421875,281.68707275390625,239.06478881835938,blanchei,65,4,0,714,Ferula,Ferula,blanchei,Ferula_blanchei_65_4,Boiss. ,,,,species,,1039.0000025431316,951.2682596842448,1173.6961364746094,996.1032867431641,1.0,5.0
165,265,285.8682556152344,228.30438232421875,306.4373779296875,239.06478881835938,Boiss.,65,4,1,714,,Ferula,,,,author_65_4,,,,,1191.1177317301433,951.2682596842448,1276.8224080403645,996.1032867431641,1.0,5.0
166,266,249.1199951171875,237.66439819335938,267.9642639160156,248.4248046875,cassii,65,5,0,714,Ferula,Ferula,cassii,Ferula_cassii_65_5,Zoh. et Davis ,,,,species,,1037.999979654948,990.2683258056641,1116.5177663167317,1035.1033528645833,1.0,5.0
167,267,271.02447509765625,237.66439819335938,289.32818603515625,248.4248046875,Zoh.,65,5,1,714,,Ferula,,,,author_65_5,,,,,1129.2686462402344,990.2683258056641,1205.5341084798176,1035.1033528645833,1.0,5.0
168,268,293.0942077636719,237.66439819335938,299.8578186035156,248.4248046875,et,65,5,2,714,,Ferula,,,,author_65_5,,,,,1221.225865681966,990.2683258056641,1249.4075775146484,1035.1033528645833,1.0,5.0
169,269,302.91802978515625,237.66439819335938,323.9304504394531,248.4248046875,Davis,65,5,3,714,,Ferula,,,,author_65_5,,,,,1262.1584574381511,990.2683258056641,1349.710210164388,1035.1033528645833,1.0,5.0
170,270,249.1199951171875,247.50439453125,288.4300231933594,258.2648010253906,communis,65,6,0,714,Ferula,Ferula,communis,Ferula_communis_65_6,L. ,,,,species,,1037.999979654948,1031.268310546875,1201.791763305664,1076.1033376057942,1.0,5.0
171,271,292.21136474609375,247.50439453125,300.1971435546875,258.2648010253906,L.,65,6,1,714,,Ferula,,,,author_65_6,,,,,1217.5473531087239,1031.268310546875,1250.8214314778645,1076.1033376057942,1.0,5.0
172,272,248.8800048828125,257.1044006347656,284.21441650390625,267.86480712890625,hermonis,65,7,0,714,Ferula,Ferula,hermonis,Ferula_hermonis_65_7,Boiss. ,,,,species,,1037.000020345052,1071.2683359781902,1184.2267354329426,1116.1033630371094,1.0,5.0
173,273,287.3072509765625,257.1044006347656,307.8763732910156,267.86480712890625,Boiss.,65,7,1,714,,Ferula,,,,author_65_7,,,,,1197.113545735677,1071.2683359781902,1282.8182220458984,1116.1033630371094,1.0,5.0
174,274,248.8800048828125,266.67919921875,274.58306884765625,277.13720703125,hispida,65,8,0,714,Ferula,Ferula,hispida,Ferula_hispida_65_8,Friv. ,,,,species,,1037.000020345052,1111.163330078125,1144.0961201985676,1154.7383626302083,1.0,5.0
175,275,275.9833068847656,266.70440673828125,294.74908447265625,277.4648132324219,Friv.,65,8,1,714,,Ferula,,,,author_65_8,,,,,1149.9304453531902,1111.2683614095051,1228.1211853027344,1156.1033884684246,1.0,5.0
176,276,249.1199951171875,276.7591857910156,278.6580505371094,287.2171936035156,meifolia,65,9,0,714,Ferula,Ferula,meifolia,Ferula_meifolia_65_9,(Fenzl) Boiss. ,,,,species,,1037.999979654948,1153.1632741292317,1161.075210571289,1196.7383066813152,1.0,5.0
177,277,281.07159423828125,276.7843933105469,308.4169921875,287.5447998046875,(Fenzl),65,9,1,714,,Ferula,,,,author_65_9,,,,,1171.1316426595051,1153.268305460612,1285.07080078125,1198.1033325195312,1.0,5.0
178,278,310.8305358886719,276.7843933105469,331.399658203125,287.5447998046875,Boiss.,65,9,2,714,,Ferula,,,,author_65_9,,,,,1295.127232869466,1153.268305460612,1380.8319091796875,1198.1033325195312,1.0,5.0
179,279,248.8800048828125,285.8791809082031,285.5596008300781,296.3371887207031,orbicularis,65,10,0,714,Ferula,Ferula,orbicularis,Ferula_orbicularis_65_10,Post et Beauv. ,,,,species,,1037.000020345052,1191.1632537841797,1189.8316701253254,1234.738286336263,1.0,5.0
180,280,288.563720703125,285.9043884277344,304.59442138671875,296.664794921875,Post,65,10,1,714,,Ferula,,,,author_65_10,,,,,1202.3488362630208,1191.2682851155598,1269.1434224446614,1236.1033121744792,1.0,5.0
181,281,307.5985412597656,285.9043884277344,314.3193054199219,296.664794921875,et,65,10,2,714,,Ferula,,,,author_65_10,,,,,1281.6605885823567,1191.2682851155598,1309.6637725830078,1236.1033121744792,1.0,5.0
182,282,317.32342529296875,285.9043884277344,342.43890380859375,296.664794921875,Beauv.,65,10,3,714,,Ferula,,,,author_65_10,,,,,1322.1809387207031,1191.2682851155598,1426.8287658691406,1236.1033121744792,1.0,5.0
183,283,247.9199981689453,295.23919677734375,288.4809265136719,305.69720458984375,palmyrensis,65,11,0,714,Ferula,Ferula,palmyrensis,Ferula_palmyrensis_65_11,Post et Beauv. ,,,,species,,1032.9999923706055,1230.1633199055989,1202.0038604736328,1273.7383524576824,1.0,5.0
184,284,292.01849365234375,295.264404296875,308.0491943359375,306.0248107910156,Post,65,11,1,714,,Ferula,,,,author_65_11,,,,,1216.7437235514324,1230.2683512369792,1283.538309733073,1275.1033782958984,1.0,5.0
185,285,311.35009765625,295.264404296875,318.1014709472656,306.0248107910156,et,65,11,2,714,,Ferula,,,,author_65_11,,,,,1297.2920735677083,1230.2683512369792,1325.4227956136067,1275.1033782958984,1.0,5.0
186,286,321.40240478515625,295.264404296875,346.51788330078125,306.0248107910156,Beauv.,65,11,3,714,,Ferula,,,,author_65_11,,,,,1339.1766866048176,1230.2683512369792,1443.8245137532551,1275.1033782958984,1.0,5.0
187,287,248.63999938964844,305.5592041015625,271.9017028808594,316.0172119140625,scabra,65,12,0,714,Ferula,Ferula,scabra,Ferula_scabra_65_12,Fenzl ,,,,species,,1035.9999974568684,1273.163350423177,1132.9237620035808,1316.7383829752605,1.0,5.0
188,288,273.30224609375,305.58441162109375,295.0304870605469,316.3448181152344,Fenzl,65,12,1,714,,Ferula,,,,author_65_12,,,,,1138.7593587239583,1273.2683817545574,1229.293696085612,1318.1034088134766,1.0,5.0
189,289,248.8800048828125,314.70440673828125,283.2401428222656,325.4648132324219,tingitana,65,13,0,714,Ferula,Ferula,tingitana,Ferula_tingitana_65_13,L. ,,,,species,,1037.000020345052,1311.2683614095051,1180.1672617594402,1356.1033884684246,1.0,5.0
190,290,287.1061706542969,314.70440673828125,295.1562194824219,325.4648132324219,L.,65,13,1,714,,Ferula,,,,author_65_13,,,,,1196.2757110595703,1311.2683614095051,1229.8175811767578,1356.1033884684246,1.0,5.0
191,291,235.44000244140625,324.7843933105469,269.137939453125,335.5447998046875,Ferulago,66,0,0,714,Ferulago,Ferulago,,,,,,,genus,,981.000010172526,1353.268305460612,1121.4080810546875,1398.1033325195312,1.0,4.0
192,292,248.8800048828125,334.3843994140625,272.0896911621094,345.1448059082031,amani,67,0,0,714,Ferulago,Ferulago,amani,Ferulago_amani_67_0,Post ,,,,species,,1037.000020345052,1393.268330891927,1133.707046508789,1438.1033579508464,1.0,5.0
193,293,277.0685119628906,334.3843994140625,293.0992126464844,345.1448059082031,Post,67,0,1,714,,Ferulago,,,,author_67_0,,,,,1154.452133178711,1393.268330891927,1221.2467193603516,1438.1033579508464,1.0,5.0
194,294,248.8800048828125,343.50439453125,288.074951171875,354.2648010253906,auranitica,67,1,0,714,Ferulago,Ferulago,auranitica,Ferulago_auranitica_67_1,Post ,,,,species,,1037.000020345052,1431.268310546875,1200.3122965494792,1476.1033376057942,1.0,5.0
195,295,291.8919982910156,343.50439453125,307.7391052246094,354.2648010253906,Post,67,1,1,714,,Ferulago,,,,author_67_1,,,,,1216.2166595458984,1431.268310546875,1282.2462717692058,1476.1033376057942,1.0,5.0
196,296,248.8800048828125,352.8644104003906,290.96649169921875,363.62481689453125,autumnalis,67,2,0,714,Ferulago,Ferulago,autumnalis,Ferulago_autumnalis_67_2,Thiéb. ,,,,species,,1037.000020345052,1470.2683766682942,1212.3603820800781,1515.1034037272136,1.0,5.0
197,297,294.92633056640625,352.8644104003906,320.59625244140625,363.62481689453125,Thiéb.,67,2,1,714,,Ferulago,,,,author_67_2,,,,,1228.8597106933594,1470.2683766682942,1335.8177185058594,1515.1034037272136,1.0,5.0
198,298,248.63999938964844,362.70440673828125,269.2923583984375,373.4648132324219,cassia,67,3,0,714,Ferulago,Ferulago,cassia,Ferulago_cassia_67_3,Boiss. ,,,,species,,1035.9999974568684,1511.2683614095051,1122.051493326823,1556.1033884684246,1.0,5.0
199,299,273.7254943847656,362.70440673828125,294.6771240234375,373.4648132324219,Boiss.,67,3,1,714,,Ferulago,,,,author_67_3,,,,,1140.5228932698567,1511.2683614095051,1227.8213500976562,1556.1033884684246,1.0,5.0
200,300,248.63999938964844,372.30438232421875,271.8837585449219,383.0647888183594,frigida,67,4,0,714,Ferulago,Ferulago,frigida,Ferulago_frigida_67_4,Boiss. ,,,,species,,1035.9999974568684,1551.2682596842449,1132.8489939371746,1596.103286743164,1.0,5.0
201,301,277.4684753417969,372.30438232421875,298.03759765625,383.0647888183594,Boiss.,67,4,1,714,,Ferulago,,,,author_67_4,,,,,1156.118647257487,1551.2682596842449,1241.8233235677083,1596.103286743164,1.0,5.0
202,302,248.8800048828125,381.9044189453125,294.3613586425781,392.6648254394531,macrocarpa,67,5,0,714,Ferulago,Ferulago,macrocarpa,Ferulago_macrocarpa_67_5,(Fenzl) Boiss. ,,,,species,,1037.000020345052,1591.2684122721355,1226.5056610107422,1636.1034393310547,1.0,5.0
203,303,299.10968017578125,381.9044189453125,326.455078125,392.6648254394531,(Fenzl),67,5,1,714,,Ferulago,,,,author_67_5,,,,,1246.2903340657551,1591.2684122721355,1360.2294921875,1636.1034393310547,1.0,5.0
204,304,330.9881591796875,381.9044189453125,351.5572814941406,392.6648254394531,Boiss.,67,5,2,714,,Ferulago,,,,author_67_5,,,,,1379.1173299153645,1591.2684122721355,1464.822006225586,1636.1034393310547,1.0,5.0
205,305,247.44000244140625,391.95916748046875,291.4794921875,402.41717529296875,pauciradiata,67,6,0,714,Ferulago,Ferulago,pauciradiata,Ferulago_pauciradiata_67_6,Boiss. et Heldr. ,,,,species,,1031.0000101725261,1633.1631978352864,1214.4978841145833,1676.7382303873699,1.0,5.0
206,306,294.4836120605469,391.984375,314.8589172363281,402.7447814941406,Boiss.,67,6,1,714,,Ferulago,,,,author_67_6,,,,,1227.0150502522786,1633.2682291666667,1311.9121551513672,1678.103256225586,1.0,5.0
207,307,318.50665283203125,391.984375,325.2325134277344,402.7447814941406,et,67,6,2,714,,Ferulago,,,,author_67_6,,,,,1327.1110534667969,1633.2682291666667,1355.1354726155598,1678.103256225586,1.0,5.0
208,308,328.2369384765625,391.984375,352.9781799316406,402.7447814941406,Heldr.,67,6,3,714,,Ferulago,,,,author_67_6,,,,,1367.6539103190105,1633.2682291666667,1470.742416381836,1678.103256225586,1.0,5.0
209,309,248.39999389648438,401.58441162109375,273.931396484375,412.3448181152344,syriaca,67,7,0,714,Ferulago,Ferulago,syriaca,Ferulago_syriaca_67_7,Boiss. ,,,,species,,1034.9999745686848,1673.2683817545574,1141.3808186848958,1718.1034088134766,1.0,5.0
210,310,278.66748046875,401.58441162109375,299.2366027832031,412.3448181152344,Boiss.,67,7,1,714,,Ferulago,,,,author_67_7,,,,,1161.114501953125,1673.2683817545574,1246.8191782633464,1718.1034088134766,1.0,5.0
211,311,235.1999969482422,411.18438720703125,261.2271423339844,421.9447937011719,Fibigia,68,0,0,714,Fibigia,Fibigia,,,,,,,genus,,979.9999872843424,1713.2682800292969,1088.4464263916016,1758.103307088216,1.0,4.0
212,312,248.63999938964844,420.7843933105469,279.7718505859375,431.5447998046875,clypeata,69,0,0,714,Fibigia,Fibigia,clypeata,Fibigia_clypeata_69_0,(L.) Medik. ,,,,species,,1035.9999974568684,1753.268305460612,1165.716044108073,1798.1033325195312,1.0,5.0
213,313,284.5293273925781,420.7843933105469,298.7412109375,431.5447998046875,(L.),69,0,1,714,,Fibigia,,,,author_69_0,,,,,1185.5388641357422,1753.268305460612,1244.7550455729167,1798.1033325195312,1.0,5.0
214,314,303.7353210449219,420.7843933105469,330.9181213378906,431.5447998046875,Medik.,69,0,2,714,,Fibigia,,,,author_69_0,,,,,1265.5638376871746,1753.268305460612,1378.8255055745442,1798.1033325195312,1.0,5.0
215,315,248.63999938964844,430.3843994140625,284.34857177734375,441.1448059082031,eriocarpa,69,1,0,714,Fibigia,Fibigia,eriocarpa,Fibigia_eriocarpa_69_1,(D.C.) Boiss. ,,,,species,,1035.9999974568684,1793.268330891927,1184.7857157389324,1838.1033579508464,1.0,5.0
216,316,289.5189514160156,430.3843994140625,313.3970642089844,441.1448059082031,(D.C.),69,1,1,714,,Fibigia,,,,author_69_1,,,,,1206.3289642333984,1793.268330891927,1305.8211008707683,1838.1033579508464,1.0,5.0
217,317,318.31976318359375,430.3843994140625,339.0776062011719,441.1448059082031,Boiss.,69,1,2,714,,Fibigia,,,,author_69_1,,,,,1326.3323465983074,1793.268330891927,1412.8233591715496,1838.1033579508464,1.0,5.0
218,318,248.39999389648438,439.50439453125,296.2583923339844,450.2648010253906,heterophylla,69,2,0,714,Fibigia,Fibigia,heterophylla,Fibigia_heterophylla_69_2,Rech. fil. ,,,,species,,1034.9999745686848,1831.268310546875,1234.4099680582683,1876.1033376057942,1.0,5.0
219,319,300.82513427734375,439.50439453125,323.6331481933594,450.2648010253906,Rech.,69,2,1,714,,Fibigia,,,,author_69_2,,,,,1253.4380594889324,1831.268310546875,1348.471450805664,1876.1033376057942,1.0,5.0
220,320,326.9993591308594,439.50439453125,337.63775634765625,450.2648010253906,fil.,69,2,2,714,,Fibigia,,,,author_69_2,,,,,1362.497329711914,1831.268310546875,1406.8239847819011,1876.1033376057942,1.0,5.0
221,321,248.63999938964844,449.95269775390625,272.85699462890625,459.2802429199219,obovata,69,3,0,714,Fibigia,Fibigia,obovata,Fibigia_obovata_69_3,Boiss. ,,,,species,,1035.9999974568684,1874.8029073079426,1136.9041442871094,1913.6676788330078,1.0,5.0
222,322,277.38848876953125,449.9751892089844,297.4851379394531,459.5724182128906,Boiss.,69,3,1,714,,Fibigia,,,,author_69_3,,,,,1155.7853698730469,1874.8966217041016,1239.5214080810547,1914.8850758870442,1.0,5.0
223,323,248.63999938964844,458.67919921875,275.3036193847656,469.13720703125,rostrata,69,4,0,714,Fibigia,Fibigia,rostrata,Fibigia_rostrata_69_4,(Schenk) Boiss. ,,,,species,,1035.9999974568684,1911.163330078125,1147.0984141031902,1954.7383626302083,1.0,5.0
224,324,279.354248046875,458.70440673828125,312.92364501953125,469.4648132324219,(Schenk),69,4,1,714,,Fibigia,,,,author_69_4,,,,,1163.9760335286458,1911.2683614095051,1303.8485209147136,1956.1033884684246,1.0,5.0
225,325,316.5887145996094,458.70440673828125,337.1578369140625,469.4648132324219,Boiss.,69,4,2,714,,Fibigia,,,,author_69_4,,,,,1319.119644165039,1911.2683614095051,1404.8243204752605,1956.1033884684246,1.0,5.0
226,326,235.1999969482422,468.7843933105469,261.58514404296875,479.5447998046875,Ficaria,70,0,0,714,Ficaria,Ficaria,,,,,,,genus,,979.9999872843424,1953.268305460612,1089.9381001790364,1998.1033325195312,1.0,4.0
227,327,248.63999938964844,477.6643981933594,287.411865234375,488.4248046875,ficarioides,71,0,0,714,Ficaria,Ficaria,ficarioides,Ficaria_ficarioides_71_0,(Bory et Chaub.) ,,,,species,,1035.9999974568684,1990.268325805664,1197.5494384765625,2035.1033528645833,1.0,5.0
228,328,291.0942687988281,477.6643981933594,311.4440612792969,488.4248046875,(Bory,71,0,1,714,,Ficaria,,,,author_71_0,,,,,1212.892786661784,1990.268325805664,1297.683588663737,2035.1033528645833,1.0,5.0
229,329,315.3896179199219,477.6643981933594,322.2021789550781,488.4248046875,et,71,0,2,714,,Ficaria,,,,author_71_0,,,,,1314.1234079996746,1990.268325805664,1342.5090789794922,2035.1033528645833,1.0,5.0
230,330,326.4098815917969,477.6643981933594,357.9242248535156,488.4248046875,Chaub.),71,0,3,714,,Ficaria,,,,author_71_0,,,,,1360.0411732991536,1990.268325805664,1491.3509368896484,2035.1033528645833,1.0,5.0
231,331,248.63999938964844,487.50439453125,289.44073486328125,498.2648010253906,grandiflora,71,1,0,714,Ficaria,Ficaria,grandiflora,Ficaria_grandiflora_71_1,Robert ,,,,species,,1035.9999974568684,2031.268310546875,1206.0030619303386,2076.1033376057944,1.0,5.0
232,332,295.9607849121094,487.50439453125,322.85980224609375,498.2648010253906,Robert,71,1,1,714,,Ficaria,,,,author_71_1,,,,,1233.169937133789,2031.268310546875,1345.2491760253906,2076.1033376057944,1.0,5.0
233,333,234.9600067138672,497.9719543457031,264.9037170410156,507.2745666503906,Figaraea,72,0,0,714,Figaraea,Figaraea,,,,,,,genus,,979.0000279744467,2074.883143107096,1103.7654876708984,2113.644027709961,1.0,4.0
234,334,248.63999938964844,507.33197021484375,283.9086608886719,516.6345825195312,aegyptiaca,73,0,0,714,Figaraea,Figaraea,aegyptiaca,Figaraea_aegyptiaca_73_0,Viv. ,,,,species,,1035.9999974568684,2113.8832092285156,1182.9527537027996,2152.6440938313804,1.0,5.0
235,335,287.6756896972656,507.3543701171875,303.0484619140625,516.926025390625,Viv.,73,0,1,714,,Figaraea,,,,author_73_0,,,,,1198.6487070719402,2113.9765421549478,1262.701924641927,2153.858439127604,1.0,5.0
236,336,235.1999969482422,516.3043823242188,280.085205078125,527.0647583007812,Foeniculum,74,0,0,714,Foeniculum,Foeniculum,,,,,,,genus,,979.9999872843424,2151.2682596842446,1167.0216878255208,2196.1031595865884,1.0,4.0
237,337,248.63999938964844,526.7527465820312,285.5271911621094,536.0802612304688,capillaceum,75,0,0,714,Foeniculum,Foeniculum,capillaceum,Foeniculum_capillaceum_75_0,Gilib. ,,,,species,,1035.9999974568684,2194.8031107584634,1189.6966298421223,2233.667755126953,1.0,5.0
238,338,291.97894287109375,526.7752075195312,313.0674743652344,536.3724365234375,Gilib.,75,0,1,714,,Foeniculum,,,,author_75_0,,,,,1216.5789286295574,2194.896697998047,1304.4478098551433,2234.8851521809897,1.0,5.0
239,339,248.63999938964844,535.4791870117188,278.4881286621094,545.9371948242188,officinale,75,1,0,714,Foeniculum,Foeniculum,officinale,Foeniculum_officinale_75_1,All. ,,,,species,,1035.9999974568684,2231.1632792154946,1160.367202758789,2274.738311767578,1.0,5.0
240,340,281.07904052734375,535.50439453125,294.6361999511719,546.2647705078125,All.,75,1,1,714,,Foeniculum,,,,author_75_1,,,,,1171.1626688639324,2231.268310546875,1227.6508331298828,2276.1032104492188,1.0,5.0
241,341,247.44000244140625,545.0792236328125,280.02410888671875,555.5372314453125,piperitum,75,2,0,714,Foeniculum,Foeniculum,piperitum,Foeniculum_piperitum_75_2,(Ucria) Sweet ,,,,species,,1031.0000101725261,2271.1634318033853,1166.7671203613281,2314.7384643554688,1.0,5.0
242,342,284.6224670410156,545.1044311523438,312.9274597167969,555.8648071289062,(Ucria),75,2,1,714,,Foeniculum,,,,author_75_2,,,,,1185.9269460042317,2271.2684631347656,1303.8644154866536,2316.1033630371094,1.0,5.0
243,343,317.7543029785156,545.1044311523438,339.41949462890625,555.8648071289062,Sweet,75,2,2,714,,Foeniculum,,,,author_75_2,,,,,1323.9762624104817,2271.2684631347656,1414.2478942871094,2316.1033630371094,1.0,5.0
244,344,248.16000366210938,555.1843872070312,275.79547119140625,565.9447631835938,vulgare,75,3,0,714,Foeniculum,Foeniculum,vulgare,Foeniculum_vulgare_75_3,Mill. ,,,,species,,1034.000015258789,2313.268280029297,1149.1477966308594,2358.1031799316406,1.0,5.0
245,345,280.92425537109375,555.1843872070312,299.7159118652344,565.9447631835938,Mill.,75,3,1,714,,Foeniculum,,,,author_75_3,,,,,1170.5177307128906,2313.268280029297,1248.8162994384766,2358.1031799316406,1.0,5.0
246,346,234.9600067138672,564.3043823242188,267.4170227050781,575.0647583007812,Fragaria,76,0,0,714,Fragaria,Fragaria,,,,,,,genus,,979.0000279744467,2351.2682596842446,1114.2375946044922,2396.1031595865884,1.0,4.0
247,347,248.16000366210938,574.3843994140625,267.41839599609375,585.144775390625,vesca,77,0,0,714,Fragaria,Fragaria,vesca,Fragaria_vesca_77_0,L. ,,,,species,,1034.000015258789,2393.2683308919272,1114.2433166503906,2438.103230794271,1.0,5.0
248,348,272.3084716796875,574.3843994140625,280.27587890625,585.144775390625,L.,77,0,1,714,,Fragaria,,,,author_77_0,,,,,1134.618631998698,2393.2683308919272,1167.816162109375,2438.103230794271,1.0,5.0
249,349,234.9600067138672,583.50439453125,269.6275634765625,594.2647705078125,Frangula,78,0,0,714,Frangula,Frangula,,,,,,,genus,,979.0000279744467,2431.268310546875,1123.4481811523438,2476.1032104492188,1.0,4.0
250,350,248.39999389648438,593.5844116210938,268.0325927734375,604.3447875976562,alnus,79,0,0,714,Frangula,Frangula,alnus,Frangula_alnus_79_0,Mill. ,,,,species,,1034.9999745686848,2473.268381754557,1116.802469889323,2518.103281656901,1.0,5.0
251,351,271.8047790527344,593.5844116210938,290.596435546875,604.3447875976562,Mill.,79,0,1,714,,Frangula,,,,author_79_0,,,,,1132.5199127197266,2473.268381754557,1210.8184814453125,2518.103281656901,1.0,5.0
252,411,361.9200134277344,477.42437744140625,379.0186462402344,488.1847839355469,Hal.,98,0,0,714,,,,,,,,,,True,1508.0000559488933,1989.2682393391926,1579.2443593343098,2034.103266398112,1.0,6.0
0,3,26.8799991607666,44.936729431152344,65.01272583007812,56.08142852783203,Frankenia,1,0,0,715,Frankenia,Frankenia,,,,,,,genus,,111.99999650319417,187.23637262980142,270.8863576253255,233.6726188659668,0.0,0.0
1,4,39.84000015258789,54.03062438964844,64.5181884765625,64.86212158203125,hirsuta,2,0,0,715,Frankenia,Frankenia,hirsuta,Frankenia_hirsuta_2_0,L.C. ,,,,species,,166.00000063578287,225.12760162353516,268.82578531901044,270.2588399251302,0.0,1.0
2,5,66.57002258300781,54.056724548339844,84.45592498779297,65.20142364501953,L.C.,2,0,1,715,,Frankenia,,,,author_2_0,,,,,277.3750940958659,225.23635228474936,351.8996874491374,271.67259852091473,0.0,1.0
3,6,40.31999969482422,63.656700134277344,68.53807830810547,74.80139923095703,hispida,2,1,0,715,Frankenia,Frankenia,hispida,Frankenia_hispida_2_1,D.C. ,,,,species,,167.99999872843424,265.23625055948895,285.57532628377277,311.6724967956543,0.0,1.0
4,7,69.99056243896484,63.656700134277344,90.30467987060547,74.80139923095703,D.C.,2,1,1,715,,Frankenia,,,,author_2_1,,,,,291.62734349568683,265.23625055948895,376.26949946085614,311.6724967956543,0.0,1.0
5,9,40.07730484008789,74.2166976928711,81.28956604003906,85.36139678955078,intermedia,3,0,0,715,Frankenia,Frankenia,intermedia,Frankenia_intermedia_3_0,D.C. ,,,,species,,166.98877016703287,309.2362403869629,338.7065251668294,355.67248662312824,0.0,1.0
6,10,84.35430145263672,74.2166976928711,103.62384796142578,85.36139678955078,D.C.,3,0,1,715,,Frankenia,,,,author_3_0,,,,,351.476256052653,309.2362403869629,431.7660331726074,355.67248662312824,0.0,1.0
7,11,40.08000183105469,83.3366928100586,90.03366088867188,94.48139190673828,pulverulenta,4,0,0,715,Frankenia,Frankenia,pulverulenta,Frankenia_pulverulenta_4_0,L. ,,,,species,,167.00000762939453,347.2362200419108,375.1402537027995,393.6724662780762,0.0,1.0
8,12,92.224853515625,83.3366928100586,101.10328674316406,94.48139190673828,L.,4,0,1,715,,Frankenia,,,,author_4_0,,,,,384.2702229817708,347.2362200419108,421.2636947631836,393.6724662780762,0.0,1.0
9,13,26.399999618530273,93.41670989990234,103.49729919433594,104.56140899658203,FRANKENIACEAE,5,0,0,715,,,,,,,,,,,109.9999984105428,389.2362912495931,431.2387466430664,435.6725374857585,0.0,0.0
10,14,26.399999618530273,102.53670501708984,58.16771697998047,113.68140411376953,Fumana,5,1,0,715,Fumana,Fumana,,,,,,,genus,,109.9999984105428,427.236270904541,242.3654874165853,473.67251714070636,0.0,0.0
11,15,39.84000015258789,112.61669158935547,69.15145111083984,123.76139068603516,arabica,6,0,0,715,Fumana,Fumana,arabica,Fumana_arabica_6_0,(L.) Spach ,,,,species,,166.00000063578287,469.23621495564777,288.131046295166,515.6724611918131,0.0,1.0
12,16,71.64360046386719,112.61669158935547,86.854736328125,123.76139068603516,(L.),6,0,1,715,,Fumana,,,,author_6_0,,,,,298.51500193277997,469.23621495564777,361.8947347005208,515.6724611918131,0.0,1.0
13,17,89.4791259765625,112.61669158935547,114.00076293945312,123.76139068603516,Spach,6,0,2,715,,Fumana,,,,author_6_0,,,,,372.82969156901044,469.23621495564777,475.003178914388,515.6724611918131,0.0,1.0
14,18,39.599998474121094,121.71058654785156,71.38748168945312,132.54208374023438,ericoides,6,1,0,715,Fumana,Fumana,ericoides,Fumana_ericoides_6_1,Auct. ,,,,species,,164.99999364217123,507.12744394938153,297.4478403727214,552.2586822509766,0.0,1.0
15,19,72.83767700195312,121.73668670654297,94.11804962158203,132.8813934326172,Auct.,6,1,1,715,,Fumana,,,,author_6_1,,,,,303.4903208414714,507.2361946105957,392.1585400899251,553.6724726359049,0.0,1.0
16,20,39.119998931884766,130.35060119628906,72.81659698486328,141.18209838867188,glutinosa,6,2,0,715,Fumana,Fumana,glutinosa,Fumana_glutinosa_6_2,(L.) Boiss. ,,,,species,,162.99999554951987,543.1275049845377,303.40248743693036,588.2587432861328,0.0,1.0
17,21,75.24832916259766,130.376708984375,89.42821502685547,141.5214080810547,(L.),6,2,1,715,,Fumana,,,,author_6_2,,,,,313.5347048441569,543.2362874348959,372.61756261189777,589.6725336710612,0.0,1.0
18,22,91.60397338867188,130.376708984375,113.02081298828125,141.5214080810547,Boiss.,6,2,2,715,,Fumana,,,,author_6_2,,,,,381.6832224527995,543.2362874348959,470.92005411783856,589.6725336710612,0.0,1.0
19,23,39.599998474121094,139.97671508789062,86.10313415527344,151.1214141845703,oligosperma,6,3,0,715,Fumana,Fumana,oligosperma,Fumana_oligosperma_6_3,Boiss. et Ky ,,,,species,,164.99999364217123,583.2363128662109,358.76305898030597,629.6725591023763,0.0,1.0
20,24,88.65221405029297,139.97671508789062,110.06905364990234,151.1214141845703,Boiss.,6,3,1,715,,Fumana,,,,author_6_3,,,,,369.384225209554,583.2363128662109,458.6210568745931,629.6725591023763,0.0,1.0
21,25,113.6799545288086,139.97671508789062,120.65930938720703,151.1214141845703,et,6,3,2,715,,Fumana,,,,author_6_3,,,,,473.66647720336914,583.2363128662109,502.747122446696,629.6725591023763,0.0,1.0
22,26,123.6330795288086,139.97671508789062,134.7667694091797,151.1214141845703,Ky,6,3,3,715,,Fumana,,,,author_6_3,,,,,515.1378313700358,583.2363128662109,561.528205871582,629.6725591023763,0.0,1.0
23,27,39.36000061035156,150.05670166015625,85.48506164550781,161.20140075683594,procumbens,6,4,0,715,Fumana,Fumana,procumbens,Fumana_procumbens_6_4,Dunal ,,,,species,,164.0000025431315,625.2362569173177,356.18775685628253,671.672503153483,0.0,1.0
24,28,89.42984008789062,150.05670166015625,112.85711669921875,161.20140075683594,Dunal,6,4,1,715,,Fumana,,,,author_6_4,,,,,372.62433369954425,625.2362569173177,470.2379862467448,671.672503153483,0.0,1.0
25,29,39.36000061035156,160.61669921875,70.1519546508789,171.7613983154297,scoparia,6,5,0,715,Fumana,Fumana,scoparia,Fumana_scoparia_6_5,Pomel ,,,,species,,164.0000025431315,669.2362467447916,292.2998110453288,715.672492980957,0.0,1.0
26,30,74.25017547607422,160.61669921875,97.4994888305664,171.7613983154297,Pomel,6,5,1,715,,Fumana,,,,author_6_5,,,,,309.37573115030926,669.2362467447916,406.24787012736004,715.672492980957,0.0,1.0
27,31,39.119998931884766,168.99058532714844,61.461769104003906,179.82208251953125,spachii,6,6,0,715,Fumana,Fumana,spachii,Fumana_spachii_6_6,Boiss. ,,,,species,,162.99999554951987,704.1274388631185,256.0907046000163,749.2586771647135,0.0,1.0
28,32,65.96818542480469,169.01669311523438,86.78616333007812,180.16139221191406,Boiss.,6,6,1,715,,Fumana,,,,author_6_6,,,,,274.86743927001953,704.2362213134766,361.6090138753255,750.672467549642,0.0,1.0
29,33,39.599998474121094,179.33670043945312,77.05896759033203,190.4813995361328,thymifolia,6,7,0,715,Fumana,Fumana,thymifolia,Fumana_thymifolia_6_7,(L.) Spach ,,,,species,,164.99999364217123,747.2362518310547,321.0790316263835,793.6724980672201,0.0,1.0
30,34,82.2489013671875,179.33670043945312,96.44872283935547,190.4813995361328,(L.),6,7,1,715,,Fumana,,,,author_6_7,,,,,342.70375569661456,747.2362518310547,401.86967849731445,793.6724980672201,0.0,1.0
31,35,101.88555908203125,179.33670043945312,124.800048828125,190.4813995361328,Spach,6,7,2,715,,Fumana,,,,author_6_7,,,,,424.5231628417969,747.2362518310547,520.0002034505209,793.6724980672201,0.0,1.0
32,36,39.36000061035156,188.9105987548828,64.02964782714844,199.74209594726562,viscida,6,8,0,715,Fumana,Fumana,viscida,Fumana_viscida_6_8,Spach ,,,,species,,164.0000025431315,787.1274948120117,266.79019927978516,832.2587331136068,0.0,1.0
33,37,65.69065856933594,188.93670654296875,88.31953430175781,200.08140563964844,Spach,6,8,1,715,,Fumana,,,,author_6_8,,,,,273.7110773722331,787.2362772623698,367.99805959065753,833.6725234985352,0.0,1.0
34,38,25.920000076293945,199.97671508789062,58.653541564941406,211.1214141845703,Fumăria,7,0,0,715,Fumăria,Fumăria,,,,,,,genus,,108.00000031789143,833.2363128662109,244.3897565205892,879.6725591023763,0.0,0.0
35,39,39.119998931884766,208.35060119628906,62.42764663696289,219.18209838867188,agraria,8,0,0,715,Fumăria,Fumăria,agraria,Fumăria_agraria_8_0,Lagr. ,,,,species,,162.99999554951987,868.1275049845377,260.1151943206787,913.2587432861328,0.0,1.0
36,40,68.01150512695312,208.376708984375,88.22442626953125,219.5214080810547,Lagr.,8,0,1,715,,Fumăria,,,,author_8_0,,,,,283.3812713623047,868.2362874348959,367.6017761230469,914.6725336710612,0.0,1.0
37,41,39.119998931884766,216.99058532714844,68.84041595458984,227.82208251953125,anatolica,8,1,0,715,Fumăria,Fumăria,anatolica,Fumăria_anatolica_8_1,Boiss. ,,,,species,,162.99999554951987,904.1274388631185,286.8350664774577,949.2586771647135,0.0,1.0
38,42,72.44683837890625,217.01669311523438,93.26481628417969,228.16139221191406,Boiss.,8,1,1,715,,Fumăria,,,,author_8_1,,,,,301.86182657877606,904.2362213134766,388.60340118408203,950.672467549642,0.0,1.0
39,43,39.119998931884766,227.33670043945312,67.18387603759766,238.4813995361328,asepala,8,2,0,715,Fumăria,Fumăria,asepala,Fumăria_asepala_8_2,Boiss. ,,,,species,,162.99999554951987,947.2362518310547,279.93281682332355,993.6724980672201,0.0,1.0
40,44,69.44735717773438,227.33670043945312,90.46128845214844,238.4813995361328,Boiss.,8,2,1,715,,Fumăria,,,,author_8_2,,,,,289.3639882405599,947.2362518310547,376.92203521728516,993.6724980672201,0.0,1.0
41,45,39.119998931884766,236.6706085205078,63.5439453125,247.50210571289062,bulbosa,8,3,0,715,Fumăria,Fumăria,bulbosa,Fumăria_bulbosa_8_3,L. ,,,,species,,162.99999554951987,986.1275355021158,264.7664388020833,1031.258773803711,0.0,1.0
42,46,68.19868469238281,236.69671630859375,75.74540710449219,247.84141540527344,L.,8,3,1,715,,Fumăria,,,,author_8_3,,,,,284.1611862182617,986.236317952474,315.6058629353841,1032.6725641886394,0.0,1.0
43,47,39.119998931884766,247.4967041015625,80.10590362548828,258.6413879394531,capreolata,8,4,0,715,Fumăria,Fumăria,capreolata,Fumăria_capreolata_8_4,L. ,,,,species,,162.99999554951987,1031.2362670898438,333.7745984395345,1077.6724497477214,0.0,1.0
44,48,82.59648132324219,247.4967041015625,91.24627685546875,258.6413879394531,L.,8,4,1,715,,Fumăria,,,,author_8_4,,,,,344.1520055135091,1031.2362670898438,380.1928202311198,1077.6724497477214,0.0,1.0
45,49,38.880001068115234,256.61669921875,65.37410736083984,267.7613830566406,cilicica,8,5,0,715,Fumăria,Fumăria,cilicica,Fumăria_cilicica_8_5,Hausskn. ,,,,species,,162.00000445048013,1069.2362467447917,272.39211400349933,1115.6724294026692,0.0,1.0
46,50,68.57041931152344,256.61669921875,103.95757293701172,267.7613830566406,Hausskn.,8,5,1,715,,Fumăria,,,,author_8_5,,,,,285.71008046468097,1069.2362467447917,433.1565539042155,1115.6724294026692,0.0,1.0
47,51,38.63999938964844,266.2167053222656,75.09104919433594,277.36138916015625,densiflora,8,6,0,715,Fumăria,Fumăria,densiflora,Fumăria_densiflora_8_6,D.G. ,,,,species,,160.9999974568685,1109.2362721761067,312.8793716430664,1155.6724548339844,0.0,1.0
48,52,79.40806579589844,266.2167053222656,98.13871002197266,277.36138916015625,D.G.,8,6,1,715,,Fumăria,,,,author_8_6,,,,,330.86694081624347,1109.2362721761067,408.9112917582194,1155.6724548339844,0.0,1.0
49,53,38.63999938964844,275.81671142578125,81.8376693725586,286.9613952636719,gaillardotii,8,7,0,715,Fumăria,Fumăria,gaillardotii,Fumăria_gaillardotii_8_7,Boiss. ,,,,species,,160.9999974568685,1149.2362976074219,340.99028905232746,1195.6724802652996,0.0,1.0
50,54,84.32640075683594,275.81671142578125,106.14246368408203,286.9613952636719,Boiss.,8,7,1,715,,Fumăria,,,,author_8_7,,,,,351.3600031534831,1149.2362976074219,442.2602653503418,1195.6724802652996,0.0,1.0
51,55,37.439998626708984,285.8966979980469,67.30172729492188,297.0413818359375,judaica,8,8,0,715,Fumăria,Fumăria,judaica,Fumăria_judaica_8_8,Boiss. ,,,,species,,155.9999942779541,1191.2362416585286,280.4238637288411,1237.6724243164062,0.0,1.0
52,56,70.16665649414062,285.8966979980469,91.98271942138672,297.0413818359375,Boiss.,8,8,1,715,,Fumăria,,,,author_8_8,,,,,292.36106872558594,1191.2362416585286,383.26133092244464,1237.6724243164062,0.0,1.0
53,57,38.400001525878906,295.4967041015625,65.40739440917969,306.6413879394531,kralikii,8,9,0,715,Fumăria,Fumăria,kralikii,Fumăria_kralikii_8_9,Jord. ,,,,species,,160.00000635782877,1231.2362670898438,272.5308100382487,1277.6724497477214,0.0,1.0
54,58,68.17796325683594,295.4967041015625,89.31792449951172,306.6413879394531,Jord.,8,9,1,715,,Fumăria,,,,author_8_9,,,,,284.0748469034831,1231.2362670898438,372.1580187479655,1277.6724497477214,0.0,1.0
55,59,38.400001525878906,305.57672119140625,81.23113250732422,316.7214050292969,macrocarpa,8,10,0,715,Fumăria,Fumăria,macrocarpa,Fumăria_macrocarpa_8_10,Pari. ,,,,species,,160.00000635782877,1273.2363382975261,338.4630521138509,1319.6725209554036,0.0,1.0
56,60,89.25086212158203,305.57672119140625,107.52692413330078,316.7214050292969,Pari.,8,10,1,715,,Fumăria,,,,author_8_10,,,,,371.8785921732585,1273.2363382975261,448.0288505554199,1319.6725209554036,0.0,1.0
57,61,38.63999938964844,314.19061279296875,75.48853302001953,325.0220947265625,micrantha,8,11,0,715,Fumăria,Fumăria,micrantha,Fumăria_micrantha_8_11,Lagr. ,,,,species,,160.9999974568685,1309.1275533040364,314.53555425008136,1354.2587280273438,0.0,1.0
58,62,76.93912506103516,314.2167053222656,97.90087127685547,325.36138916015625,Lagr.,8,11,1,715,,Fumăria,,,,author_8_11,,,,,320.57968775431317,1309.2362721761067,407.92029698689777,1355.6724548339844,0.0,1.0
59,63,38.400001525878906,323.3367004394531,73.21031951904297,334.48138427734375,officinalis,8,12,0,715,Fumăria,Fumăria,officinalis,Fumăria_officinalis_8_12,L. ,,,,species,,160.00000635782877,1347.2362518310547,305.0429979960124,1393.6724344889324,0.0,1.0
60,64,78.54297637939453,323.3367004394531,86.62045288085938,334.48138427734375,L.,8,12,1,715,,Fumăria,,,,author_8_12,,,,,327.26240158081055,1347.2362518310547,360.9185536702474,1393.6724344889324,0.0,1.0
61,65,38.15999984741211,333.4167175292969,74.91580200195312,344.5614013671875,parviflora,8,13,0,715,Fumăria,Fumăria,parviflora,Fumăria_parviflora_8_13,Lam. ,,,,species,,158.99999936421713,1389.236323038737,312.149175008138,1435.6725056966145,0.0,1.0
62,66,80.79656982421875,333.4167175292969,100.74760437011719,344.5614013671875,Lam.,8,13,1,715,,Fumăria,,,,author_8_13,,,,,336.6523742675781,1389.236323038737,419.7816848754883,1435.6725056966145,0.0,1.0
63,67,37.20000076293945,342.5106201171875,59.38878631591797,353.34210205078125,petteri,8,14,0,715,Fumăria,Fumăria,petteri,Fumăria_petteri_8_14,Reichenb. ,,,,species,,155.0000031789144,1427.1275838216145,247.45327631632486,1472.2587585449219,0.0,1.0
64,68,60.83901596069336,342.5367126464844,101.54856872558594,353.681396484375,Reichenb.,8,14,1,715,,Fumăria,,,,author_8_14,,,,,253.49589983622232,1427.2363026936848,423.1190363566081,1473.6724853515625,0.0,1.0
65,69,38.15999984741211,352.110595703125,66.59230041503906,362.9421081542969,rutifolia,8,15,0,715,Fumăria,Fumăria,rutifolia,Fumăria_rutifolia_8_15,(Sibth. et Smith) D.C. ,,,,species,,158.99999936421713,1467.1274820963542,277.4679183959961,1512.258783976237,0.0,1.0
66,70,69.5055160522461,352.13671875,96.06294250488281,363.2814025878906,(Sibth.,8,15,1,715,,Fumăria,,,,author_8_15,,,,,289.6063168843587,1467.236328125,400.2622604370117,1513.6725107828777,0.0,1.0
67,71,98.66915130615234,352.13671875,105.7209243774414,363.2814025878906,et,8,15,2,715,,Fumăria,,,,author_8_15,,,,,411.12146377563477,1467.236328125,440.50385157267254,1513.6725107828777,0.0,1.0
68,72,108.02112579345703,352.13671875,134.8436737060547,363.2814025878906,Smith),8,15,3,715,,Fumăria,,,,author_8_15,,,,,450.0880241394043,1467.236328125,561.8486404418945,1513.6725107828777,0.0,1.0
69,73,137.60389709472656,352.13671875,157.4198455810547,363.2814025878906,D.C.,8,15,4,715,,Fumăria,,,,author_8_15,,,,,573.3495712280273,1467.236328125,655.9160232543945,1513.6725107828777,0.0,1.0
70,74,36.720001220703125,361.7105712890625,63.052886962890625,372.5420837402344,thuretii,8,16,0,715,Fumăria,Fumăria,thuretii,Fumăria_thuretii_8_16,Boiss. ,,,,species,,153.00000508626303,1507.1273803710938,262.7203623453776,1552.2586822509766,0.0,1.0
71,75,65.64276885986328,361.7366943359375,86.86071014404297,372.8813781738281,Boiss.,8,16,1,715,,Fumăria,,,,author_8_16,,,,,273.511536916097,1507.2362263997395,361.919625600179,1553.6724090576172,0.0,1.0
72,76,37.91999816894531,371.3367004394531,72.31439208984375,382.48138427734375,vaillantii,8,17,0,715,Fumăria,Fumăria,vaillantii,Fumăria_vaillantii_8_17,Lois. ,,,,species,,157.99999237060547,1547.2362518310547,301.3099670410156,1593.6724344889324,0.0,1.0
73,77,75.2051773071289,371.3367004394531,94.06119537353516,382.48138427734375,Lois.,8,17,1,715,,Fumăria,,,,author_8_17,,,,,313.3549054463704,1547.2362518310547,391.9216473897298,1593.6724344889324,0.0,1.0
74,79,24.239999771118164,412.6167297363281,48.418609619140625,423.76141357421875,Gagea,10,0,0,715,Gagea,Gagea,,,,,,,genus,,100.99999904632568,1719.2363739013672,201.74420674641928,1765.6725565592449,0.0,0.0
75,80,37.91999816894531,421.9767150878906,77.42017364501953,433.12139892578125,anisanthos,11,0,0,715,Gagea,Gagea,anisanthos,Gagea_anisanthos_11_0,C. Koch ,,,,species,,157.99999237060547,1758.236312866211,322.58405685424805,1804.6724955240886,0.0,1.0
76,81,81.20137023925781,421.9767150878906,89.88053131103516,433.12139892578125,C.,11,0,1,715,,Gagea,,,,author_11_0,,,,,338.3390426635742,1758.236312866211,374.5022137959798,1804.6724955240886,0.0,1.0
77,82,93.89897918701172,421.9767150878906,114.23979187011719,433.12139892578125,Koch,11,0,2,715,,Gagea,,,,author_11_0,,,,,391.2457466125488,1758.236312866211,475.99913279215497,1804.6724955240886,0.0,1.0
78,83,37.91999816894531,431.5766906738281,65.3106689453125,442.72137451171875,dayana,11,1,0,715,Gagea,Gagea,dayana,Gagea_dayana_11_1,Chodat et Beauv. ,,,,species,,157.99999237060547,1798.2362111409504,272.12778727213544,1844.6723937988281,0.0,1.0
79,84,69.58329772949219,431.5766906738281,98.2088623046875,442.72137451171875,Chodat,11,1,1,715,,Gagea,,,,author_11_1,,,,,289.93040720621747,1798.2362111409504,409.20359293619794,1844.6723937988281,0.0,1.0
80,85,101.94779205322266,431.5766906738281,108.92284393310547,442.72137451171875,et,11,1,2,715,,Gagea,,,,author_11_1,,,,,424.78246688842773,1798.2362111409504,453.84518305460614,1844.6723937988281,0.0,1.0
81,86,112.66177368164062,431.5766906738281,137.7178955078125,442.72137451171875,Beauv.,11,1,3,715,,Gagea,,,,author_11_1,,,,,469.42405700683594,1798.2362111409504,573.8245646158854,1844.6723937988281,0.0,1.0
82,87,35.7599983215332,441.390625,66.93690490722656,452.22210693359375,fistulosa,11,2,0,715,Gagea,Gagea,fistulosa,Gagea_fistulosa_11_2,(Ram.) Ker-t awl ,,,,species,,148.99999300638834,1839.1276041666667,278.90377044677734,1884.2587788899739,0.0,1.0
83,88,69.73384857177734,441.4167175292969,98.07475280761719,452.5614013671875,(Ram.),11,2,1,715,,Gagea,,,,author_11_2,,,,,290.5577023824056,1839.236323038737,408.6448033650716,1885.6725056966145,0.0,1.0
84,89,102.12458801269531,441.4167175292969,122.99678802490234,452.5614013671875,Ker-t,11,2,2,715,,Gagea,,,,author_11_2,,,,,425.5191167195638,1839.236323038737,512.4866167704264,1885.6725056966145,0.0,1.0
85,90,126.27619171142578,441.4167175292969,139.26303100585938,452.5614013671875,awl,11,2,3,715,,Gagea,,,,author_11_2,,,,,526.1507987976074,1839.236323038737,580.2626291910807,1885.6725056966145,0.0,1.0
86,91,24.0,451.9767150878906,51.11591720581055,463.12139892578125,Galega,12,0,0,715,Galega,Galega,,,,,,,genus,,100.0,1883.236312866211,212.98298835754395,1929.6724955240886,0.0,0.0
87,92,37.68000030517578,461.5766906738281,71.9661865234375,472.72137451171875,assyriaca,13,0,0,715,Galega,Galega,assyriaca,Galega_assyriaca_13_0,Moût. ,,,,species,,157.00000127156576,1923.2362111409504,299.85911051432294,1969.6723937988281,0.0,1.0
88,93,75.511962890625,460.7588806152344,99.34979248046875,472.36468505859375,Moût.,13,0,1,715,,Galega,,,,author_13_0,,,,,314.6331787109375,1919.8286692301433,413.9574686686198,1968.1861877441406,0.0,1.0
89,94,37.439998626708984,470.0462951660156,69.11592102050781,480.66900634765625,officinalis,13,1,0,715,Galega,Galega,officinalis,Galega_officinalis_13_1,L. ,,,,species,,155.9999942779541,1958.5262298583984,287.9830042521159,2002.7875264485676,0.0,1.0
90,95,73.74600219726562,469.1589050292969,80.96202850341797,480.76470947265625,L.,13,1,1,715,,Galega,,,,author_13_1,,,,,307.27500915527344,1954.8287709554036,337.3417854309082,2003.1862894694011,0.0,1.0
91,96,23.760000228881836,479.6462707519531,69.97599029541016,490.26898193359375,Gamosepalum,14,0,0,715,Gamosepalum,Gamosepalum,,,,,,,genus,,99.00000095367432,1998.526128133138,291.56662623087567,2042.7874247233074,0.0,0.0
92,97,37.20000076293945,489.4862976074219,70.08834075927734,500.1090087890625,alyssoides,15,0,0,715,Gamosepalum,Gamosepalum,alyssoides,Gamosepalum_alyssoides_15_0,Hausskn. ,,,,species,,155.0000031789144,2039.5262400309246,292.0347531636556,2083.7875366210938,0.0,1.0
93,98,75.578369140625,488.5989074707031,109.28275299072266,500.2047119140625,Hausskn.,15,0,1,715,,Gamosepalum,,,,author_15_0,,,,,314.9098714192708,2035.8287811279297,455.34480412801105,2084.1862996419272,0.0,1.0
94,99,23.760000228881836,499.0862731933594,54.549217224121094,509.708984375,Garidella,16,0,0,715,Garidella,Garidella,,,,,,,genus,,99.00000095367432,2079.526138305664,227.28840510050455,2123.7874348958335,0.0,0.0
95,100,37.20000076293945,508.4462585449219,77.64755249023438,519.0689697265625,unguicularis,17,0,0,715,Garidella,Garidella,unguicularis,Garidella_unguicularis_17_0,Lam. ,,,,species,,155.0000031789144,2118.526077270508,323.5314687093099,2162.7873738606772,0.0,1.0
96,101,82.88278198242188,507.5588684082031,102.0820541381836,519.1646728515625,Lam.,17,0,1,715,,Garidella,,,,author_17_0,,,,,345.3449249267578,2114.828618367513,425.34189224243164,2163.1861368815103,0.0,1.0
97,102,23.520000457763672,517.87890625,51.75003433227539,529.4846801757812,Genista,18,0,0,715,Genista,Genista,,,,,,,genus,,98.00000190734863,2157.8287760416665,215.62514305114746,2206.1861673990884,0.0,0.0
98,103,36.959999084472656,527.4789428710938,86.82779693603516,539.084716796875,acanthoclada,19,0,0,715,Genista,Genista,acanthoclada,Genista_acanthoclada_19_0,D.C. ,,,,species,,153.99999618530273,2197.828928629557,361.7824872334798,2246.186319986979,0.0,1.0
99,104,92.75807189941406,527.4789428710938,110.5492172241211,539.084716796875,D.C.,19,0,1,715,,Genista,,,,author_19_0,,,,,386.4919662475586,2197.828928629557,460.6217384338379,2246.186319986979,0.0,1.0
100,105,37.20000076293945,537.0789184570312,60.35175704956055,548.6846923828125,albida,19,1,0,715,Genista,Genista,albida,Genista_albida_19_1,Willd. ,,,,species,,155.0000031789144,2237.828826904297,251.46565437316895,2286.1862182617188,0.0,1.0
101,106,64.78817749023438,537.0789184570312,88.71934509277344,548.6846923828125,Willd.,19,1,1,715,,Genista,,,,author_19_1,,,,,269.95073954264325,2237.828826904297,369.66393788655597,2286.1862182617188,0.0,1.0
102,107,37.20000076293945,546.1989135742188,71.06298828125,557.8046875,anatolica,19,2,0,715,Genista,Genista,anatolica,Genista_anatolica_19_2,Boiss. ,,,,species,,155.0000031789144,2275.8288065592446,296.0957845052083,2324.1861979166665,0.0,1.0
103,108,74.9389877319336,546.1989135742188,96.14999389648438,557.8046875,Boiss.,19,2,1,715,,Genista,,,,author_19_2,,,,,312.24578221638996,2275.8288065592446,400.6249745686849,2324.1861979166665,0.0,1.0
104,109,36.959999084472656,556.6863403320312,59.28289794921875,567.3090209960938,cassia,19,3,0,715,Genista,Genista,cassia,Genista_cassia_19_3,Boiss. ,,,,species,,153.99999618530273,2319.5264180501304,247.01207478841147,2363.787587483724,0.0,1.0
105,110,60.733116149902344,555.7989501953125,81.87582397460938,567.4047241210938,Boiss.,19,3,1,715,,Genista,,,,author_19_3,,,,,253.0546506245931,2315.8289591471353,341.1492665608724,2364.186350504557,0.0,1.0
106,111,34.79999923706055,566.2863159179688,66.35594177246094,576.9089965820312,fasselata,19,4,0,715,Genista,Genista,fasselata,Genista_fasselata_19_4,Decne ,,,,species,,144.9999968210856,2359.5263163248696,276.4830907185872,2403.7874857584634,0.0,1.0
107,112,70.08404541015625,565.39892578125,93.3765640258789,577.0046997070312,Decne,19,4,1,715,,Genista,,,,author_19_4,,,,,292.01685587565106,2355.828857421875,389.0690167744954,2404.186248779297,0.0,1.0
108,113,36.720001220703125,575.4789428710938,73.88553619384766,587.084716796875,libanotica,19,5,0,715,Genista,Genista,libanotica,Genista_libanotica_19_5,Boiss. ,,,,species,,153.00000508626303,2397.828928629557,307.85640080769855,2446.186319986979,0.0,1.0
109,114,78.0175552368164,575.4789428710938,99.0296630859375,587.084716796875,Boiss.,19,5,1,715,,Genista,,,,author_19_5,,,,,325.07314682006836,2397.828928629557,412.62359619140625,2446.186319986979,0.0,1.0
110,115,36.720001220703125,584.5989379882812,55.50164794921875,596.2047119140625,lydia,19,6,0,715,Genista,Genista,lydia,Genista_lydia_19_6,Boiss. ,,,,species,,153.00000508626303,2435.8289082845054,231.25686645507812,2484.1862996419272,0.0,1.0
111,116,59.85500717163086,584.5989379882812,81.27001190185547,596.2047119140625,Boiss.,19,6,1,715,,Genista,,,,author_19_6,,,,,249.39586321512857,2435.8289082845054,338.62504959106445,2484.1862996419272,0.0,1.0
112,117,36.47999954223633,594.678955078125,60.2182502746582,606.2847290039062,patula,19,7,0,715,Genista,Genista,patula,Genista_patula_19_7,M. Bieb. ,,,,species,,151.99999809265137,2477.8289794921875,250.90937614440918,2526.1863708496094,0.0,1.0
113,118,63.983070373535156,594.678955078125,74.4230728149414,606.2847290039062,M.,19,7,1,715,,Genista,,,,author_19_7,,,,,266.5961265563965,2477.8289794921875,310.09613672892254,2526.1863708496094,0.0,1.0
114,119,78.72543334960938,594.678955078125,98.07003784179688,606.2847290039062,Bieb.,19,7,2,715,,Genista,,,,author_19_7,,,,,328.02263895670575,2477.8289794921875,408.6251576741536,2526.1863708496094,0.0,1.0
115,199,244.32000732421875,44.28629684448242,280.82525634765625,54.90899658203125,pestalozzae,45,0,0,715,Genista,Genista,pestalozzae,Genista_pestalozzae_45_0,Boiss. ,,,,species,,1018.0000305175781,184.5262368520101,1170.1052347819011,228.78748575846353,1.0,2.0
116,200,286.2115478515625,43.477195739746094,307.05975341796875,55.52669906616211,Boiss.,45,0,1,715,,Genista,,,,author_45_0,,,,,1192.548116048177,181.15498224894205,1279.4156392415364,231.3612461090088,1.0,2.0
117,201,245.0399932861328,53.88627243041992,267.7044982910156,64.50897216796875,raetum,45,1,0,715,Genista,Genista,raetum,Genista_raetum_45_1,Forssk. ,,,,species,,1020.9999720255533,224.52613512674967,1115.4354095458984,268.7873840332031,1.0,2.0
118,202,272.9606628417969,52.99887466430664,298.8827819824219,64.60467529296875,Forssk.,45,1,1,715,,Genista,,,,author_45_1,,,,,1137.3360951741536,220.828644434611,1245.3449249267578,269.18614705403644,1.0,2.0
119,203,245.0399932861328,63.48630905151367,279.7039794921875,74.1090087890625,sphacelata,45,2,0,715,Genista,Genista,sphacelata,Genista_sphacelata_45_2,Decne ,,,,species,,1020.9999720255533,264.5262877146403,1165.4332478841145,308.78753662109375,1.0,2.0
120,204,283.9118347167969,62.59891128540039,306.9491882324219,74.2047119140625,Decne,45,2,1,715,,Genista,,,,author_45_2,,,,,1182.9659779866536,260.82879702250165,1278.9549509684246,309.18629964192706,1.0,2.0
121,205,231.60000610351562,73.39889526367188,300.4237976074219,85.00469970703125,GERANIACEAE,46,0,0,715,,,,,,,,,,,965.0000254313151,305.8287302652995,1251.7658233642578,354.1862487792969,1.0,3.0
122,206,231.60000610351562,84.36631774902344,289.9292907714844,94.989013671875,GERANIALES,46,1,0,715,,,,,,,,,,,965.0000254313151,351.52632395426434,1208.0387115478516,395.7875569661458,1.0,3.0
123,207,231.60000610351562,92.83889770507812,270.4637451171875,104.4447021484375,Geranium,46,2,0,715,Geranium,Geranium,,,,,,,genus,,965.0000254313151,386.8287404378255,1126.9322713216145,435.18625895182294,1.0,3.0
124,208,244.8000030517578,103.56632995605469,265.9067077636719,114.18902587890625,acaule,47,0,0,715,Geranium,Geranium,acaule,Geranium_acaule_47_0,L. ,,,,species,,1020.0000127156576,431.52637481689453,1107.944615681966,475.78760782877606,1.0,2.0
125,209,269.8861389160156,102.67892456054688,277.0421142578125,114.28472900390625,L.,47,0,1,715,,Geranium,,,,author_47_0,,,,,1124.5255788167317,427.828852335612,1154.3421427408855,476.1863708496094,1.0,2.0
126,210,245.0399932861328,112.27890014648438,296.5931396484375,123.88470458984375,asphodeloides,47,1,0,715,Geranium,Geranium,asphodeloides,Geranium_asphodeloides_47_1,Burm. f. ,,,,species,,1020.9999720255533,467.82875061035156,1235.8047485351562,516.186269124349,1.0,2.0
127,211,300.8325500488281,112.27890014648438,324.5064697265625,123.88470458984375,Burm.,47,1,1,715,,Geranium,,,,author_47_1,,,,,1253.468958536784,467.82875061035156,1352.1102905273438,516.186269124349,1.0,2.0
128,212,328.9954833984375,112.27890014648438,333.99053955078125,123.88470458984375,f.,47,1,2,715,,Geranium,,,,author_47_1,,,,,1370.8145141601562,467.82875061035156,1391.6272481282551,516.186269124349,1.0,2.0
129,213,244.8000030517578,122.52629089355469,264.5924987792969,133.14898681640625,botrys,47,2,0,715,Geranium,Geranium,botrys,Geranium_botrys_47_2,Cav. ,,,,species,,1020.0000127156576,510.52621205647785,1102.468744913737,554.7874450683594,1.0,2.0
130,214,268.84857177734375,121.63888549804688,285.6814880371094,133.24468994140625,Cav.,47,2,1,715,,Geranium,,,,author_47_2,,,,,1120.2023824055989,506.8286895751953,1190.3395334879558,555.1862080891927,1.0,2.0
131,215,244.55999755859375,132.1262969970703,273.5837097167969,142.74899291992188,ciconium,47,3,0,715,Geranium,Geranium,ciconium,Geranium_ciconium_47_3,L. ,,,,species,,1018.999989827474,550.526237487793,1139.932123819987,594.7874704996744,1.0,2.0
132,216,278.3642883300781,131.2388916015625,285.9259033203125,142.84469604492188,L.,47,3,1,715,,Geranium,,,,author_47_3,,,,,1159.8512013753254,546.8287150065104,1191.357930501302,595.1862335205078,1.0,2.0
133,217,244.55999755859375,141.96629333496094,278.8643493652344,152.5889892578125,cicutarium,47,4,0,715,Geranium,Geranium,cicutarium,Geranium_cicutarium_47_4,L. ,,,,species,,1018.999989827474,591.5262222290039,1161.9347890218098,635.7874552408854,1.0,2.0
134,218,284.2861328125,141.07888793945312,291.4421081542969,152.6846923828125,L.,47,4,1,715,,Geranium,,,,author_47_4,,,,,1184.5255533854167,587.8286997477213,1214.3421173095703,636.1862182617188,1.0,2.0
135,219,244.55999755859375,150.67889404296875,279.844970703125,162.28469848632812,cinéreum,47,5,0,715,Geranium,Geranium,cinéreum,Geranium_cinéreum_47_5,Cav. ,,,,species,,1018.999989827474,627.8287251790365,1166.0207112630208,676.1862436930338,1.0,2.0
136,220,283.5283203125,150.67889404296875,301.4248352050781,162.28469848632812,Cav.,47,5,1,715,,Geranium,,,,author_47_5,,,,,1181.3680013020833,627.8287251790365,1255.9368133544922,676.1862436930338,1.0,2.0
137,221,244.32000732421875,160.7589111328125,292.4441833496094,172.36471557617188,columbinum,47,6,0,715,Geranium,Geranium,columbinum,Geranium_columbinum_47_6,L. ,,,,species,,1018.0000305175781,669.8287963867188,1218.5174306233723,718.1863149007162,1.0,2.0
138,222,296.64849853515625,160.7589111328125,305.0248718261719,172.36471557617188,L.,47,6,1,715,,Geranium,,,,author_47_6,,,,,1236.0354105631511,669.8287963867188,1270.9369659423828,718.1863149007162,1.0,2.0
139,223,244.32000732421875,169.87890625,292.4263000488281,181.48471069335938,crenophilum,47,7,0,715,Geranium,Geranium,crenophilum,Geranium_crenophilum_47_7,Boiss. ,,,,species,,1018.0000305175781,707.8287760416666,1218.4429168701172,756.1862945556641,1.0,2.0
140,224,295.7015075683594,169.87890625,317.50408935546875,181.48471069335938,Boiss.,47,7,1,715,,Geranium,,,,author_47_7,,,,,1232.089614868164,707.8287760416666,1322.9337056477864,756.1862945556641,1.0,2.0
141,225,244.55999755859375,179.47891235351562,281.3865661621094,191.084716796875,dissectum,47,8,0,715,Geranium,Geranium,dissectum,Geranium_dissectum_47_8,L. ,,,,species,,1018.999989827474,747.8288014729818,1172.4440256754558,796.1863199869791,1.0,2.0
142,226,285.612548828125,179.47891235351562,293.98321533203125,191.084716796875,L.,47,8,1,715,,Geranium,,,,author_47_8,,,,,1190.0522867838542,747.8288014729818,1224.9300638834636,796.1863199869791,1.0,2.0
143,227,243.83999633789062,189.96629333496094,296.7857666015625,200.5889892578125,glaucopkyllum,47,9,0,715,Geranium,Geranium,glaucopkyllum,Geranium_glaucopkyllum_47_9,L. ,,,,species,,1015.9999847412109,791.5262222290039,1236.6073608398438,835.7874552408854,1.0,2.0
144,228,298.2358703613281,189.07888793945312,306.12384033203125,200.6846923828125,L.,47,9,1,715,,Geranium,,,,author_47_9,,,,,1242.6494598388672,787.8286997477213,1275.5160013834636,836.1862182617188,1.0,2.0
145,229,243.83999633789062,199.56629943847656,273.91400146484375,210.18899536132812,gruinum,47,10,0,715,Geranium,Geranium,gruinum,Geranium_gruinum_47_10,L. ,,,,species,,1015.9999847412109,831.526247660319,1141.3083394368489,875.7874806722006,1.0,2.0
146,230,277.25347900390625,198.67889404296875,284.9898681640625,210.28469848632812,L.,47,10,1,715,,Geranium,,,,author_47_10,,,,,1155.2228291829426,827.8287251790365,1187.457784016927,876.1862436930338,1.0,2.0
147,232,244.32000732421875,209.1663055419922,268.32318115234375,219.78900146484375,hirtum,47,11,0,715,Geranium,Geranium,hirtum,Geranium_hirtum_47_11,Forssk. ,,,,species,,1018.0000305175781,871.5262730916342,1118.0132548014324,915.7875061035156,1.0,2.0
148,233,270.4192810058594,208.27890014648438,296.31085205078125,219.88470458984375,Forssk.,47,11,1,715,,Geranium,,,,author_47_11,,,,,1126.7470041910808,867.8287506103516,1234.6285502115886,916.186269124349,1.0,2.0
149,234,244.55999755859375,218.7663116455078,282.94207763671875,229.38900756835938,laciniaium,47,12,0,715,Geranium,Geranium,laciniaium,Geranium_laciniaium_47_12,Cav. ,,,,species,,1018.999989827474,911.5262985229492,1178.9253234863281,955.7875315348307,1.0,2.0
150,235,284.5456848144531,217.87890625,301.8365173339844,229.48471069335938,Cav.,47,12,1,715,,Geranium,,,,author_47_12,,,,,1185.6070200602214,907.8287760416666,1257.6521555582683,956.1862945556641,1.0,2.0
151,236,244.32000732421875,227.47891235351562,266.3318176269531,239.084716796875,libani,47,13,0,715,Geranium,Geranium,libani,Geranium_libani_47_13,P.H. Davis ,,,,species,,1018.0000305175781,947.8288014729818,1109.7159067789714,996.1863199869791,1.0,2.0
152,237,269.9501647949219,227.47891235351562,287.6014709472656,239.084716796875,P.H.,47,13,1,715,,Geranium,,,,author_47_13,,,,,1124.7923533121746,947.8288014729818,1198.3394622802734,996.1863199869791,1.0,2.0
153,238,291.6439208984375,227.47891235351562,313.30517578125,239.084716796875,Davis,47,13,2,715,,Geranium,,,,author_47_13,,,,,1215.1830037434895,947.8288014729818,1305.438232421875,996.1863199869791,1.0,2.0
154,239,244.32000732421875,237.55889892578125,289.79302978515625,249.16470336914062,libanoticum,47,14,0,715,Geranium,Geranium,libanoticum,Geranium_libanoticum_47_14,Schenk ,,,,species,,1018.0000305175781,989.8287455240885,1207.4709574381511,1038.186264038086,1.0,2.0
155,240,294.02813720703125,237.55889892578125,321.06072998046875,249.16470336914062,Schenk,47,14,1,715,,Geranium,,,,author_47_14,,,,,1225.1172383626301,989.8287455240885,1337.7530415852864,1038.186264038086,1.0,2.0
156,241,244.32000732421875,247.56629943847656,282.54400634765625,258.1889953613281,libanoticum,47,15,0,715,Geranium,Geranium,libanoticum,Geranium_libanoticum_47_15,Boiss. ,,,,species,,1018.0000305175781,1031.526247660319,1177.2666931152344,1075.7874806722004,1.0,2.0
157,242,286.4570007324219,246.67889404296875,307.28240966796875,258.2846984863281,Boiss.,47,15,1,715,,Geranium,,,,author_47_15,,,,,1193.570836385091,1027.8287251790364,1280.3433736165364,1076.186243693034,1.0,2.0
158,243,244.0800018310547,256.2789001464844,275.2847900390625,267.88470458984375,lucidum,47,16,0,715,Geranium,Geranium,lucidum,Geranium_lucidum_47_16,L. ,,,,species,,1017.0000076293945,1067.8287506103516,1147.0199584960938,1116.1862691243489,1.0,2.0
159,244,279.8436279296875,256.2789001464844,288.2234191894531,267.88470458984375,L.,47,16,1,715,,Geranium,,,,author_47_16,,,,,1166.015116373698,1067.8287506103516,1200.930913289388,1116.1862691243489,1.0,2.0
160,245,244.0800018310547,266.76629638671875,280.14190673828125,277.3890075683594,malacoides,47,17,0,715,Geranium,Geranium,malacoides,Geranium_malacoides_47_17,L. ,,,,species,,1017.0000076293945,1111.5262349446614,1167.2579447428386,1155.7875315348308,1.0,2.0
161,246,284.0458068847656,265.87890625,291.2017822265625,277.4847106933594,L.,47,17,1,715,,Geranium,,,,author_47_17,,,,,1183.5241953531902,1107.8287760416667,1213.3407592773438,1156.186294555664,1.0,2.0
162,247,244.0800018310547,275.4789123535156,265.39642333984375,287.084716796875,molle,47,18,0,715,Geranium,Geranium,molle,Geranium_molle_47_18,L. ,,,,species,,1017.0000076293945,1147.8288014729817,1105.8184305826824,1196.1863199869792,1.0,2.0
163,248,268.3752136230469,275.4789123535156,276.7037048339844,287.084716796875,L.,47,18,1,715,,Geranium,,,,author_47_18,,,,,1118.2300567626953,1147.8288014729817,1152.9321034749348,1196.1863199869792,1.0,2.0
164,249,244.0800018310547,285.9662780761719,280.14190673828125,296.5889892578125,moschatum,47,19,0,715,Geranium,Geranium,moschatum,Geranium_moschatum_47_19,Burm. f. ,,,,species,,1017.0000076293945,1191.526158650716,1167.2579447428386,1235.7874552408855,1.0,2.0
165,250,283.500732421875,285.0788879394531,306.4342041015625,296.6846923828125,Burm.,47,19,1,715,,Geranium,,,,author_47_19,,,,,1181.2530517578125,1187.8286997477214,1276.8091837565105,1236.1862182617188,1.0,2.0
166,251,310.3089904785156,285.0788879394531,314.96099853515625,296.6846923828125,f.,47,19,2,715,,Geranium,,,,author_47_19,,,,,1292.9541269938152,1187.8286997477214,1312.3374938964844,1236.1862182617188,1.0,2.0
167,252,242.8800048828125,295.5662841796875,268.5169982910156,306.1889953613281,pallens,47,20,0,715,Geranium,Geranium,pallens,Geranium_pallens_47_20,M. Bieb. ,,,,species,,1012.0000203450521,1231.5261840820312,1118.8208262125652,1275.7874806722004,1.0,2.0
168,253,271.8095703125,294.67889404296875,282.1842956542969,306.2846984863281,M.,47,20,1,715,,Geranium,,,,author_47_20,,,,,1132.5398763020833,1227.8287251790364,1175.7678985595703,1276.186243693034,1.0,2.0
169,254,285.6971740722656,294.67889404296875,305.4294128417969,306.2846984863281,Bieb.,47,20,2,715,,Geranium,,,,author_47_20,,,,,1190.4048919677734,1227.8287251790364,1272.622553507487,1276.186243693034,1.0,2.0
170,255,244.32000732421875,304.2789001464844,287.072998046875,315.88470458984375,purpureum,47,21,0,715,Geranium,Geranium,purpureum,Geranium_purpureum_47_21,Vill. ,,,,species,,1018.0000305175781,1267.8287506103516,1196.1374918619792,1316.1862691243489,1.0,2.0
171,256,291.5407409667969,304.2789001464844,308.3090515136719,315.88470458984375,Vill.,47,21,1,715,,Geranium,,,,author_47_21,,,,,1214.7530873616536,1267.8287506103516,1284.6210479736328,1316.1862691243489,1.0,2.0
172,258,244.9981689453125,313.87890625,277.29412841796875,325.4847106933594,pusillum,47,22,0,715,Geranium,Geranium,pusillum,Geranium_pusillum_47_22,L. ,,,,species,,1020.8257039388021,1307.8287760416667,1155.3922017415364,1356.186294555664,1.0,2.0
173,259,281.904541015625,313.87890625,289.6990661621094,325.4847106933594,L.,47,22,1,715,,Geranium,,,,author_47_22,,,,,1174.6022542317708,1307.8287760416667,1207.0794423421223,1356.186294555664,1.0,2.0
174,260,243.60000610351562,323.4789123535156,288.0921325683594,335.084716796875,pyrenaicum,47,23,0,715,Geranium,Geranium,pyrenaicum,Geranium_pyrenaicum_47_23,Burm. fil. ,,,,species,,1015.0000254313151,1347.8288014729817,1200.3838857014973,1396.1863199869792,1.0,2.0
175,261,292.0334167480469,323.4789123535156,315.43792724609375,335.084716796875,Burm.,47,23,1,715,,Geranium,,,,author_47_23,,,,,1216.805903116862,1347.8288014729817,1314.3246968587239,1396.1863199869792,1.0,2.0
176,262,319.2466125488281,323.4789123535156,330.14971923828125,335.084716796875,fil.,47,23,2,715,,Geranium,,,,author_47_23,,,,,1330.1942189534504,1347.8288014729817,1375.6238301595051,1396.1863199869792,1.0,2.0
177,263,243.83999633789062,333.0788879394531,291.3082275390625,344.6846923828125,rôbertianum,47,24,0,715,Geranium,Geranium,rôbertianum,Geranium_rôbertianum_47_24,L. ,,,,species,,1015.9999847412109,1387.8286997477214,1213.7842814127605,1436.1862182617188,1.0,2.0
178,264,296.0328674316406,333.0788879394531,303.9885559082031,344.6846923828125,L.,47,24,1,715,,Geranium,,,,author_47_24,,,,,1233.4702809651692,1387.8286997477214,1266.6189829508464,1436.1862182617188,1.0,2.0
179,265,243.83999633789062,343.5662841796875,278.29156494140625,354.1889953613281,romanum,47,25,0,715,Geranium,Geranium,romanum,Geranium_romanum_47_25,Burm. fil. ,,,,species,,1015.9999847412109,1431.5261840820312,1159.5481872558594,1475.7874806722004,1.0,2.0
180,266,279.7420654296875,342.67889404296875,303.4476013183594,354.2846984863281,Burm.,47,25,1,715,,Geranium,,,,author_47_25,,,,,1165.5919392903645,1427.8287251790364,1264.365005493164,1476.186243693034,1.0,2.0
181,267,304.8981018066406,342.67889404296875,315.5044250488281,354.2846984863281,fil.,47,25,2,715,,Geranium,,,,author_47_25,,,,,1270.4087575276692,1427.8287251790364,1314.601771036784,1476.186243693034,1.0,2.0
182,268,243.83999633789062,352.5188903808594,295.1879577636719,364.12469482421875,rotundifolium,47,26,0,715,Geranium,Geranium,rotundifolium,Geranium_rotundifolium_47_26,L. ,,,,species,,1015.9999847412109,1468.8287099202473,1229.9498240152996,1517.1862284342449,1.0,2.0
183,269,300.8622131347656,352.5188903808594,308.7903747558594,364.12469482421875,L.,47,26,1,715,,Geranium,,,,author_47_26,,,,,1253.5925547281902,1468.8287099202473,1286.6265614827473,1517.1862284342449,1.0,2.0
184,270,243.60000610351562,362.76629638671875,288.8930969238281,373.3890075683594,subcaulescens,47,27,0,715,Geranium,Geranium,subcaulescens,Geranium_subcaulescens_47_27,L'Hér. ,,,,species,,1015.0000254313151,1511.5262349446614,1203.7212371826172,1555.7875315348308,1.0,2.0
185,271,291.7560119628906,361.95721435546875,316.664306640625,374.0067138671875,L'Hér.,47,27,1,715,,Geranium,,,,author_47_27,,,,,1215.6500498453777,1508.1550598144531,1319.4346110026042,1558.361307779948,1.0,2.0
186,272,243.83999633789062,371.4789123535156,284.18426513671875,383.084716796875,tuberosum,47,28,0,715,Geranium,Geranium,tuberosum,Geranium_tuberosum_47_28,L. ,,,,species,,1015.9999847412109,1547.8288014729817,1184.1011047363281,1596.1863199869792,1.0,2.0
187,273,287.5324401855469,371.4789123535156,295.90423583984375,383.084716796875,L.,47,28,1,715,,Geranium,,,,author_47_28,,,,,1198.0518341064453,1547.8288014729817,1232.9343159993489,1596.1863199869792,1.0,2.0
188,274,230.16000366210938,382.0389099121094,253.59603881835938,393.64471435546875,Geum,48,0,0,715,Geum,Geum,,,,,,,genus,,959.0000152587891,1591.8287913004558,1056.650161743164,1640.1863098144531,1.0,3.0
189,275,243.36000061035156,391.6388854980469,296.74713134765625,403.24468994140625,heterocarpum,49,0,0,715,Geum,Geum,heterocarpum,Geum_heterocarpum_49_0,Boiss. ,,,,species,,1014.0000025431315,1631.8286895751953,1236.4463806152344,1680.1862080891926,1.0,2.0
190,276,300.7416687011719,391.6388854980469,322.54425048828125,403.24468994140625,Boiss.,49,0,1,715,,Geum,,,,author_49_0,,,,,1253.0902862548828,1631.8286895751953,1343.9343770345051,1680.1862080891926,1.0,2.0
191,277,243.36000061035156,401.7189025878906,278.65521240234375,413.32470703125,urbanum,49,1,0,715,Geum,Geum,urbanum,Geum_urbanum_49_1,L. ,,,,species,,1014.0000025431315,1673.8287607828777,1161.0633850097656,1722.186279296875,1.0,2.0
192,278,282.3966979980469,401.7189025878906,290.8642578125,413.32470703125,L.,49,1,1,715,,Geum,,,,author_49_1,,,,,1176.6529083251953,1673.8287607828777,1211.9344075520833,1722.186279296875,1.0,2.0
193,279,229.9199981689453,410.8388977050781,266.7684631347656,422.4447021484375,Gladiolus,50,0,0,715,Gladiolus,Gladiolus,,,,,,,genus,,957.9999923706055,1711.8287404378254,1111.5352630615234,1760.186258951823,1.0,3.0
194,280,243.60000610351562,421.3988952636719,283.86297607421875,433.00469970703125,imbricatus,51,0,0,715,Gladiolus,Gladiolus,imbricatus,Gladiolus_imbricatus_51_0,L. ,,,,species,,1015.0000254313151,1755.8287302652996,1182.7624003092449,1804.1862487792969,1.0,2.0
195,281,287.0253601074219,421.3988952636719,295.4245300292969,433.00469970703125,L.,51,0,1,715,,Gladiolus,,,,author_51_0,,,,,1195.939000447591,1755.8287302652996,1230.935541788737,1804.1862487792969,1.0,2.0
196,282,230.16000366210938,430.6863098144531,260.5137634277344,441.30902099609375,Glastaria,52,0,0,715,Glastaria,Glastaria,,,,,,,genus,,959.0000152587891,1794.5262908935547,1085.4740142822266,1838.7875874837239,1.0,3.0
197,283,243.36000061035156,440.7662658691406,266.4642333984375,451.38897705078125,deflexa,53,0,0,715,Glastaria,Glastaria,deflexa,Glastaria_deflexa_53_0,Boiss. ,,,,species,,1014.0000025431315,1836.526107788086,1110.2676391601562,1880.7874043782551,1.0,2.0
198,284,269.376220703125,439.8788757324219,290.00140380859375,451.48468017578125,Boiss.,53,0,1,715,,Glastaria,,,,author_53_0,,,,,1122.4009195963542,1832.828648885091,1208.3391825358074,1881.1861673990886,1.0,2.0
199,285,229.9199981689453,450.1988830566406,266.6398010253906,461.8046875,Glaucium,54,0,0,715,Glaucium,Glaucium,,,,,,,genus,,957.9999923706055,1875.8286794026692,1110.9991709391277,1924.1861979166667,1.0,3.0
200,286,243.36000061035156,459.7989196777344,282.2221984863281,471.40472412109375,aleppicum,55,0,0,715,Glaucium,Glaucium,aleppicum,Glaucium_aleppicum_55_0,Boiss. et Hausskn. ,,,,species,,1014.0000025431315,1915.8288319905598,1175.9258270263672,1964.1863505045574,1.0,2.0
201,287,286.125732421875,459.7989196777344,307.3367614746094,471.40472412109375,Boiss.,55,0,1,715,,Glaucium,,,,author_55_0,,,,,1192.1905517578125,1915.8288319905598,1280.569839477539,1964.1863505045574,1.0,2.0
202,288,312.0216064453125,459.7989196777344,318.55206298828125,471.40472412109375,et,55,0,2,715,,Glaucium,,,,author_55_0,,,,,1300.0900268554688,1915.8288319905598,1327.3002624511719,1964.1863505045574,1.0,2.0
203,289,322.4555969238281,459.7989196777344,356.54998779296875,471.40472412109375,Hausskn.,55,0,3,715,,Glaucium,,,,author_55_0,,,,,1343.5649871826172,1915.8288319905598,1485.6249491373699,1964.1863505045574,1.0,2.0
204,290,243.1199951171875,469.3988952636719,293.53729248046875,481.00469970703125,corniculatum,55,1,0,715,Glaucium,Glaucium,corniculatum,Glaucium_corniculatum_55_1,(L.) Curt. ,,,,species,,1012.9999796549479,1955.8287302652996,1223.0720520019531,2004.1862487792969,1.0,2.0
205,291,298.44451904296875,469.3988952636719,312.0440979003906,481.00469970703125,(L.),55,1,1,715,,Glaucium,,,,author_55_1,,,,,1243.5188293457031,1955.8287302652996,1300.1837412516277,2004.1862487792969,1.0,2.0
206,292,317.2104187011719,469.3988952636719,336.63079833984375,481.00469970703125,Curt.,55,1,2,715,,Glaucium,,,,author_55_1,,,,,1321.7100779215496,1955.8287302652996,1402.6283264160156,2004.1862487792969,1.0,2.0
207,293,243.1199951171875,478.9989013671875,269.7644958496094,490.6047058105469,flavum,55,2,0,715,Glaucium,Glaucium,flavum,Glaucium_flavum_55_2,Crantz ,,,,species,,1012.9999796549479,1995.8287556966145,1124.0187327067058,2044.186274210612,1.0,2.0
208,294,273.77923583984375,478.9989013671875,298.94183349609375,490.6047058105469,Crantz,55,2,1,715,,Glaucium,,,,author_55_2,,,,,1140.7468159993489,1995.8287556966145,1245.5909729003906,2044.186274210612,1.0,2.0
209,295,243.1199951171875,488.5989074707031,291.7881164550781,500.2047119140625,grandiflorum,55,3,0,715,Glaucium,Glaucium,grandiflorum,Glaucium_grandiflorum_55_3,Boiss. et Huet ,,,,species,,1012.9999796549479,2035.8287811279297,1215.7838185628254,2084.1862996419272,1.0,2.0
210,296,296.1751403808594,488.5989074707031,317.38616943359375,500.2047119140625,Boiss.,55,3,1,715,,Glaucium,,,,author_55_3,,,,,1234.0630849202473,2035.8287811279297,1322.4423726399739,2084.1862996419272,1.0,2.0
211,297,322.0475769042969,488.5989074707031,328.6035461425781,500.2047119140625,et,55,3,2,715,,Glaucium,,,,author_55_3,,,,,1341.8649037679036,2035.8287811279297,1369.1814422607422,2084.1862996419272,1.0,2.0
212,298,333.26495361328125,488.5989074707031,351.5839538574219,500.2047119140625,Huet,55,3,3,715,,Glaucium,,,,author_55_3,,,,,1388.6039733886719,2035.8287811279297,1464.933141072591,2084.1862996419272,1.0,2.0
213,299,243.1199951171875,498.1988830566406,285.5850524902344,509.8046875,leiocarpum,55,4,0,715,Glaucium,Glaucium,leiocarpum,Glaucium_leiocarpum_55_4,Boiss. ,,,,species,,1012.9999796549479,2075.8286794026694,1189.9377187093098,2124.1861979166665,1.0,2.0
214,300,289.25909423828125,498.1988830566406,310.4701232910156,509.8046875,Boiss.,55,4,1,715,,Glaucium,,,,author_55_4,,,,,1205.2462259928386,2075.8286794026694,1293.6255137125652,2124.1861979166665,1.0,2.0
215,301,243.1199951171875,508.6863098144531,267.4095458984375,519.3090209960938,luteum,55,5,0,715,Glaucium,Glaucium,luteum,Glaucium_luteum_55_5,Scop. ,,,,species,,1012.9999796549479,2119.5262908935547,1114.2064412434895,2163.787587483724,1.0,2.0
216,302,268.85986328125,507.7989196777344,289.65142822265625,519.4047241210938,Scop.,55,5,1,715,,Glaucium,,,,author_55_5,,,,,1120.2494303385417,2115.82883199056,1206.8809509277344,2164.186350504557,1.0,2.0
217,303,229.44000244140625,518.8389282226562,274.82049560546875,530.4447021484375,Glycyrrhiza,56,0,0,715,Glycyrrhiza,Glycyrrhiza,,,,,,,genus,,956.000010172526,2161.828867594401,1145.0853983561199,2210.1862589518228,1.0,3.0
218,304,242.8800048828125,528.4389038085938,280.463623046875,540.044677734375,asperrima,57,0,0,715,Glycyrrhiza,Glycyrrhiza,asperrima,Glycyrrhiza_asperrima_57_0,L. f. ,,,,species,,1012.0000203450521,2201.8287658691406,1168.5984293619792,2250.1861572265625,1.0,2.0
219,305,283.8300476074219,528.4389038085938,291.85870361328125,540.044677734375,L.,57,0,1,715,,Glycyrrhiza,,,,author_57_0,,,,,1182.6251983642578,2201.8287658691406,1216.0779317220051,2250.1861572265625,1.0,2.0
220,306,295.67315673828125,528.4389038085938,300.9446105957031,540.044677734375,f.,57,0,2,715,,Glycyrrhiza,,,,author_57_0,,,,,1231.9714864095051,2201.8287658691406,1253.9358774820964,2250.1861572265625,1.0,2.0
221,307,243.1199951171875,538.0389404296875,275.17724609375,549.6447143554688,echinata,57,1,0,715,Glycyrrhiza,Glycyrrhiza,echinata,Glycyrrhiza_echinata_57_1,L. ,,,,species,,1012.9999796549479,2241.8289184570312,1146.5718587239583,2290.186309814453,1.0,2.0
222,308,278.3669738769531,538.0389404296875,286.7843933105469,549.6447143554688,L.,57,1,1,715,,Glycyrrhiza,,,,author_57_1,,,,,1159.8623911539714,2241.8289184570312,1194.9349721272786,2290.186309814453,1.0,2.0
223,309,242.8800048828125,547.158935546875,279.29632568359375,558.7647094726562,flavescens,57,2,0,715,Glycyrrhiza,Glycyrrhiza,flavescens,Glycyrrhiza_flavescens_57_2,Boiss. ,,,,species,,1012.0000203450521,2279.828898111979,1163.7346903483074,2328.186289469401,1.0,2.0
224,310,282.25445556640625,547.158935546875,304.0643615722656,558.7647094726562,Boiss.,57,2,1,715,,Glycyrrhiza,,,,author_57_2,,,,,1176.0602315266926,2279.828898111979,1266.9348398844402,2328.186289469401,1.0,2.0
225,311,242.8800048828125,556.7589111328125,267.0552062988281,568.3646850585938,glabra,57,3,0,715,Glycyrrhiza,Glycyrrhiza,glabra,Glycyrrhiza_glabra_57_3,L. ,,,,species,,1012.0000203450521,2319.8287963867188,1112.7300262451172,2368.1861877441406,1.0,2.0
226,312,270.67584228515625,556.7589111328125,279.103515625,568.3646850585938,L.,57,3,1,715,,Glycyrrhiza,,,,author_57_3,,,,,1127.8160095214844,2319.8287963867188,1162.9313151041667,2368.1861877441406,1.0,2.0
227,313,242.8800048828125,566.3589477539062,287.9571838378906,577.9647216796875,glandulifera,57,4,0,715,Glycyrrhiza,Glycyrrhiza,glandulifera,Glycyrrhiza_glandulifera_57_4,Waldst. et Kit. ,,,,species,,1012.0000203450521,2359.8289489746094,1199.8215993245442,2408.1863403320312,1.0,2.0
228,314,291.8023986816406,566.3589477539062,321.2373352050781,577.9647216796875,Waldst.,57,4,1,715,,Glycyrrhiza,,,,author_57_4,,,,,1215.8433278401692,2359.8289489746094,1338.4888966878254,2408.1863403320312,1.0,2.0
229,315,325.80303955078125,566.3589477539062,332.7905578613281,577.9647216796875,et,57,4,2,715,,Glycyrrhiza,,,,author_57_4,,,,,1357.5126647949219,2359.8289489746094,1386.6273244222004,2408.1863403320312,1.0,2.0
230,316,336.87518310546875,566.3589477539062,352.0641174316406,577.9647216796875,Kit.,57,4,3,715,,Glycyrrhiza,,,,author_57_4,,,,,1403.6465962727864,2359.8289489746094,1466.933822631836,2408.1863403320312,1.0,2.0
231,317,242.8800048828125,576.3663330078125,273.13232421875,586.989013671875,violacea,57,5,0,715,Glycyrrhiza,Glycyrrhiza,violacea,Glycyrrhiza_violacea_57_5,Boiss. ,,,,species,,1012.0000203450521,2401.5263875325522,1138.0513509114583,2445.787556966146,1.0,2.0
232,318,274.5825500488281,575.4789428710938,295.92559814453125,587.084716796875,Boiss.,57,5,1,715,,Glycyrrhiza,,,,author_57_5,,,,,1144.093958536784,2397.828928629557,1233.0233256022136,2446.186319986979,1.0,2.0
233,319,229.1999969482422,585.726318359375,286.1968078613281,596.3489990234375,Glycyrrhizopsis,58,0,0,715,Glycyrrhizopsis,Glycyrrhizopsis,,,,,,,genus,,954.9999872843424,2440.526326497396,1192.4866994222004,2484.7874959309897,1.0,3.0
234,320,242.39999389648438,595.5663452148438,279.3894958496094,606.1890258789062,flavescens,59,0,0,715,Glycyrrhizopsis,Glycyrrhizopsis,flavescens,Glycyrrhizopsis_flavescens_59_0,(Boiss.) Boiss. et Bal. ,,,,species,,1009.9999745686849,2481.526438395182,1164.1228993733723,2525.787607828776,1.0,2.0
235,321,281.4356384277344,594.678955078125,307.8060607910156,606.2847290039062,(Boiss.),59,0,1,715,,Glycyrrhizopsis,,,,author_59_0,,,,,1172.6484934488933,2477.8289794921875,1282.5252532958984,2526.1863708496094,1.0,2.0
236,322,309.8521728515625,594.678955078125,331.0632019042969,606.2847290039062,Boiss.,59,0,2,715,,Glycyrrhizopsis,,,,author_59_0,,,,,1291.0507202148438,2477.8289794921875,1379.4300079345703,2526.1863708496094,1.0,2.0
237,323,332.9808044433594,594.678955078125,339.384765625,606.2847290039062,et,59,0,3,715,,Glycyrrhizopsis,,,,author_59_0,,,,,1387.4200185139973,2477.8289794921875,1414.1031901041667,2526.1863708496094,1.0,2.0
238,324,340.9188537597656,594.678955078125,355.83056640625,606.2847290039062,Bal.,59,0,4,715,,Glycyrrhizopsis,,,,author_59_0,,,,,1420.4952239990234,2477.8289794921875,1482.6273600260417,2526.1863708496094,1.0,2.0
0,3,26.399999618530273,44.24297332763672,59.95803451538086,56.24897003173828,Goebelia,1,0,0,716,Goebelia,Goebelia,,,,,,,genus,,109.9999984105428,184.34572219848633,249.8251438140869,234.37070846557617,0.0,0.0
1,4,40.08000183105469,53.84300994873047,92.28600311279297,65.84900665283203,alopecuroides,2,0,0,716,Goebelia,Goebelia,alopecuroides,Goebelia_alopecuroides_2_0,(L.) Boiss. ,,,,species,,167.00000762939453,224.34587478637695,384.5250129699707,274.3708610534668,0.0,1.0
2,5,96.8261489868164,53.84300994873047,110.66040802001953,65.84900665283203,(L.),2,0,1,716,,Goebelia,,,,author_2_0,,,,,403.44228744506836,224.34587478637695,461.08503341674805,274.3708610534668,0.0,1.0
3,6,114.97383880615234,53.84300994873047,136.4736785888672,65.84900665283203,Boiss.,2,0,2,716,,Goebelia,,,,author_2_0,,,,,479.05766169230145,224.34587478637695,568.6403274536133,274.3708610534668,0.0,1.0
4,7,26.399999618530273,63.44298553466797,72.2072982788086,75.44898223876953,Gonocytisus,3,0,0,716,Gonocytisus,Gonocytisus,,,,,,,genus,,109.9999984105428,264.3457730611165,300.86374282836914,314.37075932820636,0.0,0.0
5,8,39.84000015258789,73.04302215576172,83.58809661865234,85.04901885986328,pterocladus,4,0,0,716,Gonocytisus,Gonocytisus,pterocladus,Gonocytisus_pterocladus_4_0,Boiss. ,,,,species,,166.00000063578287,304.34592564900714,348.28373591105145,354.370911916097,0.0,1.0
6,9,87.37287139892578,73.04302215576172,108.87271118164062,85.04901885986328,Boiss.,4,0,1,716,,Gonocytisus,,,,author_4_0,,,,,364.0536308288574,304.34592564900714,453.63629659016925,354.370911916097,0.0,1.0
7,10,26.399999618530273,82.64299774169922,120.16500091552734,94.64899444580078,GROSSULARIACEAE,5,0,0,716,,,,,,,,,,,109.9999984105428,344.34582392374676,500.68750381469727,394.3708101908366,0.0,0.0
8,11,26.399999618530273,92.24297332763672,87.6651611328125,104.24897003173828,GUTTIFERAE,5,1,0,716,,,,,,,,,,,109.9999984105428,384.3457221984863,365.27150472005206,434.3707084655762,0.0,0.0
9,12,26.399999618530273,103.71200561523438,76.61599731445312,113.48001098632812,Gymnogramtna,5,2,0,716,Gymnogramtna,Gymnogramtna,,,,,,,genus,,109.9999984105428,432.13335673014325,319.2333221435547,472.8333791097005,0.0,0.0
10,13,39.84000015258789,113.31201171875,75.83999633789062,123.08001708984375,leptophylla,6,0,0,716,Gymnogramtna,Gymnogramtna,leptophylla,Gymnogramtna_leptophylla_6_0,(L.) Desv. ,,,,species,,166.00000063578287,472.1333821614583,315.99998474121094,512.8334045410156,0.0,1.0
11,14,80.88107299804688,112.49601745605469,94.66187286376953,123.16801452636719,(L.),6,0,1,716,,Gymnogramtna,,,,author_6_0,,,,,337.0044708251953,468.73340606689453,394.42447026570636,513.2000605265299,0.0,1.0
12,15,99.98411560058594,112.49601745605469,120.32268524169922,123.16801452636719,Desv.,6,0,2,716,,Gymnogramtna,,,,author_6_0,,,,,416.6004816691081,468.73340606689453,501.3445218404134,513.2000605265299,0.0,1.0
13,25,26.399999618530273,164.72300720214844,65.66200256347656,176.72901916503906,Halimium,9,0,0,716,Halimium,Halimium,,,,,,,genus,,109.9999984105428,686.3458633422852,273.59167734781903,736.3709131876627,0.0,0.0
14,26,40.08000183105469,173.1230010986328,86.53800201416016,185.12901306152344,umbellatum,10,0,0,716,Halimium,Halimium,umbellatum,Halimium_umbellatum_10_0,(L.) Spach ,,,,species,,167.00000762939453,721.3458379109701,360.575008392334,771.3708877563477,0.0,1.0
15,27,91.46127319335938,173.1230010986328,105.47373962402344,185.12901306152344,(L.),10,0,1,716,,Halimium,,,,author_10_0,,,,,381.08863830566406,721.3458379109701,439.47391510009766,771.3708877563477,0.0,1.0
16,28,110.65638732910156,173.1230010986328,133.49371337890625,185.12901306152344,Spach,10,0,2,716,,Halimium,,,,author_10_0,,,,,461.06828053792316,721.3458379109701,556.2238057454427,771.3708877563477,0.0,1.0
17,29,26.639999389648438,182.96299743652344,119.43370056152344,194.96900939941406,HALORRHAGACEAE,11,0,0,716,,,,,,,,,,,110.99999745686848,762.345822652181,497.64041900634766,812.3708724975586,0.0,0.0
18,30,26.399999618530273,193.00099182128906,63.89399719238281,203.989990234375,Haloxylon,11,1,0,716,Haloxylon,Haloxylon,,,,,,,genus,,109.9999984105428,804.1707992553711,266.22498830159503,849.9582926432291,0.0,0.0
19,31,40.08000183105469,203.0810089111328,82.08300018310547,214.07000732421875,articulatum,12,0,0,716,Haloxylon,Haloxylon,articulatum,Haloxylon_articulatum_12_0,(Cav.) Bge ,,,,species,,167.00000762939453,846.1708704630533,342.01250076293945,891.9583638509115,0.0,1.0
20,33,87.00333404541016,202.1630096435547,110.46435546875,214.1690216064453,(Cav.),12,0,1,716,,Haloxylon,,,,author_12_0,,,,,362.51389185587567,842.3458735148112,460.2681477864583,892.3709233601888,0.0,1.0
21,34,112.11468505859375,202.1630096435547,126.2588119506836,214.1690216064453,Bge,12,0,2,716,,Haloxylon,,,,author_12_0,,,,,467.14452107747394,842.3458735148112,526.0783831278483,892.3709233601888,0.0,1.0
22,35,40.08000183105469,213.16099548339844,67.57500457763672,224.14999389648438,elegans,12,1,0,716,Haloxylon,Haloxylon,elegans,Haloxylon_elegans_12_1,Bge ,,,,species,,167.00000762939453,888.1708145141602,281.5625190734863,933.9583079020182,0.0,1.0
23,36,69.07500457763672,212.2429962158203,83.36200714111328,224.24900817871094,Bge,12,1,1,716,,Haloxylon,,,,author_12_1,,,,,287.8125190734863,884.345817565918,347.34169642130536,934.3708674112955,0.0,1.0
24,43,40.08000183105469,222.28099060058594,91.5619888305664,233.26998901367188,ramosissimum,14,0,0,716,Haloxylon,Haloxylon,ramosissimum,Haloxylon_ramosissimum_14_0,(Boiss.) Benth. et Hook. ,,,,species,,167.00000762939453,926.170794169108,381.5082867940267,971.9582875569662,0.0,1.0
25,44,95.29329681396484,221.3629913330078,121.979736328125,233.36900329589844,(Boiss.),14,0,1,716,,Haloxylon,,,,author_14_0,,,,,397.0554033915202,922.3457972208658,508.2489013671875,972.3708470662435,0.0,1.0
26,45,125.51502227783203,221.3629913330078,150.20660400390625,233.36900329589844,Benth.,14,0,2,716,,Haloxylon,,,,author_14_0,,,,,522.9792594909668,922.3457972208658,625.860850016276,972.3708470662435,0.0,1.0
27,46,153.5448760986328,221.3629913330078,160.07095336914062,233.36900329589844,et,14,0,3,716,,Haloxylon,,,,author_14_0,,,,,639.7703170776367,922.3457972208658,666.9623057047526,972.3708470662435,0.0,1.0
28,47,163.2132110595703,221.3629913330078,186.32376098632812,233.36900329589844,Hook.,14,0,4,716,,Haloxylon,,,,author_14_0,,,,,680.055046081543,922.3457972208658,776.3490041097006,972.3708470662435,0.0,1.0
29,49,40.08000183105469,231.88099670410156,87.0780029296875,242.8699951171875,salicornicum,14,1,0,716,Haloxylon,Haloxylon,salicornicum,Haloxylon_salicornicum_14_1,(Moqu.) Bge ,,,,species,,167.00000762939453,966.1708196004232,362.82501220703125,1011.9583129882812,0.0,1.0
30,50,89.156005859375,230.96299743652344,120.35585021972656,242.96900939941406,(Moqu.),14,1,1,716,,Haloxylon,,,,author_14_1,,,,,371.4833577473958,962.345822652181,501.48270924886066,1012.3708724975586,0.0,1.0
31,51,122.4338607788086,230.96299743652344,136.5780029296875,242.96900939941406,Bge,14,1,2,716,,Haloxylon,,,,author_14_1,,,,,510.14108657836914,962.345822652181,569.0750122070312,1012.3708724975586,0.0,1.0
32,52,26.399999618530273,240.56300354003906,66.8759994506836,252.5690155029297,Hammada,15,0,0,716,Hammada,Hammada,,,,,,,genus,,109.9999984105428,1002.3458480834961,278.64999771118164,1052.3708979288738,0.0,0.0
33,53,40.08000183105469,249.92298889160156,55.965538024902344,261.9289855957031,eigii,16,0,0,716,Hammada,Hammada,eigii,Hammada_eigii_16_0,Iljin ,,,,species,,167.00000762939453,1041.3457870483398,233.18974177042642,1091.3707733154297,0.0,1.0
34,54,60.68154525756836,249.92298889160156,76.36454010009766,261.9289855957031,Iljin,16,0,1,716,,Hammada,,,,author_16_0,,,,,252.83977190653482,1041.3457870483398,318.1855837504069,1091.3707733154297,0.0,1.0
35,55,40.08000183105469,259.76300048828125,67.58517456054688,271.76898193359375,elegans,16,1,0,716,Hammada,Hammada,elegans,Hammada_elegans_16_1,(Bge) Iljin ,,,,species,,167.00000762939453,1082.3458353678386,281.6048940022786,1132.3707580566406,0.0,1.0
36,56,72.15501403808594,259.76300048828125,91.71048736572266,271.76898193359375,(Bge),16,1,1,716,,Hammada,,,,author_16_1,,,,,300.6458918253581,1082.3458353678386,382.12703069051105,1132.3707580566406,0.0,1.0
37,57,96.78820037841797,259.76300048828125,112.12429809570312,271.76898193359375,Iljin,16,1,2,716,,Hammada,,,,author_16_1,,,,,403.2841682434082,1082.3458353678386,467.184575398763,1132.3707580566406,0.0,1.0
38,58,39.84000015258789,270.281005859375,80.33999633789062,281.2699890136719,salicornica,16,2,0,716,Hammada,Hammada,salicornica,Hammada_salicornica_16_2,"(Moq.) Iljin"" ",,,,species,,166.00000063578287,1126.1708577473958,334.74998474121094,1171.958287556966,0.0,1.0
39,59,83.2892074584961,269.3630065917969,109.53905487060547,281.3689880371094,(Moq.),16,2,1,716,,Hammada,,,,author_16_2,,,,,347.0383644104004,1122.3458607991536,456.41272862752277,1172.3707834879558,0.0,1.0
40,60,112.62884521484375,269.3630065917969,131.8496856689453,281.3689880371094,"Iljin""",16,2,2,716,,Hammada,,,,author_16_2,,,,,469.28685506184894,1122.3458607991536,549.3736902872721,1172.3707834879558,0.0,1.0
41,62,38.77402877807617,280.36102294921875,65.27002716064453,291.3500061035156,syriaca,17,0,0,716,Hammada,Hammada,syriaca,Hammada_syriaca_17_0,Botsch. ,,,,species,,161.55845324198404,1168.1709289550781,271.95844650268555,1213.9583587646484,0.0,1.0
42,63,68.33705139160156,279.4430236816406,95.79766845703125,291.4490051269531,Botsch.,17,0,1,716,,Hammada,,,,author_17_0,,,,,284.73771413167316,1164.345932006836,399.1569519042969,1214.370854695638,0.0,1.0
43,64,26.399999618530273,288.5630187988281,91.41329956054688,300.5690002441406,Hammatolobium,17,1,0,716,Hammatolobium,Hammatolobium,,,,,,,genus,,109.9999984105428,1202.345911661784,380.8887481689453,1252.370834350586,0.0,0.0
44,65,40.08000183105469,297.9230041503906,69.03947448730469,309.9289855957031,lotoides,18,0,0,716,Hammatolobium,Hammatolobium,lotoides,Hammatolobium_lotoides_18_0,Fenzl ,,,,species,,167.00000762939453,1241.3458506266277,287.6644770304362,1291.3707733154297,0.0,1.0
45,66,73.84647369384766,297.9230041503906,94.50048065185547,309.9289855957031,Fenzl,18,0,1,716,,Hammatolobium,,,,author_18_0,,,,,307.6936403910319,1241.3458506266277,393.75200271606445,1291.3707733154297,0.0,1.0
46,67,26.399999618530273,307.52301025390625,82.47200775146484,319.52899169921875,Haplophyllum,19,0,0,716,Haplophyllum,Haplophyllum,,,,,,,genus,,109.9999984105428,1281.3458760579426,343.6333656311035,1331.3707987467449,0.0,0.0
47,68,40.08000183105469,317.843017578125,76.66500854492188,329.8489990234375,armenum,20,0,0,716,Haplophyllum,Haplophyllum,armenum,Haplophyllum_armenum_20_0,Spach ,,,,species,,167.00000762939453,1324.3459065755208,319.4375356038411,1374.370829264323,0.0,1.0
48,69,82.81587982177734,317.843017578125,105.65320587158203,329.8489990234375,Spach,20,0,1,716,,Haplophyllum,,,,author_20_0,,,,,345.06616592407227,1324.3459065755208,440.2216911315918,1374.370829264323,0.0,1.0
49,70,40.08000183105469,326.9630126953125,72.11046600341797,338.968994140625,blanchei,20,1,0,716,Haplophyllum,Haplophyllum,blanchei,Haplophyllum_blanchei_20_1,Boiss. ,,,,species,,167.00000762939453,1362.3458862304688,300.4602750142415,1412.3708089192708,0.0,1.0
50,71,75.89028930664062,326.9630126953125,97.59307098388672,338.968994140625,Boiss.,20,1,1,716,,Haplophyllum,,,,author_20_1,,,,,316.20953877766925,1362.3458862304688,406.63779576619464,1412.3708089192708,0.0,1.0
51,72,40.31999969482422,338.1919860839844,68.91911315917969,347.9599914550781,bourgaei,20,2,0,716,Haplophyllum,Haplophyllum,bourgaei,Haplophyllum_bourgaei_20_2,Boiss. ,,,,species,,167.99999872843424,1409.1332753499348,287.16297149658203,1449.8332977294922,0.0,1.0
52,73,72.1712646484375,337.3759765625,93.20281219482422,348.0479736328125,Boiss.,20,2,1,716,,Haplophyllum,,,,author_20_2,,,,,300.71360270182294,1405.7332356770833,388.3450508117676,1450.1998901367188,0.0,1.0
53,74,40.08000183105469,346.16302490234375,81.04026794433594,358.16900634765625,buxbaumii,20,3,0,716,Haplophyllum,Haplophyllum,buxbaumii,Haplophyllum_buxbaumii_20_3,Poir. ,,,,species,,167.00000762939453,1442.3459370930989,337.6677831013997,1492.3708597819011,0.0,1.0
54,75,85.89720916748047,346.16302490234375,103.83303833007812,358.16900634765625,Poir.,20,3,1,716,,Haplophyllum,,,,author_20_3,,,,,357.90503819783527,1442.3459370930989,432.6376597086589,1492.3708597819011,0.0,1.0
55,76,40.31999969482422,357.1520080566406,85.64800262451172,366.9200134277344,candolleanum,20,4,0,716,Haplophyllum,Haplophyllum,candolleanum,Haplophyllum_candolleanum_20_4,Boiss. ,,,,species,,167.99999872843424,1488.1333669026692,356.86667760213214,1528.8333892822266,0.0,1.0
56,77,88.52790832519531,356.33599853515625,109.76243591308594,367.00799560546875,Boiss.,20,4,1,716,,Haplophyllum,,,,author_20_4,,,,,368.8662846883138,1484.7333272298176,457.3434829711914,1529.1999816894531,0.0,1.0
57,78,40.31999969482422,364.88299560546875,88.7804946899414,376.88897705078125,chaborasium,20,5,0,716,Haplophyllum,Haplophyllum,chaborasium,Haplophyllum_chaborasium_20_5,Boiss. et Hausskn. ,,,,species,,167.99999872843424,1520.3458150227864,369.91872787475586,1570.3707377115886,0.0,1.0
58,79,93.59190368652344,364.88299560546875,115.09174346923828,376.88897705078125,Boiss.,20,5,1,716,,Haplophyllum,,,,author_20_5,,,,,389.96626536051434,1520.3458150227864,479.5489311218262,1570.3707377115886,0.0,1.0
59,80,120.15559387207031,364.88299560546875,126.74404907226562,376.88897705078125,et,20,5,2,716,,Haplophyllum,,,,author_20_5,,,,,500.64830780029297,1520.3458150227864,528.1002044677734,1570.3707377115886,0.0,1.0
60,81,131.55545043945312,364.88299560546875,165.9936065673828,376.88897705078125,Hausskn.,20,5,3,716,,Haplophyllum,,,,author_20_5,,,,,548.1477101643881,1520.3458150227864,691.6400273640951,1570.3707377115886,0.0,1.0
61,82,40.31999969482422,376.5920104980469,69.3547134399414,386.3600158691406,cilicicum,20,6,0,716,Haplophyllum,Haplophyllum,cilicicum,Haplophyllum_cilicicum_20_6,Boiss. ,,,,species,,167.99999872843424,1569.1333770751953,288.97797266642254,1609.8333994547527,0.0,1.0
62,83,74.09087371826172,375.7760009765625,95.12242889404297,386.447998046875,Boiss.,20,6,1,716,,Haplophyllum,,,,author_20_6,,,,,308.7119738260905,1565.7333374023438,396.343453725179,1610.1999918619792,0.0,1.0
63,84,40.31999969482422,385.2409973144531,64.81800079345703,396.22998046875,deserti,20,7,0,716,Haplophyllum,Haplophyllum,deserti,Haplophyllum_deserti_20_7,Post et Beauv. ,,,,species,,167.99999872843424,1605.1708221435547,270.075003306071,1650.958251953125,0.0,1.0
64,85,67.69197082519531,384.322998046875,83.27853393554688,396.3289794921875,Post,20,7,1,716,,Haplophyllum,,,,author_20_7,,,,,282.0498784383138,1601.3458251953125,346.993891398112,1651.3707478841145,0.0,1.0
65,86,86.15250396728516,384.322998046875,92.70829010009766,396.3289794921875,et,20,7,2,716,,Haplophyllum,,,,author_20_7,,,,,358.9687665303548,1601.3458251953125,386.28454208374023,1651.3707478841145,0.0,1.0
66,87,95.39019775390625,384.322998046875,121.35294342041016,396.3289794921875,Beauv.,20,7,3,716,,Haplophyllum,,,,author_20_7,,,,,397.4591573079427,1601.3458251953125,505.637264251709,1651.3707478841145,0.0,1.0
67,88,40.31999969482422,393.9230041503906,76.86882781982422,405.9289855957031,filifolium,20,8,0,716,Haplophyllum,Haplophyllum,filifolium,Haplophyllum_filifolium_20_8,Spach ,,,,species,,167.99999872843424,1641.3458506266277,320.2867825826009,1691.3707733154297,0.0,1.0
68,89,79.45570373535156,393.9230041503906,102.29302978515625,405.9289855957031,Spach,20,8,1,716,,Haplophyllum,,,,author_20_8,,,,,331.06543223063153,1641.3458506266277,426.22095743815106,1691.3707733154297,0.0,1.0
69,90,40.31999969482422,403.76300048828125,87.12225341796875,415.76898193359375,fruticulosum,20,9,0,716,Haplophyllum,Haplophyllum,fruticulosum,Haplophyllum_fruticulosum_20_9,(Lab.) Boiss. ,,,,species,,167.99999872843424,1682.3458353678386,363.00938924153644,1732.3707580566406,0.0,1.0
70,91,92.33956146240234,403.76300048828125,115.51447296142578,415.76898193359375,(Lab.),20,9,1,716,,Haplophyllum,,,,author_20_9,,,,,384.74817276000977,1682.3458353678386,481.31030400594074,1732.3707580566406,0.0,1.0
71,92,120.45655059814453,403.76300048828125,141.75343322753906,415.76898193359375,Boiss.,20,9,2,716,,Haplophyllum,,,,author_20_9,,,,,501.90229415893555,1682.3458353678386,590.6393051147461,1732.3707580566406,0.0,1.0
72,93,40.31999969482422,413.3630065917969,72.26234436035156,425.3689880371094,glabrum,20,10,0,716,Haplophyllum,Haplophyllum,glabrum,Haplophyllum_glabrum_20_10,(D.C.) Hand.-Mazz. ,,,,species,,167.99999872843424,1722.3458607991536,301.09310150146484,1772.3707834879558,0.0,1.0
73,94,79.04088592529297,413.3630065917969,102.74149322509766,425.3689880371094,(D.C.),20,10,1,716,,Haplophyllum,,,,author_20_10,,,,,329.3370246887207,1722.3458607991536,428.08955510457355,1772.3707834879558,0.0,1.0
74,95,109.52002716064453,413.3630065917969,160.71295166015625,425.3689880371094,Hand.-Mazz.,20,10,2,716,,Haplophyllum,,,,author_20_10,,,,,456.33344650268555,1722.3458607991536,669.6372985839844,1772.3707834879558,0.0,1.0
75,96,40.31999969482422,422.9630126953125,90.9644546508789,434.968994140625,haussknechtii,20,11,0,716,Haplophyllum,Haplophyllum,haussknechtii,Haplophyllum_haussknechtii_20_11,Boiss. ,,,,species,,167.99999872843424,1762.3458862304688,379.0185610453288,1812.3708089192708,0.0,1.0
76,97,96.3876724243164,422.9630126953125,117.68455505371094,434.968994140625,Boiss.,20,11,1,716,,Haplophyllum,,,,author_20_11,,,,,401.61530176798504,1762.3458862304688,490.3523127237956,1812.3708089192708,0.0,1.0
77,99,40.79999923706055,433.2409973144531,99.29100036621094,444.22998046875,mesopotamicum,21,0,0,716,Haplophyllum,Haplophyllum,mesopotamicum,Haplophyllum_mesopotamicum_21_0,Boiss. ,,,,species,,169.9999968210856,1805.1708221435547,413.7125015258789,1850.958251953125,0.0,1.0
78,100,101.84817504882812,432.322998046875,123.34801483154297,444.3289794921875,Boiss.,21,0,1,716,,Haplophyllum,,,,author_21_0,,,,,424.3673960367839,1801.3458251953125,513.9500617980957,1851.3707478841145,0.0,1.0
79,104,39.84000015258789,443.5610046386719,83.84100341796875,454.54998779296875,propinquum,21,1,0,716,Haplophyllum,Haplophyllum,propinquum,Haplophyllum_propinquum_21_1,Spach ,,,,species,,166.00000063578287,1848.1708526611328,349.33751424153644,1893.9582824707031,0.0,1.0
80,105,85.34100341796875,442.64300537109375,108.21701049804688,454.64898681640625,Spach,21,1,1,716,,Haplophyllum,,,,author_21_1,,,,,355.58751424153644,1844.3458557128906,450.9042104085286,1894.3707784016926,0.0,1.0
81,106,40.79999923706055,452.6809997558594,80.30099487304688,463.66998291015625,rubellulum,21,2,0,716,Haplophyllum,Haplophyllum,rubellulum,Haplophyllum_rubellulum_21_2,Thiéb. et Gomb. ,,,,species,,169.9999968210856,1886.1708323160808,334.5874786376953,1931.9582621256511,0.0,1.0
82,107,82.86707305908203,451.76300048828125,108.33679962158203,463.76898193359375,Thiéb.,21,2,1,716,,Haplophyllum,,,,author_21_2,,,,,345.2794710795085,1882.3458353678386,451.4033317565918,1932.3707580566406,0.0,1.0
83,108,111.41570281982422,451.76300048828125,118.12196350097656,463.76898193359375,et,21,2,2,716,,Haplophyllum,,,,author_21_2,,,,,464.2320950826009,1882.3458353678386,492.17484792073566,1932.3707580566406,0.0,1.0
84,109,120.85910034179688,451.76300048828125,146.7889404296875,463.76898193359375,Gomb.,21,2,3,716,,Haplophyllum,,,,author_21_2,,,,,503.579584757487,1882.3458353678386,611.6205851236979,1932.3707580566406,0.0,1.0
85,110,40.560001373291016,461.1230163574219,80.6728286743164,473.1289978027344,suaveolens,21,3,0,716,Haplophyllum,Haplophyllum,suaveolens,Haplophyllum_suaveolens_21_3,(D.C.) G- Don. ,,,,species,,169.0000057220459,1921.3459014892578,336.13678614298504,1971.3708241780598,0.0,1.0
86,111,85.25454711914062,461.1230163574219,108.95515441894531,473.1289978027344,(D.C.),21,3,1,716,,Haplophyllum,,,,author_21_3,,,,,355.22727966308594,1921.3459014892578,453.9798100789388,1971.3708241780598,0.0,1.0
87,112,113.29594421386719,461.1230163574219,122.80183410644531,473.1289978027344,G-,21,3,2,716,,Haplophyllum,,,,author_21_3,,,,,472.0664342244466,1921.3459014892578,511.67430877685547,1971.3708241780598,0.0,1.0
88,113,126.90142059326172,461.1230163574219,145.35107421875,473.1289978027344,Don.,21,3,3,716,,Haplophyllum,,,,author_21_3,,,,,528.7559191385905,1921.3459014892578,605.6294759114584,1971.3708241780598,0.0,1.0
89,114,40.31999969482422,472.5920104980469,74.19383239746094,482.3600158691406,sylvaticum,21,4,0,716,Haplophyllum,Haplophyllum,sylvaticum,Haplophyllum_sylvaticum_21_4,Boiss. ,,,,species,,167.99999872843424,1969.1333770751953,309.1409683227539,2009.8333994547527,0.0,1.0
90,115,79.3289566040039,471.7760009765625,100.16252136230469,482.447998046875,Boiss.,21,4,1,716,,Haplophyllum,,,,author_21_4,,,,,330.5373191833496,1965.7333374023438,417.34383900960285,2010.1999918619792,0.0,1.0
91,116,40.79999923706055,480.56298828125,92.86499786376953,492.5689697265625,tuberculosum,21,5,0,716,Haplophyllum,Haplophyllum,tuberculosum,Haplophyllum_tuberculosum_21_5,(Forssk.) A. Juss. ,,,,species,,169.9999968210856,2002.3457845052083,386.93749109903973,2052.3707071940103,0.0,1.0
92,117,97.6417465209961,480.56298828125,129.6058807373047,492.5689697265625,(Forssk.),21,5,1,716,,Haplophyllum,,,,author_21_5,,,,,406.8406105041504,2002.3457845052083,540.0245030721029,2052.3707071940103,0.0,1.0
93,118,134.38262939453125,480.56298828125,143.25302124023438,492.5689697265625,A.,21,5,2,716,,Haplophyllum,,,,author_21_5,,,,,559.9276224772135,2002.3457845052083,596.8875885009766,2052.3707071940103,0.0,1.0
94,119,146.59722900390625,480.56298828125,165.27357482910156,492.5689697265625,Juss.,21,5,3,716,,Haplophyllum,,,,author_21_5,,,,,610.821787516276,2002.3457845052083,688.6398951212565,2052.3707071940103,0.0,1.0
95,120,40.560001373291016,490.16302490234375,79.91548156738281,502.16900634765625,villosulum,21,6,0,716,Haplophyllum,Haplophyllum,villosulum,Haplophyllum_villosulum_21_6,Boiss. et Hausskn. ,,,,species,,169.0000057220459,2042.3459370930989,332.9811731974284,2092.370859781901,0.0,1.0
96,121,84.64372253417969,490.16302490234375,105.94060516357422,502.16900634765625,Boiss.,21,6,1,716,,Haplophyllum,,,,author_21_6,,,,,352.6821772257487,2042.3459370930989,441.41918818155926,2092.370859781901,0.0,1.0
97,122,111.4153060913086,490.16302490234375,117.95426177978516,502.16900634765625,et,21,6,2,716,,Haplophyllum,,,,author_21_6,,,,,464.23044204711914,2042.3459370930989,491.4760907491048,2092.370859781901,0.0,1.0
98,123,122.43400573730469,490.16302490234375,156.87216186523438,502.16900634765625,Hausskn.,21,6,3,716,,Haplophyllum,,,,author_21_6,,,,,510.14169057210285,2042.3459370930989,653.6340077718099,2092.370859781901,0.0,1.0
99,124,26.639999389648438,501.3919982910156,69.76438903808594,511.1600036621094,Hasselquistia,22,0,0,716,Hasselquistia,Hasselquistia,,,,,,,genus,,110.99999745686848,2089.133326212565,290.6849543253581,2129.8333485921225,0.0,0.0
100,125,40.560001373291016,510.9919738769531,75.66400909423828,520.7599487304688,aegyptiaca,23,0,0,716,Hasselquistia,Hasselquistia,aegyptiaca,Hasselquistia_aegyptiaca_23_0,L. ,,,,species,,169.0000057220459,2129.1332244873047,315.2667045593262,2169.8331197102866,0.0,1.0
101,126,80.76448822021484,510.17596435546875,87.92317962646484,520.8479614257812,L.,23,0,1,716,,Hasselquistia,,,,author_23_0,,,,,336.51870091756183,2125.733184814453,366.34658177693683,2170.1998392740884,0.0,1.0
102,127,27.360000610351562,518.9630126953125,55.22651672363281,530.968994140625,Hedera,24,0,0,716,Hedera,Hedera,,,,,,,genus,,114.00000254313152,2162.3458862304688,230.11048634847006,2212.370808919271,0.0,0.0
103,128,40.79999923706055,528.0830078125,59.09123992919922,540.0889892578125,helix,25,0,0,716,Hedera,Hedera,helix,Hedera_helix_25_0,L. ,,,,species,,169.9999968210856,2200.3458658854165,246.21349970499674,2250.3707885742188,0.0,1.0
104,129,63.79869079589844,528.0830078125,71.67314910888672,540.0889892578125,L.,25,0,1,716,,Hedera,,,,author_25_0,,,,,265.82787831624347,2200.3458658854165,298.638121287028,2250.3707885742188,0.0,1.0
105,130,27.360000610351562,537.9230346679688,71.65799713134766,549.9290161132812,Hedysarum,26,0,0,716,Hedysarum,Hedysarum,,,,,,,genus,,114.00000254313152,2241.345977783203,298.5749880472819,2291.3709004720054,0.0,0.0
106,131,40.560001373291016,549.3920288085938,75.67200469970703,559.1599731445312,atomarium,27,0,0,716,Hedysarum,Hedysarum,atomarium,Hedysarum_atomarium_27_0,Boiss. ,,,,species,,169.0000057220459,2289.1334533691406,315.3000195821126,2329.833221435547,0.0,1.0
107,132,80.76852416992188,548.5759887695312,101.60208892822266,559.2479858398438,Boiss.,27,0,1,716,,Hedysarum,,,,author_27_0,,,,,336.5355173746745,2285.7332865397134,423.34203720092773,2330.199940999349,0.0,1.0
108,133,40.560001373291016,558.9920043945312,72.55999755859375,568.7599487304688,capitatum,27,1,0,716,Hedysarum,Hedysarum,capitatum,Hedysarum_capitatum_27_1,Desf. ,,,,species,,169.0000057220459,2329.1333516438804,302.3333231608073,2369.8331197102866,0.0,1.0
109,134,78.35028076171875,558.1759643554688,96.34349060058594,568.8479614257812,Desf.,27,1,1,716,,Hedysarum,,,,author_27_1,,,,,326.4595031738281,2325.733184814453,401.4312108357747,2370.1998392740884,0.0,1.0
110,135,41.040000915527344,566.9630126953125,94.17922973632812,578.968994140625,coelesyriacum,27,2,0,716,Hedysarum,Hedysarum,coelesyriacum,Hedysarum_coelesyriacum_27_2,Sam. ,,,,species,,171.00000381469727,2362.3458862304688,392.4134572347005,2412.370808919271,0.0,1.0
111,136,99.23417663574219,566.9630126953125,117.9926986694336,578.968994140625,Sam.,27,2,1,716,,Hedysarum,,,,author_27_2,,,,,413.4757359822591,2362.3458862304688,491.6362444559733,2412.370808919271,0.0,1.0
112,137,40.79999923706055,577.9609985351562,75.2969970703125,588.9500122070312,cornutum,27,3,0,716,Hedysarum,Hedysarum,cornutum,Hedysarum_cornutum_27_3,h. ,,,,species,,169.9999968210856,2408.170827229818,313.73748779296875,2453.9583841959634,0.0,1.0
113,138,77.29317474365234,577.9609985351562,83.81819915771484,588.9500122070312,h.,27,3,1,716,,Hedysarum,,,,author_27_3,,,,,322.0548947652181,2408.170827229818,349.2424964904785,2453.9583841959634,0.0,1.0
114,139,40.79999923706055,585.9230346679688,85.38600158691406,597.9290161132812,coroharium,27,4,0,716,Hedysarum,Hedysarum,coroharium,Hedysarum_coroharium_27_4,L. ,,,,species,,169.9999968210856,2441.345977783203,355.7750066121419,2491.3709004720054,0.0,1.0
115,140,90.74685668945312,585.9230346679688,98.79258728027344,597.9290161132812,L.,27,4,1,716,,Hedysarum,,,,author_27_4,,,,,378.1119028727214,2441.345977783203,411.63578033447266,2491.3709004720054,0.0,1.0
116,141,40.560001373291016,595.5230102539062,71.96180725097656,607.5289916992188,kotschyi,27,5,0,716,Hedysarum,Hedysarum,kotschyi,Hedysarum_kotschyi_27_5,Boiss. ,,,,species,,169.0000057220459,2481.345876057943,299.84086354573566,2531.3707987467446,0.0,1.0
117,142,75.1694107055664,595.5230102539062,96.8721923828125,607.5289916992188,Boiss.,27,5,1,716,,Hedysarum,,,,author_27_5,,,,,313.20587793986004,2481.345876057943,403.63413492838544,2531.3707987467446,0.0,1.0
118,191,244.55999755859375,45.641014099121094,270.3009948730469,56.63001251220703,pollens,44,0,0,716,Hedysarum,Hedysarum,pollens,Hedysarum_pollens_44_0,(Moris) Halacsy' ,,,,species,,1018.999989827474,190.17089207967123,1126.254145304362,235.9583854675293,1.0,2.0
119,192,274.2669372558594,44.72301483154297,301.8909606933594,56.72901153564453,(Moris),44,0,1,716,,Hedysarum,,,,author_44_0,,,,,1142.7789052327473,186.34589513142905,1257.8790028889973,236.3708813985189,1.0,2.0
120,193,306.3211975097656,44.72301483154297,337.9200439453125,56.72901153564453,Halacsy',44,0,2,716,,Hedysarum,,,,author_44_0,,,,,1276.3383229573567,186.34589513142905,1408.0001831054688,236.3708813985189,1.0,2.0
121,195,245.52000427246094,54.32299041748047,284.2418518066406,66.32898712158203,pannosum,45,0,0,716,Hedysarum,Hedysarum,pannosum,Hedysarum_pannosum_45_0,Boiss. ,,,,species,,1023.0000178019205,226.3457934061686,1184.341049194336,276.3707796732585,1.0,2.0
122,196,287.82269287109375,54.32299041748047,309.1195983886719,66.32898712158203,Boiss.,45,0,1,716,,Hedysarum,,,,author_45_0,,,,,1199.2612202962239,226.3457934061686,1287.998326619466,276.3707796732585,1.0,2.0
123,199,244.55999755859375,64.84102630615234,287.62200927734375,75.83002471923828,pseudalkagi,46,0,0,716,Hedysarum,Hedysarum,pseudalkagi,Hedysarum_pseudalkagi_46_0,(Bieb.) Desv. ,,,,species,,1018.999989827474,270.17094294230145,1198.4250386555989,315.9584363301595,1.0,2.0
124,200,290.3603515625,63.92302703857422,315.01434326171875,75.92902374267578,(Bieb.),46,0,1,716,,Hedysarum,,,,author_46_0,,,,,1209.8347981770833,266.34594599405926,1312.5597635904949,316.3709322611491,1.0,2.0
125,201,317.74078369140625,63.92302703857422,338.4010925292969,75.92902374267578,Desv.,46,0,2,716,,Hedysarum,,,,author_46_0,,,,,1323.9199320475261,266.34594599405926,1410.0045522054036,316.3709322611491,1.0,2.0
126,203,245.52000427246094,73.52300262451172,299.53802490234375,85.52899932861328,spinosissimum,47,0,0,716,Hedysarum,Hedysarum,spinosissimum,Hedysarum_spinosissimum_47_0,L. ,,,,species,,1023.0000178019205,306.3458442687988,1248.0751037597656,356.3708305358887,1.0,2.0
127,204,303.2119140625,73.52300262451172,311.03985595703125,85.52899932861328,L.,47,0,1,716,,Hedysarum,,,,author_47_0,,,,,1263.3829752604167,306.3458442687988,1295.9993998209636,356.3708305358887,1.0,2.0
128,207,245.52000427246094,84.04097747802734,275.7159729003906,95.02997589111328,supinum,48,0,0,716,Hedysarum,Hedysarum,supinum,Hedysarum_supinum_48_0,Chaix ,,,,species,,1023.0000178019205,350.1707394917806,1148.8165537516277,395.9582328796387,1.0,2.0
129,208,279.2918395996094,83.12297821044922,301.318359375,95.12897491455078,Chaix,48,0,1,716,,Hedysarum,,,,author_48_0,,,,,1163.7159983317058,346.3457425435384,1255.4931640625,396.37072881062824,1.0,2.0
130,210,232.32000732421875,92.72301483154297,276.2908935546875,104.72901153564453,Heldreichia,49,0,0,716,Heldreichia,Heldreichia,,,,,,,genus,,968.0000305175781,386.345895131429,1151.2120564778645,436.37088139851886,1.0,3.0
131,212,245.75999450683594,102.32299041748047,293.74200439453125,114.32898712158203,bupleurifolia,50,0,0,716,Heldreichia,Heldreichia,bupleurifolia,Heldreichia_bupleurifolia_50_0,Boiss. ,,,,species,,1023.9999771118164,426.34579340616864,1223.9250183105469,476.3707796732585,1.0,2.0
132,213,298.1425476074219,102.32299041748047,319.439453125,114.32898712158203,Boiss.,50,0,1,716,,Heldreichia,,,,author_50_0,,,,,1242.2606150309246,426.34579340616864,1330.9977213541667,476.3707796732585,1.0,2.0
133,215,232.32000732421875,112.40300750732422,289.2776794433594,124.40900421142578,Helianthemum,51,0,0,716,Helianthemum,Helianthemum,,,,,,,genus,,968.0000305175781,468.3458646138509,1205.3236643473308,518.3708508809408,1.0,3.0
134,217,246.24000549316406,122.00301361083984,294.05694580078125,134.00901794433594,aegyptiacum,52,0,0,716,Helianthemum,Helianthemum,aegyptiacum,Helianthemum_aegyptiacum_52_0,(L.) Mill. ,,,,species,,1026.0000228881836,508.345890045166,1225.2372741699219,558.3709081013998,1.0,2.0
135,218,298.871337890625,122.00301361083984,312.70562744140625,134.00901794433594,(L.),52,0,1,716,,Helianthemum,,,,author_52_0,,,,,1245.2972412109375,508.345890045166,1302.9401143391926,558.3709081013998,1.0,2.0
136,219,317.55364990234375,122.00301361083984,336.00030517578125,134.00901794433594,Mill.,52,0,2,716,,Helianthemum,,,,author_52_0,,,,,1323.1402079264324,508.345890045166,1400.0012715657551,558.3709081013998,1.0,2.0
137,222,246.0,132.52098083496094,288.56304931640625,143.50997924804688,campylopus,53,0,0,716,Helianthemum,Helianthemum,campylopus,Helianthemum_campylopus_53_0,Sam. ,,,,species,,1025.0,552.1707534790039,1202.3460388183594,597.9582468668619,1.0,2.0
138,223,291.5350341796875,131.6029815673828,310.4747314453125,143.60899353027344,Sam.,53,0,1,716,,Helianthemum,,,,author_53_0,,,,,1214.7293090820312,548.3457565307617,1293.6447143554688,598.3708063761393,1.0,2.0
139,225,246.0,142.12098693847656,294.4920349121094,153.1099853515625,chamaecistus,54,0,0,716,Helianthemum,Helianthemum,chamaecistus,Helianthemum_chamaecistus_54_0,Auct. ,,,,species,,1025.0,592.170778910319,1227.0501454671223,637.9582722981771,1.0,2.0
140,226,297.51055908203125,141.20298767089844,318.2550048828125,153.20899963378906,Auct.,54,0,1,716,,Helianthemum,,,,author_54_0,,,,,1239.6273295084636,588.3457819620768,1326.062520345052,638.3708318074545,1.0,2.0
141,228,245.75999450683594,151.9609832763672,281.3999938964844,162.94998168945312,ellipticum,55,0,0,716,Helianthemum,Helianthemum,ellipticum,Helianthemum_ellipticum_55_0,(Desf.) Pers. ,,,,species,,1023.9999771118164,633.1707636515299,1172.4999745686848,678.9582570393881,1.0,2.0
142,229,284.1630859375,151.04298400878906,308.3804931640625,163.0489959716797,(Desf.),55,0,1,716,,Helianthemum,,,,author_55_0,,,,,1184.0128580729167,629.3457667032877,1284.918721516927,679.3708165486654,1.0,2.0
143,230,310.90203857421875,151.04298400878906,329.2803649902344,163.0489959716797,Pers.,55,0,2,716,,Helianthemum,,,,author_55_0,,,,,1295.4251607259114,629.3457667032877,1372.0015207926433,679.3708165486654,1.0,2.0
144,232,245.52000427246094,161.5609893798828,277.5240173339844,172.54998779296875,guttatum,56,0,0,716,Helianthemum,Helianthemum,guttatum,Helianthemum_guttatum_56_0,(L.) Boiss. ,,,,species,,1023.0000178019205,673.1707890828451,1156.3500722249348,718.9582824707031,1.0,2.0
145,233,281.18304443359375,160.6429901123047,294.839111328125,172.6490020751953,(L.),56,0,1,716,,Helianthemum,,,,author_56_0,,,,,1171.5960184733074,669.3457921346029,1228.4962972005208,719.3708419799805,1.0,2.0
146,234,297.7001953125,160.6429901123047,319.2000427246094,172.6490020751953,Boiss.,56,0,2,716,,Helianthemum,,,,author_56_0,,,,,1240.41748046875,669.3457921346029,1330.0001780192058,719.3708419799805,1.0,2.0
147,236,246.0,170.2429962158203,284.4469909667969,182.24900817871094,kahiricum,57,0,0,716,Helianthemum,Helianthemum,kahiricum,Helianthemum_kahiricum_57_0,Del. ,,,,species,,1025.0,709.345817565918,1185.195795694987,759.3708674112955,1.0,2.0
148,237,288.44854736328125,170.2429962158203,304.07965087890625,182.24900817871094,Del.,57,0,1,716,,Helianthemum,,,,author_57_0,,,,,1201.8689473470051,709.345817565918,1266.9985453287761,759.3708674112955,1.0,2.0
149,240,246.0,179.84300231933594,295.51678466796875,191.84901428222656,kotschyanum,58,0,0,716,Helianthemum,Helianthemum,kotschyanum,Helianthemum_kotschyanum_58_0,Boiss. ,,,,species,,1025.0,749.345842997233,1231.3199361165364,799.3708928426107,1.0,2.0
150,241,299.58270263671875,179.84300231933594,320.8796081542969,191.84901428222656,Boiss.,58,0,1,716,,Helianthemum,,,,author_58_0,,,,,1248.2612609863281,749.345842997233,1336.9983673095703,799.3708928426107,1.0,2.0
151,244,246.0,190.3610076904297,291.0,201.35000610351562,lasiocarpum,59,0,0,716,Helianthemum,Helianthemum,lasiocarpum,Helianthemum_lasiocarpum_59_0,Willk. ,,,,species,,1025.0,793.1708653767904,1212.5,838.9583587646484,1.0,2.0
152,245,293.8945617675781,189.44300842285156,317.38720703125,201.4490203857422,Willk.,59,0,1,716,,Helianthemum,,,,author_59_0,,,,,1224.5606740315754,789.3458684285482,1322.4466959635417,839.3709182739258,1.0,2.0
153,247,246.24000549316406,199.9609832763672,302.6759033203125,210.94998168945312,lavandulifolium,60,0,0,716,Helianthemum,Helianthemum,lavandulifolium,Helianthemum_lavandulifolium_60_0,Lam. ,,,,species,,1026.0000228881836,833.1707636515299,1261.1495971679688,878.9582570393881,1.0,2.0
154,248,306.5372314453125,199.04298400878906,326.4459228515625,211.0489959716797,Lam.,60,0,1,716,,Helianthemum,,,,author_60_0,,,,,1277.2384643554688,829.3457667032877,1360.1913452148438,879.3708165486654,1.0,2.0
155,250,246.0,208.6429901123047,283.8179931640625,220.6490020751953,ledifolium,61,0,0,716,Helianthemum,Helianthemum,ledifolium,Helianthemum_ledifolium_61_0,(L.) Mill. ,,,,species,,1025.0,869.3457921346029,1182.574971516927,919.3708419799805,1.0,2.0
156,251,288.1156005859375,208.6429901123047,301.94989013671875,220.6490020751953,(L.),61,0,1,716,,Helianthemum,,,,author_61_0,,,,,1200.481669108073,869.3457921346029,1258.1245422363281,919.3708419799805,1.0,2.0
157,252,306.0831298828125,208.6429901123047,324.7198791503906,220.6490020751953,Mill.,61,0,2,716,,Helianthemum,,,,author_61_0,,,,,1275.3463745117188,869.3457921346029,1352.999496459961,919.3708419799805,1.0,2.0
158,254,246.0,218.2429962158203,265.550537109375,230.24900817871094,lippii,62,0,0,716,Helianthemum,Helianthemum,lippii,Helianthemum_lippii_62_0,(L.) Dum.-Cours. ,,,,species,,1025.0,909.345817565918,1106.4605712890625,959.3708674112955,1.0,2.0
159,255,270.0976257324219,218.2429962158203,283.9319152832031,230.24900817871094,(L.),62,0,1,716,,Helianthemum,,,,author_62_0,,,,,1125.406773885091,909.345817565918,1183.0496470133464,959.3708674112955,1.0,2.0
160,256,288.1619567871094,218.2429962158203,337.92022705078125,230.24900817871094,Dum.-Cours.,62,0,2,716,,Helianthemum,,,,author_62_0,,,,,1200.674819946289,909.345817565918,1408.0009460449219,959.3708674112955,1.0,2.0
161,259,246.0,228.76100158691406,280.00201416015625,239.75,niloticum,63,0,0,716,Helianthemum,Helianthemum,niloticum,Helianthemum_niloticum_63_0,(L.) Moench ,,,,species,,1025.0,953.1708399454752,1166.6750590006511,998.9583333333334,1.0,2.0
162,260,283.05023193359375,227.84300231933594,296.884521484375,239.84901428222656,(L.),63,0,1,716,,Helianthemum,,,,author_63_0,,,,,1179.3759663899739,949.345842997233,1237.0188395182292,999.3708928426107,1.0,2.0
163,261,300.9175109863281,227.84300231933594,331.6805114746094,239.84901428222656,Moench,63,0,2,716,,Helianthemum,,,,author_63_0,,,,,1253.822962443034,949.345842997233,1382.0021311442058,999.3708928426107,1.0,2.0
164,263,246.0,237.44300842285156,300.86297607421875,249.4490203857422,nummularium,64,0,0,716,Helianthemum,Helianthemum,nummularium,Helianthemum_nummularium_64_0,(L.) Mill. ,,,,species,,1025.0,989.3458684285482,1253.5957336425781,1039.3709182739258,1.0,2.0
165,264,306.20501708984375,237.44300842285156,319.861083984375,249.4490203857422,(L.),64,0,1,716,,Helianthemum,,,,author_64_0,,,,,1275.8542378743489,989.3458684285482,1332.7545166015625,1039.3709182739258,1.0,2.0
166,265,324.99322509765625,237.44300842285156,343.43988037109375,249.4490203857422,Mill.,64,0,2,716,,Helianthemum,,,,author_64_0,,,,,1354.1384379069011,989.3458684285482,1430.9995015462239,1039.3709182739258,1.0,2.0
167,268,245.0399932861328,247.9609832763672,289.0320129394531,258.9499816894531,procumbens,65,0,0,716,Helianthemum,Helianthemum,procumbens,Helianthemum_procumbens_65_0,Dunal ,,,,species,,1020.9999720255533,1033.17076365153,1204.300053914388,1078.958257039388,1.0,2.0
168,269,292.8600158691406,247.04298400878906,316.41204833984375,259.0489807128906,Dunal,65,0,1,716,,Helianthemum,,,,author_65_0,,,,,1220.2500661214192,1029.3457667032878,1318.3835347493489,1079.3707529703777,1.0,2.0
169,271,246.24000549316406,256.64300537109375,288.867431640625,268.64898681640625,racemosum,66,0,0,716,Helianthemum,Helianthemum,racemosum,Helianthemum_racemosum_66_0,(L.) Pau ,,,,species,,1026.0000228881836,1069.3458557128906,1203.6142985026042,1119.3707784016926,1.0,2.0
170,272,293.8609924316406,256.64300537109375,307.6952819824219,268.64898681640625,(L.),66,0,1,716,,Helianthemum,,,,author_66_0,,,,,1224.4208017985027,1069.3458557128906,1282.0636749267578,1119.3707784016926,1.0,2.0
171,273,313.47686767578125,256.64300537109375,327.6001892089844,268.64898681640625,Pau,66,0,2,716,,Helianthemum,,,,author_66_0,,,,,1306.1536153157551,1069.3458557128906,1365.0007883707683,1119.3707784016926,1.0,2.0
172,276,246.0,266.2430114746094,288.9030456542969,278.2489929199219,salicifolium,67,0,0,716,Helianthemum,Helianthemum,salicifolium,Helianthemum_salicifolium_67_0,(L.) Mill ,,,,species,,1025.0,1109.3458811442058,1203.762690226237,1159.3708038330078,1.0,2.0
173,277,293.617431640625,266.2430114746094,307.27349853515625,278.2489929199219,(L.),67,0,1,716,,Helianthemum,,,,author_67_0,,,,,1223.4059651692708,1109.3458811442058,1280.3062438964844,1159.3708038330078,1.0,2.0
174,278,312.4106140136719,266.2430114746094,328.3208923339844,278.2489929199219,Mill,67,0,2,716,,Helianthemum,,,,author_67_0,,,,,1301.7108917236328,1109.3458811442058,1368.0037180582683,1159.3708038330078,1.0,2.0
175,281,245.75999450683594,276.7610168457031,278.7539978027344,287.75,syriaeum,68,0,0,716,Helianthemum,Helianthemum,syriaeum,Helianthemum_syriaeum_68_0,Boiss/ ,,,,species,,1023.9999771118164,1153.170903523763,1161.4749908447266,1198.9583333333333,1.0,2.0
176,282,283.837646484375,275.843017578125,306.0423889160156,287.8489990234375,Boiss/,68,0,1,716,,Helianthemum,,,,author_68_0,,,,,1182.6568603515625,1149.3459065755208,1275.1766204833984,1199.370829264323,1.0,2.0
177,285,246.24000549316406,286.36102294921875,289.3020324707031,297.3500061035156,tomentosum,69,0,0,716,Helianthemum,Helianthemum,tomentosum,Helianthemum_tomentosum_69_0,Scop. ,,,,species,,1026.0000228881836,1193.1709289550781,1205.4251352945964,1238.9583587646484,1.0,2.0
178,286,291.8928527832031,285.4430236816406,312.6531982421875,297.4490051269531,Scop.,69,0,1,716,,Helianthemum,,,,author_69_0,,,,,1216.220219930013,1189.345932006836,1302.721659342448,1239.370854695638,1.0,2.0
179,288,246.24000549316406,295.96099853515625,288.3130187988281,306.9499816894531,umbellatum,70,0,0,716,Helianthemum,Helianthemum,umbellatum,Helianthemum_umbellatum_70_0,(L.) Mill. ,,,,species,,1026.0000228881836,1233.1708272298176,1201.3042449951172,1278.958257039388,1.0,2.0
180,289,291.447021484375,295.0429992675781,305.4210205078125,307.0489807128906,(L.),70,0,1,716,,Helianthemum,,,,author_70_0,,,,,1214.3625895182292,1229.3458302815754,1272.5875854492188,1279.3707529703777,1.0,2.0
181,290,308.4325866699219,295.0429992675781,326.8792419433594,307.0489807128906,Mill.,70,0,2,716,,Helianthemum,,,,author_70_0,,,,,1285.135777791341,1229.3458302815754,1361.996841430664,1279.3707529703777,1.0,2.0
182,292,246.24000549316406,304.64300537109375,286.5488586425781,316.64898681640625,vesicarium,71,0,0,716,Helianthemum,Helianthemum,vesicarium,Helianthemum_vesicarium_71_0,Boiss. ,,,,species,,1026.0000228881836,1269.3458557128906,1193.953577677409,1319.3707784016926,1.0,2.0
183,293,289.70098876953125,304.64300537109375,310.7998352050781,316.64898681640625,Boiss.,71,0,1,716,,Helianthemum,,,,author_71_0,,,,,1207.0874532063801,1269.3458557128906,1294.9993133544922,1319.3707784016926,1.0,2.0
184,296,246.24000549316406,315.1610107421875,267.2370300292969,326.1499938964844,viride,72,0,0,716,Helianthemum,Helianthemum,viride,Helianthemum_viride_72_0,Ten. ,,,,species,,1026.0000228881836,1313.170878092448,1113.4876251220703,1358.9583079020183,1.0,2.0
185,297,268.9537048339844,314.2430114746094,286.3193359375,326.2489929199219,Ten.,72,0,1,716,,Helianthemum,,,,author_72_0,,,,,1120.6404368082683,1309.3458811442058,1192.9972330729167,1359.3708038330078,1.0,2.0
186,299,246.24000549316406,324.7610168457031,273.4600524902344,335.75,vulgare,73,0,0,716,Helianthemum,Helianthemum,vulgare,Helianthemum_vulgare_73_0,Gaertn. ,,,,species,,1026.0000228881836,1353.170903523763,1139.4168853759766,1398.9583333333333,1.0,2.0
187,300,277.8319091796875,323.843017578125,306.43603515625,335.8489990234375,Gaertn.,73,0,1,716,,Helianthemum,,,,author_73_0,,,,,1157.6329549153645,1349.3459065755208,1276.8168131510417,1399.370829264323,1.0,2.0
188,302,232.8000030517578,333.9230041503906,273.5187683105469,345.9289855957031,Helleborus,74,0,0,716,Helleborus,Helleborus,,,,,,,genus,,970.0000127156576,1391.3458506266277,1139.6615346272786,1441.3707733154297,1.0,3.0
189,305,246.24000549316406,343.52301025390625,282.3700256347656,355.52899169921875,vesicarius,75,0,0,716,Helleborus,Helleborus,vesicarius,Helleborus_vesicarius_75_0,Auch. ,,,,species,,1026.0000228881836,1431.3458760579426,1176.5417734781902,1481.3707987467449,1.0,2.0
190,306,286.5844421386719,343.52301025390625,309.1208190917969,355.52899169921875,Auch.,75,0,1,716,,Helleborus,,,,author_75_0,,,,,1194.101842244466,1431.3458760579426,1288.003412882487,1481.3707987467449,1.0,2.0
191,308,232.8000030517578,353.3630065917969,284.9730529785156,365.3689880371094,Helosciadium,76,0,0,716,Helosciadium,Helosciadium,,,,,,,genus,,970.0000127156576,1472.3458607991536,1187.3877207438152,1522.3707834879558,1.0,3.0
192,310,246.24000549316406,362.9630126953125,287.537841796875,374.968994140625,nodiflorum,77,0,0,716,Helosciadium,Helosciadium,nodiflorum,Helosciadium_nodiflorum_77_0,C. Koch ,,,,species,,1026.0000228881836,1512.3458862304688,1198.0743408203125,1562.3708089192708,1.0,2.0
193,311,292.7036437988281,362.9630126953125,301.0077819824219,374.968994140625,C.,77,0,1,716,,Helosciadium,,,,author_77_0,,,,,1219.5985158284504,1512.3458862304688,1254.1990915934246,1562.3708089192708,1.0,2.0
194,312,307.108154296875,362.9630126953125,327.1199951171875,374.968994140625,Koch,77,0,2,716,,Helosciadium,,,,author_77_0,,,,,1279.6173095703125,1512.3458862304688,1362.999979654948,1562.3708089192708,1.0,2.0
195,314,233.0399932861328,372.56298828125,271.86187744140625,384.5689697265625,Henrardia,78,0,0,716,Henrardia,Henrardia,,,,,,,genus,,970.9999720255533,1552.3457845052083,1132.7578226725261,1602.3707071940105,1.0,3.0
196,316,245.27999877929688,383.0810241699219,271.5110778808594,394.07000732421875,persica,79,0,0,716,Henrardia,Henrardia,persica,Henrardia_persica_79_0,(Boiss.) C. Hubb. ,,,,species,,1021.9999949137369,1596.170934041341,1131.296157836914,1641.9583638509114,1.0,2.0
197,317,276.072021484375,382.16302490234375,302.55059814453125,394.16900634765625,(Boiss.),79,0,1,716,,Henrardia,,,,author_79_0,,,,,1150.3000895182292,1592.3459370930989,1260.6274922688801,1642.3708597819011,1.0,2.0
198,318,307.1115417480469,382.16302490234375,315.4037780761719,394.16900634765625,C.,79,0,2,716,,Henrardia,,,,author_79_0,,,,,1279.6314239501953,1592.3459370930989,1314.182408650716,1642.3708597819011,1.0,2.0
199,319,319.5310974121094,382.16302490234375,343.9326477050781,394.16900634765625,Hubb.,79,0,3,716,,Henrardia,,,,author_79_0,,,,,1331.3795725504558,1592.3459370930989,1433.052698771159,1642.3708597819011,1.0,2.0
200,322,246.24000549316406,391.76300048828125,283.93719482421875,403.76898193359375,pubescens,80,0,0,716,Henrardia,Henrardia,pubescens,Henrardia_pubescens_80_0,(Bertol.) C. Hubb. ,,,,species,,1026.0000228881836,1632.3458353678386,1183.0716451009114,1682.3707580566406,1.0,2.0
201,323,288.4872131347656,391.76300048828125,319.22467041015625,403.76898193359375,(Bertol.),80,0,1,716,,Henrardia,,,,author_80_0,,,,,1202.0300547281902,1632.3458353678386,1330.1027933756511,1682.3707580566406,1.0,2.0
202,324,323.7746887207031,391.76300048828125,332.1689147949219,403.76898193359375,C.,80,0,2,716,,Henrardia,,,,author_80_0,,,,,1349.0612030029297,1632.3458353678386,1384.037144978841,1682.3707580566406,1.0,2.0
203,325,336.3179931640625,391.76300048828125,360.71954345703125,403.76898193359375,Hubb.,80,0,3,716,,Henrardia,,,,author_80_0,,,,,1401.324971516927,1632.3458353678386,1502.9980977376301,1682.3707580566406,1.0,2.0
204,327,232.8000030517578,401.843017578125,275.8442077636719,413.8489990234375,Heptaptera,81,0,0,716,Heptaptera,Heptaptera,,,,,,,genus,,970.0000127156576,1674.3459065755208,1149.350865681966,1724.370829264323,1.0,3.0
205,329,246.47999572753906,411.4429931640625,264.8680114746094,423.448974609375,alata,82,0,0,716,Heptaptera,Heptaptera,alata,Heptaptera_alata_82_0,(Boiss.) Tutin ,,,,species,,1026.9999821980794,1714.3458048502605,1103.616714477539,1764.3707275390625,1.0,2.0
206,330,269.43389892578125,411.4429931640625,295.9124755859375,423.448974609375,(Boiss.),82,0,1,716,,Heptaptera,,,,author_82_0,,,,,1122.6412455240886,1714.3458048502605,1232.9686482747395,1764.3707275390625,1.0,2.0
207,331,301.0763244628906,411.4429931640625,322.07916259765625,423.448974609375,Tutin,82,0,2,716,,Heptaptera,,,,author_82_0,,,,,1254.4846852620442,1714.3458048502605,1341.9965108235676,1764.3707275390625,1.0,2.0
208,333,246.24000549316406,421.04302978515625,285.3810119628906,433.04901123046875,anisoptera,83,0,0,716,Heptaptera,Heptaptera,anisoptera,Heptaptera_anisoptera_83_0,(Boiss.) Tutin ,,,,species,,1026.0000228881836,1754.3459574381511,1189.0875498453777,1804.3708801269531,1.0,2.0
209,334,290.6141357421875,421.04302978515625,317.09271240234375,433.04901123046875,(Boiss.),83,0,1,716,,Heptaptera,,,,author_83_0,,,,,1210.8922322591145,1754.3459574381511,1321.2196350097656,1804.3708801269531,1.0,2.0
210,335,322.96636962890625,421.04302978515625,344.1592712402344,433.04901123046875,Tutin,83,0,2,716,,Heptaptera,,,,author_83_0,,,,,1345.6932067871094,1754.3459574381511,1433.9969635009766,1804.3708801269531,1.0,2.0
211,338,246.0,430.64300537109375,273.718994140625,442.64898681640625,crenata,84,0,0,716,Heptaptera,Heptaptera,crenata,Heptaptera_crenata_84_0,(Fenzl) Tutin ,,,,species,,1025.0,1794.3458557128906,1140.4958089192708,1844.3707784016926,1.0,2.0
212,339,278.78680419921875,430.64300537109375,304.97625732421875,442.64898681640625,(Fenzl),84,0,1,716,,Heptaptera,,,,author_84_0,,,,,1161.6116841634114,1794.3458557128906,1270.7344055175781,1844.3707784016926,1.0,2.0
213,340,310.7271728515625,430.64300537109375,331.9200744628906,442.64898681640625,Tutin,84,0,2,716,,Heptaptera,,,,author_84_0,,,,,1294.696553548177,1794.3458557128906,1383.0003102620442,1844.3707784016926,1.0,2.0
214,343,246.24000549316406,440.4830322265625,288.8922424316406,452.489013671875,microcarpa,85,0,0,716,Heptaptera,Heptaptera,microcarpa,Heptaptera_microcarpa_85_0,(Boiss.) Tutin ,,,,species,,1026.0000228881836,1835.345967610677,1203.7176767985027,1885.3708902994792,1.0,2.0
215,344,294.3936767578125,440.4830322265625,320.87225341796875,452.489013671875,(Boiss.),85,0,1,716,,Heptaptera,,,,author_85_0,,,,,1226.6403198242188,1835.345967610677,1336.9677225748699,1885.3708902994792,1.0,2.0
216,345,327.046875,440.4830322265625,348.2397766113281,452.489013671875,Tutin,85,0,2,716,,Heptaptera,,,,author_85_0,,,,,1362.6953125,1835.345967610677,1450.9990692138672,1885.3708902994792,1.0,2.0
217,348,233.0399932861328,450.8030090332031,274.39324951171875,462.8089904785156,Heracleum,86,0,0,716,Heracleum,Heracleum,,,,,,,genus,,970.9999720255533,1878.3458709716797,1143.3052062988281,1928.3707936604817,1.0,3.0
218,350,246.24000549316406,461.3210144042969,298.2510681152344,472.30999755859375,absinthifolium,87,0,0,716,Heracleum,Heracleum,absinthifolium,Heracleum_absinthifolium_87_0,Vent. ,,,,species,,1026.0000228881836,1922.170893351237,1242.7127838134766,1967.9583231608074,1.0,2.0
219,351,301.6329040527344,460.40301513671875,322.5674743652344,472.40899658203125,Vent.,87,0,1,716,,Heracleum,,,,author_87_0,,,,,1256.8037668863933,1918.3458964029949,1344.0311431884766,1968.3708190917969,1.0,2.0
220,353,246.24000549316406,470.9209899902344,273.4600830078125,481.90997314453125,carmeli,88,0,0,716,Heracleum,Heracleum,carmeli,Heracleum_carmeli_88_0,Labili. ,,,,species,,1026.0000228881836,1962.1707916259766,1139.417012532552,2007.9582214355469,1.0,2.0
221,354,276.3954162597656,470.00299072265625,301.6849365234375,482.00897216796875,Labili.,88,0,1,716,,Heracleum,,,,author_88_0,,,,,1151.6475677490234,1958.3457946777344,1257.0205688476562,2008.3707173665364,1.0,2.0
222,356,246.24000549316406,479.60302734375,272.3631896972656,491.6090087890625,humile,89,0,0,716,Heracleum,Heracleum,humile,Heracleum_humile_89_0,Sibth. et Smith ,,,,species,,1026.0000228881836,1998.345947265625,1134.8466237386067,2048.3708699544272,1.0,2.0
223,357,275.8618469238281,479.60302734375,298.3625793457031,491.6090087890625,Sibth.,89,0,1,716,,Heracleum,,,,author_89_0,,,,,1149.4243621826172,1998.345947265625,1243.1774139404297,2048.3708699544272,1.0,2.0
224,358,302.1116943359375,479.60302734375,308.73480224609375,491.6090087890625,et,89,0,2,716,,Heracleum,,,,author_89_0,,,,,1258.7987263997395,1998.345947265625,1286.3950093587239,2048.3708699544272,1.0,2.0
225,359,312.389892578125,479.60302734375,334.5599365234375,491.6090087890625,Smith,89,0,3,716,,Heracleum,,,,author_89_0,,,,,1301.6245524088542,1998.345947265625,1393.999735514323,2048.3708699544272,1.0,2.0
226,361,233.0399932861328,489.6830139160156,265.0684814453125,501.6889953613281,Hesperis,90,0,0,716,Hesperis,Hesperis,,,,,,,genus,,970.9999720255533,2040.3458913167317,1104.4520060221355,2090.3708140055337,1.0,3.0
227,363,246.47999572753906,500.4410095214844,276.67596435546875,511.42999267578125,africana,91,0,0,716,Hesperis,Hesperis,africana,Hesperis_africana_91_0,L. ,,,,species,,1026.9999821980794,2085.170873006185,1152.8165181477864,2130.9583028157554,1.0,2.0
228,364,280.6884460449219,499.52301025390625,288.33026123046875,511.52899169921875,L.,91,0,1,716,,Hesperis,,,,author_91_0,,,,,1169.535191853841,2081.345876057943,1201.3760884602864,2131.3707987467446,1.0,2.0
229,366,246.47999572753906,510.0409851074219,258.47698974609375,521.0299682617188,Ma,92,0,0,716,Hesperis,Hesperis,Ma,Hesperis_Ma_92_0,L. ,,,,species,True,1026.9999821980794,2125.1707712809243,1076.9874572753906,2170.9582010904946,1.0,2.0
230,367,263.6012268066406,509.12298583984375,271.6806335449219,521.1289672851562,L.,92,0,1,716,,Hesperis,,,,author_92_0,,,,,1098.3384450276692,2121.345774332682,1132.0026397705078,2171.3706970214844,1.0,2.0
231,369,246.47999572753906,519.6409912109375,280.8262634277344,530.6300048828125,crenulata,93,0,0,716,Hesperis,Hesperis,crenulata,Hesperis_crenulata_93_0,D.C. ,,,,species,,1026.9999821980794,2165.1707967122397,1170.1094309488933,2210.9583536783853,1.0,2.0
232,370,284.15167236328125,518.7230224609375,302.0162048339844,530.72900390625,D.C.,93,0,1,716,,Hesperis,,,,author_93_0,,,,,1183.9653015136719,2161.3459269205728,1258.4008534749348,2211.370849609375,1.0,2.0
233,372,246.47999572753906,528.322998046875,264.6759948730469,540.3289794921875,elata,94,0,0,716,Hesperis,Hesperis,elata,Hesperis_elata_94_0,Hornem. ,,,,species,,1026.9999821980794,2201.3458251953125,1102.816645304362,2251.3707478841147,1.0,2.0
234,373,268.598388671875,528.322998046875,302.3999938964844,540.3289794921875,Hornem.,94,0,1,716,,Hesperis,,,,author_94_0,,,,,1119.1599527994792,2201.3458251953125,1259.9999745686848,2251.3707478841147,1.0,2.0
235,376,246.47999572753906,537.9230346679688,288.3570251464844,549.9290161132812,kotschyana,95,0,0,716,Hesperis,Hesperis,kotschyana,Hesperis_kotschyana_95_0,Fenzl ,,,,species,,1026.9999821980794,2241.345977783203,1201.4876047770183,2291.3709004720054,1.0,2.0
236,377,293.4733581542969,537.9230346679688,313.9208679199219,549.9290161132812,Fenzl,95,0,1,716,,Hesperis,,,,author_95_0,,,,,1222.805658976237,2241.345977783203,1308.0036163330078,2291.3709004720054,1.0,2.0
237,380,246.47999572753906,549.3920288085938,281.1519775390625,559.1599731445312,matronalis,96,0,0,716,Hesperis,Hesperis,matronalis,Hesperis_matronalis_96_0,L. ,,,,species,,1026.9999821980794,2289.1334533691406,1171.466573079427,2329.833221435547,1.0,2.0
238,381,285.66241455078125,548.5759887695312,292.8003234863281,559.2479858398438,L.,96,0,1,716,,Hesperis,,,,author_96_0,,,,,1190.2600606282551,2285.7332865397134,1220.0013478597004,2330.199940999349,1.0,2.0
239,384,246.47999572753906,557.1229858398438,276.7799377441406,569.1289672851562,pendula,97,0,0,716,Hesperis,Hesperis,pendula,Hesperis_pendula_97_0,D.C. ,,,,species,,1026.9999821980794,2321.345774332682,1153.249740600586,2371.3706970214844,1.0,2.0
240,385,281.4735412597656,557.1229858398438,299.5192565917969,569.1289672851562,D.C.,97,0,1,716,,Hesperis,,,,author_97_0,,,,,1172.8064219156902,2321.345774332682,1247.9969024658203,2371.3706970214844,1.0,2.0
241,388,245.52000427246094,567.6409912109375,278.68304443359375,578.6300048828125,pulchella,98,0,0,716,Hesperis,Hesperis,pulchella,Hesperis_pulchella_98_0,D.D. ,,,,species,,1023.0000178019205,2365.1707967122397,1161.1793518066406,2410.9583536783853,1.0,2.0
242,389,282.3420715332031,566.7230224609375,300.8927307128906,578.72900390625,D.D.,98,0,1,716,,Hesperis,,,,author_98_0,,,,,1176.425298055013,2361.3459269205728,1253.719711303711,2411.370849609375,1.0,2.0
243,391,246.47999572753906,576.322998046875,305.00677490234375,588.3289794921875,pulmonarioides,99,0,0,716,Hesperis,Hesperis,pulmonarioides,Hesperis_pulmonarioides_99_0,Boiss. ,,,,species,,1026.9999821980794,2401.3458251953125,1270.8615620930989,2451.3707478841147,1.0,2.0
244,392,308.2222900390625,576.322998046875,329.5191955566406,588.3289794921875,Boiss.,99,0,1,716,,Hesperis,,,,author_99_0,,,,,1284.259541829427,2401.3458251953125,1372.9966481526692,2451.3707478841147,1.0,2.0
245,395,246.72000122070312,586.8410034179688,266.2140197753906,597.8300170898438,venta,100,0,0,716,Hesperis,Hesperis,venta,Hesperis_venta_100_0,L. ,,,,species,,1028.000005086263,2445.1708475748696,1109.225082397461,2490.9584045410156,1.0,2.0
246,396,269.4820251464844,585.9230346679688,277.1357116699219,597.9290161132812,L.,100,0,1,716,,Hesperis,,,,author_100_0,,,,,1122.8417714436848,2441.345977783203,1154.7321319580078,2491.3709004720054,1.0,2.0
247,399,246.9600067138672,595.5230102539062,277.5074462890625,607.5289916992188,violacea,101,0,0,716,Hesperis,Hesperis,violacea,Hesperis_violacea_101_0,Boiss. ,,,,species,,1029.0000279744465,2481.345876057943,1156.281026204427,2531.3707987467446,1.0,2.0
248,400,280.4200134277344,595.5230102539062,301.91986083984375,607.5289916992188,Boiss.,101,0,1,716,,Hesperis,,,,author_101_0,,,,,1168.4167226155598,2481.345876057943,1257.9994201660156,2531.3707987467446,1.0,2.0
0,3,25.440000534057617,47.79892349243164,57.34152603149414,59.404720306396484,Hibiscus,1,0,0,717,Hibiscus,Hibiscus,,,,,,,genus,,106.00000222524007,199.16218121846518,238.9230251312256,247.5196679433187,0.0,0.0
1,4,39.36000061035156,56.91891860961914,69.6005630493164,68.52471923828125,trionum,2,0,0,717,Hibiscus,Hibiscus,trionum,Hibiscus_trionum_2_0,L. ,,,,species,,164.0000025431315,237.1621608734131,290.00234603881836,285.51966349283856,0.0,1.0
2,5,74.24359893798828,56.91891860961914,82.22988891601562,68.52471923828125,L.,2,0,1,717,,Hibiscus,,,,author_2_0,,,,,309.3483289082845,237.1621608734131,342.6245371500651,285.51966349283856,0.0,1.0
3,6,25.440000534057617,66.03890991210938,88.71039581298828,77.64471435546875,Himantoglossum,3,0,0,717,Himantoglossum,Himantoglossum,,,,,,,genus,,106.00000222524007,275.16212463378906,369.6266492207845,323.51964314778644,0.0,0.0
4,7,39.119998931884766,76.59890747070312,74.81478881835938,88.2047119140625,caprinum,4,0,0,717,Himantoglossum,Himantoglossum,caprinum,Himantoglossum_caprinum_4_0,(M. Bieb.) Spreng. ,,,,species,,162.99999554951987,319.162114461263,311.72828674316406,367.51963297526044,0.0,1.0
5,8,79.69446563720703,76.59890747070312,93.45059204101562,88.2047119140625,(M.,4,0,1,717,,Himantoglossum,,,,author_4_0,,,,,332.0602734883626,319.162114461263,389.3774668375651,367.51963297526044,0.0,1.0
6,9,97.81619262695312,76.59890747070312,119.9159164428711,88.2047119140625,Bieb.),4,0,2,717,,Himantoglossum,,,,author_4_0,,,,,407.5674692789714,319.162114461263,499.6496518452962,367.51963297526044,0.0,1.0
7,10,124.79559326171875,76.59890747070312,153.75146484375,88.2047119140625,Spreng.,4,0,3,717,,Himantoglossum,,,,author_4_0,,,,,519.9816385904948,319.162114461263,640.631103515625,367.51963297526044,0.0,1.0
8,11,25.440000534057617,86.19888305664062,70.96831512451172,97.8046875,Hippocrepis,5,0,0,717,Hippocrepis,Hippocrepis,,,,,,,genus,,106.00000222524007,359.1620127360026,295.7013130187988,407.51953125,0.0,0.0
9,12,39.119998931884766,95.31887817382812,70.7190933227539,106.9246826171875,bisiliqua,6,0,0,717,Hippocrepis,Hippocrepis,bisiliqua,Hippocrepis_bisiliqua_6_0,Forssk. ,,,,species,,162.99999554951987,397.1619923909505,294.6628888448079,445.51951090494794,0.0,1.0
10,13,75.98025512695312,95.31887817382812,101.66987609863281,106.9246826171875,Forssk.,6,0,1,717,,Hippocrepis,,,,author_6_0,,,,,316.5843963623047,397.1619923909505,423.6244837443034,445.51951090494794,0.0,1.0
11,14,38.880001068115234,105.39889526367188,91.57340240478516,117.00469970703125,multisiliquosa,6,1,0,717,Hippocrepis,Hippocrepis,multisiliquosa,Hippocrepis_multisiliquosa_6_1,L. ,,,,species,,162.00000445048013,439.1620635986328,381.5558433532715,487.5195821126302,0.0,1.0
12,15,95.74111938476562,105.39889526367188,103.58869171142578,117.00469970703125,L.,6,1,1,717,,Hippocrepis,,,,author_6_1,,,,,398.92133076985675,439.1620635986328,431.6195487976074,487.5195821126302,0.0,1.0
13,16,39.119998931884766,114.99887084960938,82.83596801757812,126.60467529296875,unisiliquosa,6,2,0,717,Hippocrepis,Hippocrepis,unisiliquosa,Hippocrepis_unisiliquosa_6_2,L. ,,,,species,,162.99999554951987,479.1619618733724,345.1498667399089,527.5194803873698,0.0,1.0
14,17,88.56938934326172,114.99887084960938,96.39044189453125,126.60467529296875,L.,6,2,1,717,,Hippocrepis,,,,author_6_2,,,,,369.0391222635905,479.1619618733724,401.62684122721356,527.5194803873698,0.0,1.0
15,18,25.440000534057617,124.59890747070312,93.17488861083984,136.2047119140625,Hippomarathrum,7,0,0,717,Hippomarathrum,Hippomarathrum,,,,,,,genus,,106.00000222524007,519.1621144612631,388.228702545166,567.5196329752604,0.0,0.0
16,19,39.119998931884766,134.19888305664062,68.94102478027344,145.8046875,boissieri,8,0,0,717,Hippomarathrum,Hippomarathrum,boissieri,Hippomarathrum_boissieri_8_0,Reut. et Hausskn. ,,,,species,,162.99999554951987,559.1620127360026,287.25426991780597,607.51953125,0.0,1.0
17,20,72.69258117675781,134.19888305664062,93.2571029663086,145.8046875,Reut.,8,0,1,717,,Hippomarathrum,,,,author_8_0,,,,,302.88575490315753,559.1620127360026,388.57126235961914,607.51953125,0.0,1.0
18,21,97.54518127441406,134.19888305664062,104.14498901367188,145.8046875,et,8,0,2,717,,Hippomarathrum,,,,author_8_0,,,,,406.4382553100586,559.1620127360026,433.9374542236328,607.51953125,0.0,1.0
19,22,107.89655303955078,134.19888305664062,141.99087524414062,145.8046875,Hausskn.,8,0,3,717,,Hippomarathrum,,,,author_8_0,,,,,449.56897099812824,559.1620127360026,591.6286468505859,607.51953125,0.0,1.0
20,23,38.880001068115234,143.79888916015625,68.5675048828125,155.40469360351562,crispum,8,1,0,717,Hippomarathrum,Hippomarathrum,crispum,Hippomarathrum_crispum_8_1,(Pers.) Koch ,,,,species,,162.00000445048013,599.1620381673177,285.69793701171875,647.5195566813151,0.0,1.0
21,24,74.41006469726562,143.79888916015625,97.94207763671875,155.40469360351562,(Pers.),8,1,1,717,,Hippomarathrum,,,,author_8_1,,,,,310.04193623860675,599.1620381673177,408.0919901529948,647.5195566813151,0.0,1.0
22,25,103.78463745117188,143.79888916015625,123.89311981201172,155.40469360351562,Koch,8,1,2,717,,Hippomarathrum,,,,author_8_1,,,,,432.4359893798828,599.1620381673177,516.2213325500488,647.5195566813151,0.0,1.0
23,26,38.63999938964844,153.39889526367188,70.11270904541016,165.00469970703125,scabrum,8,2,0,717,Hippomarathrum,Hippomarathrum,scabrum,Hippomarathrum_scabrum_8_2,(Fenzl) Boigs. ,,,,species,,160.9999974568685,639.1620635986328,292.136287689209,687.5195821126302,0.0,1.0
24,27,75.37387084960938,153.39889526367188,101.4548568725586,165.00469970703125,(Fenzl),8,2,1,717,,Hippomarathrum,,,,author_8_2,,,,,314.05779520670575,639.1620635986328,422.72857030232746,687.5195821126302,0.0,1.0
25,28,106.46509552001953,153.39889526367188,127.82981872558594,165.00469970703125,Boigs.,8,2,2,717,,Hippomarathrum,,,,author_8_2,,,,,443.60456466674805,639.1620635986328,532.6242446899414,687.5195821126302,0.0,1.0
26,29,25.440000534057617,162.9989013671875,70.2354507446289,174.60470581054688,Hirschfeldia,9,0,0,717,Hirschfeldia,Hirschfeldia,,,,,,,genus,,106.00000222524007,679.1620890299479,292.6477114359538,727.5196075439453,0.0,0.0
27,30,38.63999938964844,172.118896484375,63.61674499511719,183.72470092773438,incana,10,0,0,717,Hirschfeldia,Hirschfeldia,incana,Hirschfeldia_incana_10_0,(L.) Lagrèze-Fossat ,,,,species,,160.9999974568685,717.1620686848959,265.0697708129883,765.5195871988932,0.0,1.0
28,31,68.70246887207031,172.118896484375,82.47950744628906,183.72470092773438,(L.),10,0,1,717,,Hirschfeldia,,,,author_10_0,,,,,286.26028696695965,717.1620686848959,343.6646143595378,765.5195871988932,0.0,1.0
29,32,87.84878540039062,172.118896484375,144.22142028808594,183.72470092773438,Lagrèze-Fossat,10,0,2,717,,Hirschfeldia,,,,author_10_0,,,,,366.03660583496094,717.1620686848959,600.9225845336914,765.5195871988932,0.0,1.0
30,33,25.440000534057617,182.43890380859375,61.611175537109375,194.04470825195312,Hprdeum,11,0,0,717,Hprdeum,Hprdeum,,,,,,,genus,,106.00000222524007,760.162099202474,256.7132314046224,808.5196177164713,0.0,0.0
31,34,38.880001068115234,192.27890014648438,85.73405456542969,203.88470458984375,geniculatum,12,0,0,717,Hprdeum,Hprdeum,geniculatum,Hprdeum_geniculatum_12_0,Ail. ,,,,species,,162.00000445048013,801.1620839436849,357.22522735595703,849.5196024576823,0.0,1.0
32,35,89.4120101928711,192.27890014648438,103.34851837158203,203.88470458984375,Ail.,12,0,1,717,,Hprdeum,,,,author_12_0,,,,,372.5500424702962,801.1620839436849,430.6188265482585,849.5196024576823,0.0,1.0
33,36,38.63999938964844,201.87890625,70.84222412109375,213.48471069335938,glaucum,12,1,0,717,Hprdeum,Hprdeum,glaucum,Hprdeum_glaucum_12_1,Steud. ,,,,species,,160.9999974568685,841.162109375,295.1759338378906,889.5196278889974,0.0,1.0
34,37,76.1839599609375,201.87890625,99.74962615966797,213.48471069335938,Steud.,12,1,1,717,,Hprdeum,,,,author_12_1,,,,,317.43316650390625,841.162109375,415.6234423319499,889.5196278889974,0.0,1.0
35,39,34.34847640991211,212.36631774902344,83.34434509277344,222.989013671875,gussoneanum,13,0,0,717,Hprdeum,Hprdeum,gussoneanum,Hprdeum_gussoneanum_13_0,Pari. ,,,,species,,143.11865170796713,884.8596572875977,347.26810455322266,929.1208902994791,0.0,1.0
36,40,85.174560546875,211.47891235351562,102.99437713623047,223.084716796875,Pari.,13,0,1,717,,Hprdeum,,,,author_13_0,,,,,354.8940022786458,881.1621348063151,429.14323806762695,929.5196533203125,0.0,1.0
37,41,38.15999984741211,222.44630432128906,64.16118621826172,233.06900024414062,hxjitrix,14,0,0,717,Hprdeum,Hprdeum,hxjitrix,Hprdeum_hxjitrix_14_0,Roth ,,,,species,,158.99999936421713,926.8596013387045,267.3382759094238,971.1208343505859,0.0,1.0
38,42,65.97882843017578,221.55889892578125,84.53313446044922,233.16470336914062,Roth,14,0,1,717,,Hprdeum,,,,author_14_0,,,,,274.9117851257324,923.1620788574219,352.2213935852051,971.5195973714193,0.0,1.0
39,43,38.63999938964844,230.67889404296875,77.03044891357422,242.28469848632812,leporinum,14,1,0,717,Hprdeum,Hprdeum,leporinum,Hprdeum_leporinum_14_1,Link. ,,,,species,,160.9999974568685,961.1620585123698,320.96020380655926,1009.5195770263672,0.0,1.0
40,44,81.41645050048828,230.67889404296875,101.18946075439453,242.28469848632812,Link.,14,1,1,717,,Hprdeum,,,,author_14_1,,,,,339.2352104187012,961.1620585123698,421.62275314331055,1009.5195770263672,0.0,1.0
41,45,38.63999938964844,240.27890014648438,81.35462188720703,251.88470458984375,maritinîum,14,2,0,717,Hprdeum,Hprdeum,maritinîum,Hprdeum_maritinîum_14_2,With. ,,,,species,,160.9999974568685,1001.1620839436849,338.977591196696,1049.5196024576824,0.0,1.0
42,46,86.27204132080078,240.27890014648438,107.67061614990234,251.88470458984375,With.,14,2,1,717,,Hprdeum,,,,author_14_2,,,,,359.4668388366699,1001.1620839436849,448.62756729125977,1049.5196024576824,0.0,1.0
43,47,24.959999084472656,250.5262908935547,64.46127319335938,261.14898681640625,Hornungia,15,0,0,717,Hornungia,Hornungia,,,,,,,genus,,103.99999618530273,1043.8595453898113,268.58863830566406,1088.1207784016926,0.0,0.0
44,48,37.439998626708984,260.3663024902344,81.93629455566406,270.989013671875,procumberti,16,0,0,717,Hornungia,Hornungia,procumberti,Hornungia_procumberti_16_0,(L.) Hayek ,,,,species,,155.9999942779541,1084.8595937093098,341.4012273152669,1129.1208902994792,0.0,1.0
45,49,84.17825317382812,259.4789123535156,97.77780151367188,271.084716796875,(L.),16,0,1,717,,Hornungia,,,,author_16_0,,,,,350.7427215576172,1081.1621348063152,407.4075063069661,1129.5196533203125,0.0,1.0
46,50,100.12584686279297,259.4789123535156,124.02547454833984,271.084716796875,Hayek,16,0,2,717,,Hornungia,,,,author_16_0,,,,,417.1910285949707,1081.1621348063152,516.7728106180826,1129.5196533203125,0.0,1.0
47,51,24.479999542236328,269.9662780761719,63.98127746582031,280.5889892578125,Hutchinsia,17,0,0,717,Hutchinsia,Hutchinsia,,,,,,,genus,,101.99999809265137,1124.8594919840496,266.58865610758465,1169.1207885742188,0.0,0.0
48,52,37.20000076293945,279.0862731933594,81.19229888916016,289.708984375,procumbens,18,0,0,717,Hutchinsia,Hutchinsia,procumbens,Hutchinsia_procumbens_18_0,(L.) Desv. ,,,,species,,155.0000031789144,1162.8594716389973,338.30124537150067,1207.1207682291667,0.0,1.0
49,53,82.76921844482422,278.1988830566406,96.36876678466797,289.8046875,(L.),18,0,1,717,,Hutchinsia,,,,author_18_0,,,,,344.8717435201009,1159.1620127360027,401.5365282694499,1207.51953125,0.0,1.0
50,54,98.1313247680664,278.1988830566406,118.70829772949219,289.8046875,Desv.,18,0,2,717,,Hutchinsia,,,,author_18_0,,,,,408.88051986694336,1159.1620127360027,494.61790720621747,1207.51953125,0.0,1.0
51,55,24.719999313354492,288.2789001464844,71.36592102050781,299.88470458984375,Hydrocotyle,19,0,0,717,Hydrocotyle,Hydrocotyle,,,,,,,genus,,102.99999713897705,1201.1620839436848,297.3580042521159,1249.5196024576824,0.0,0.0
52,56,38.15999984741211,298.76629638671875,61.82695770263672,309.3890075683594,natans,20,0,0,717,Hydrocotyle,Hydrocotyle,natans,Hydrocotyle_natans_20_0,Cyr. ,,,,species,,158.99999936421713,1244.8595682779949,257.6123237609863,1289.120864868164,0.0,1.0
53,57,64.59115600585938,297.87890625,80.7907943725586,309.4847106933594,Cyr.,20,0,1,717,,Hydrocotyle,,,,author_20_0,,,,,269.12981669108075,1241.162109375,336.6283098856608,1289.5196278889973,0.0,1.0
54,58,38.400001525878906,306.9989013671875,91.75691986083984,318.6047058105469,ranunculoides,20,1,0,717,Hydrocotyle,Hydrocotyle,ranunculoides,Hydrocotyle_ranunculoides_20_1,L. fil. ,,,,species,,160.00000635782877,1279.162089029948,382.320499420166,1327.5196075439453,0.0,1.0
55,59,96.5213394165039,306.9989013671875,104.4229736328125,318.6047058105469,L.,20,1,1,717,,Hydrocotyle,,,,author_20_1,,,,,402.1722475687663,1279.162089029948,435.09572347005206,1327.5196075439453,0.0,1.0
56,60,108.05927276611328,306.9989013671875,118.95011138916016,318.6047058105469,fil.,20,1,2,717,,Hydrocotyle,,,,author_20_1,,,,,450.24696985880536,1279.162089029948,495.62546412150067,1327.5196075439453,0.0,1.0
57,61,24.959999084472656,317.31890869140625,81.70137786865234,328.9247131347656,Hymenocarpus,21,0,0,717,Hymenocarpus,Hymenocarpus,,,,,,,genus,,103.99999618530273,1322.1621195475261,340.42240778605145,1370.5196380615234,0.0,0.0
58,62,38.15999984741211,326.91888427734375,79.61851501464844,338.5246887207031,circinnatus,22,0,0,717,Hymenocarpus,Hymenocarpus,circinnatus,Hymenocarpus_circinnatus_22_0,(L.) Savi ,,,,species,,158.99999936421713,1362.1620178222656,331.74381256103516,1410.519536336263,0.0,1.0
59,63,84.7807388305664,326.91888427734375,98.55778503417969,338.5246887207031,(L.),22,0,1,717,,Hymenocarpus,,,,author_22_0,,,,,353.25307846069336,1362.1620178222656,410.65743764241535,1410.519536336263,0.0,1.0
60,64,103.97805786132812,326.91888427734375,119.9732894897461,338.5246887207031,Savi,22,0,2,717,,Hymenocarpus,,,,author_22_0,,,,,433.2419077555339,1362.1620178222656,499.8887062072754,1410.519536336263,0.0,1.0
61,65,38.15999984741211,336.7589111328125,88.79682922363281,348.3647155761719,nummularius,22,1,0,717,Hymenocarpus,Hymenocarpus,nummularius,Hymenocarpus_nummularius_22_1,'(D.C.) G. Don. ,,,,species,,158.99999936421713,1403.162129720052,369.9867884318034,1451.5196482340496,0.0,1.0
62,66,91.30194854736328,336.7589111328125,117.1880111694336,348.3647155761719,'(D.C.),22,1,1,717,,Hymenocarpus,,,,author_22_1,,,,,380.4247856140137,1403.162129720052,488.28337987263996,1451.5196482340496,0.0,1.0
63,67,122.44815063476562,336.7589111328125,131.32562255859375,348.3647155761719,G.,22,1,2,717,,Hymenocarpus,,,,author_22_1,,,,,510.20062764485675,1403.162129720052,547.1900939941406,1451.5196482340496,0.0,1.0
64,68,136.3348388671875,336.7589111328125,154.7095184326172,348.3647155761719,Don.,22,1,3,717,,Hymenocarpus,,,,author_22_1,,,,,568.0618286132812,1403.162129720052,644.6229934692383,1451.5196482340496,0.0,1.0
65,69,24.719999313354492,346.118896484375,77.59867095947266,357.7247009277344,Hymenolobus,23,0,0,717,Hymenolobus,Hymenolobus,,,,,,,genus,,102.99999713897705,1442.1620686848958,323.3277956644694,1490.5195871988933,0.0,0.0
66,70,37.91999816894531,355.9588928222656,83.63701629638672,367.564697265625,procumbens,24,0,0,717,Hymenolobus,Hymenolobus,procumbens,Hymenolobus_procumbens_24_0,(L.) Nutt. ,,,,species,,157.99999237060547,1483.1620534261067,348.4875679016113,1531.5195719401042,0.0,1.0
67,71,88.81658172607422,355.9588928222656,102.5936279296875,367.564697265625,(L.),24,0,1,717,,Hymenolobus,,,,author_24_0,,,,,370.06909052530926,1483.1620534261067,427.47344970703125,1531.5195719401042,0.0,1.0
68,72,107.50186920166016,355.9588928222656,127.10993957519531,367.564697265625,Nutt.,24,0,2,717,,Hymenolobus,,,,author_24_0,,,,,447.9244550069173,1483.1620534261067,529.6247482299805,1531.5195719401042,0.0,1.0
69,73,24.479999542236328,365.79888916015625,65.63251495361328,377.4046936035156,Hypecoum,25,0,0,717,Hypecoum,Hypecoum,,,,,,,genus,,101.99999809265137,1524.1620381673176,273.468812306722,1572.5195566813152,0.0,0.0
70,74,37.439998626708984,376.5262756347656,85.38601684570312,387.14898681640625,grandiflorum,26,0,0,717,Hypecoum,Hypecoum,grandiflorum,Hypecoum_grandiflorum_26_0,Benth. ,,,,species,,155.9999942779541,1568.8594818115234,355.7750701904297,1613.1207784016926,0.0,1.0
71,75,86.83557891845703,375.6388854980469,111.5436019897461,387.24468994140625,Benth.,26,0,1,717,,Hypecoum,,,,author_26_0,,,,,361.8149121602376,1565.1620229085286,464.7650082906087,1613.5195414225261,0.0,1.0
72,76,37.91999816894531,385.9588928222656,68.597412109375,397.564697265625,imberbe,26,1,0,717,Hypecoum,Hypecoum,imberbe,Hypecoum_imberbe_26_1,Sibth. et Smith ,,,,species,,157.99999237060547,1608.1620534261067,285.8225504557292,1656.5195719401042,0.0,1.0
73,77,72.91303253173828,385.9588928222656,95.12291717529297,397.564697265625,Sibth.,26,1,1,717,,Hypecoum,,,,author_26_1,,,,,303.8043022155762,1608.1620534261067,396.3454882303874,1656.5195719401042,0.0,1.0
74,78,99.69252014160156,385.9588928222656,106.30762481689453,397.564697265625,et,26,1,2,717,,Hypecoum,,,,author_26_1,,,,,415.38550059000653,1608.1620534261067,442.94843673706055,1656.5195719401042,0.0,1.0
75,79,110.6234359741211,385.9588928222656,133.01454162597656,397.564697265625,Smith,26,1,3,717,,Hypecoum,,,,author_26_1,,,,,460.9309832255046,1608.1620534261067,554.2272567749023,1656.5195719401042,0.0,1.0
76,81,39.57545852661133,395.55889892578125,77.37767028808594,407.1647033691406,pendulum,27,0,0,717,Hypecoum,Hypecoum,pendulum,Hypecoum_pendulum_27_0,L. ,,,,species,,164.89774386088052,1648.1620788574219,322.4069595336914,1696.5195973714192,0.0,1.0
77,82,82.69595336914062,395.55889892578125,90.54148864746094,407.1647033691406,L.,27,0,1,717,,Hypecoum,,,,author_27_0,,,,,344.56647237141925,1648.1620788574219,377.2562026977539,1696.5195973714192,0.0,1.0
78,83,37.68000030517578,405.1589050292969,83.39701843261719,416.76470947265625,procumbens,28,0,0,717,Hypecoum,Hypecoum,procumbens,Hypecoum_procumbens_28_0,L. ,,,,species,,157.00000127156576,1688.162104288737,347.4875768025716,1736.5196228027344,0.0,1.0
79,84,87.99620056152344,405.1589050292969,95.91007232666016,416.76470947265625,L.,28,0,1,717,,Hypecoum,,,,author_28_0,,,,,366.65083567301434,1688.162104288737,399.625301361084,1736.5196228027344,0.0,1.0
80,85,24.479999542236328,416.9189147949219,67.03980255126953,428.52471923828125,Hypericum,29,0,0,717,Hypericum,Hypericum,,,,,,,genus,,101.99999809265137,1737.162144978841,279.33251063028973,1785.5196634928386,0.0,0.0
81,86,37.91999816894531,426.6863098144531,64.41593170166016,437.30902099609375,acutum,30,0,0,717,Hypericum,Hypericum,acutum,Hypericum_acutum_30_0,MoencnV ,,,,species,,157.99999237060547,1777.859624226888,268.399715423584,1822.1209208170574,0.0,1.0
82,87,65.86627197265625,425.7989196777344,101.34199523925781,437.40472412109375,MoencnV,30,0,1,717,,Hypericum,,,,author_30_0,,,,,274.4427998860677,1774.1621653238933,422.25831349690753,1822.5196838378906,0.0,1.0
83,88,37.91999816894531,436.2862854003906,87.30226135253906,446.90899658203125,adenocarpum,30,1,0,717,Hypericum,Hypericum,adenocarpum,Hypericum_adenocarpum_30_1,MiroX^^ ,,,,species,,157.99999237060547,1817.8595225016277,363.7594223022461,1862.1208190917969,0.0,1.0
84,89,88.75241088867188,435.3988952636719,124.2297134399414,447.00469970703125,MiroX^^,30,1,1,717,,Hypericum,,,,author_30_1,,,,,369.8017120361328,1814.1620635986328,517.6238059997559,1862.5195821126301,0.0,1.0
85,90,37.68000030517578,445.88629150390625,85.7903060913086,456.5090026855469,adenocladum,30,2,0,717,Hypericum,Hypericum,adenocladum,Hypericum_adenocladum_30_2,Boiss. ,,,,species,,157.00000127156576,1857.8595479329426,357.4596087137858,1902.120844523112,0.0,1.0
86,91,87.24052429199219,444.9989013671875,108.5833740234375,456.6047058105469,Boiss.,30,2,1,717,,Hypericum,,,,author_30_2,,,,,363.50218454996747,1854.162089029948,452.43072509765625,1902.5196075439453,0.0,1.0
87,92,37.68000030517578,455.4862976074219,84.45149230957031,466.1090087890625,alternifolium,30,3,0,717,Hypericum,Hypericum,alternifolium,Hypericum_alternifolium_30_3,Labili. ,,,,species,,157.00000127156576,1897.8595733642578,351.88121795654297,1942.120869954427,0.0,1.0
88,93,85.90177154541016,454.5989074707031,111.31858825683594,466.2047119140625,Labili.,30,3,1,717,,Hypericum,,,,author_30_3,,,,,357.92404810587567,1894.162114461263,463.8274510701497,1942.5196329752605,0.0,1.0
89,94,37.439998626708984,465.0862731933594,68.19202423095703,475.708984375,amanum,30,4,0,717,Hypericum,Hypericum,amanum,Hypericum_amanum_30_4,Boiss. ,,,,species,,155.9999942779541,1937.8594716389973,284.1334342956543,1982.1207682291667,0.0,1.0
90,95,69.64224243164062,464.1988830566406,90.78495025634766,475.8046875,Boiss.,30,4,1,717,,Hypericum,,,,author_30_4,,,,,290.17601013183594,1934.1620127360027,378.27062606811523,1982.51953125,0.0,1.0
91,96,37.68000030517578,473.7989196777344,96.22911834716797,485.40472412109375,amblyosepalum,30,5,0,717,Hypericum,Hypericum,amblyosepalum,Hypericum_amblyosepalum_30_5,Hochstt. ,,,,species,,157.00000127156576,1974.1621653238933,400.9546597798665,2022.5196838378906,0.0,1.0
92,97,102.98661804199219,473.7989196777344,134.7899169921875,485.40472412109375,Hochstt.,30,5,1,717,,Hypericum,,,,author_30_5,,,,,429.1109085083008,1974.1621653238933,561.6246541341146,2022.5196838378906,0.0,1.0
93,98,37.68000030517578,483.3988952636719,75.46161651611328,495.00469970703125,capitatum,30,6,0,717,Hypericum,Hypericum,capitatum,Hypericum_capitatum_30_6,Choisy ,,,,species,,157.00000127156576,2014.1620635986328,314.423402150472,2062.5195821126304,0.0,1.0
94,99,80.31477355957031,483.3988952636719,105.65238189697266,495.00469970703125,Choisy,30,6,1,717,,Hypericum,,,,author_30_6,,,,,334.64488983154297,2014.1620635986328,440.21825790405273,2062.5195821126304,0.0,1.0
95,100,37.439998626708984,492.9989013671875,92.15188598632812,504.6047058105469,cardiophyllum,30,7,0,717,Hypericum,Hypericum,cardiophyllum,Hypericum_cardiophyllum_30_7,Boiss. ,,,,species,,155.9999942779541,2054.1620890299478,383.9661916097005,2102.5196075439453,0.0,1.0
96,101,97.25902557373047,492.9989013671875,118.47003173828125,504.6047058105469,Boiss.,30,7,1,717,,Hypericum,,,,author_30_7,,,,,405.24593989054364,2054.1620890299478,493.62513224283856,2102.5196075439453,0.0,1.0
97,102,37.20000076293945,503.4862976074219,66.19763946533203,514.1090087890625,cassium,30,8,0,717,Hypericum,Hypericum,cassium,Hypericum_cassium_30_8,Boiss. ,,,,species,,155.0000031789144,2097.859573364258,275.8234977722168,2142.1208699544272,0.0,1.0
98,103,68.15093994140625,502.5989074707031,89.36194610595703,514.2047119140625,Boiss.,30,8,1,717,,Hypericum,,,,author_30_8,,,,,283.9622497558594,2094.162114461263,372.3414421081543,2142.5196329752603,0.0,1.0
99,105,37.439998626708984,512.1989135742188,74.8831787109375,523.8046875,confertum,30,9,0,717,Hypericum,Hypericum,confertum,Hypericum_confertum_30_9,Choisy ,,,,species,,155.9999942779541,2134.162139892578,312.01324462890625,2182.51953125,0.0,1.0
100,106,81.75492095947266,512.1989135742188,107.092529296875,523.8046875,Choisy,30,9,1,717,,Hypericum,,,,author_30_9,,,,,340.64550399780273,2134.162139892578,446.2188720703125,2182.51953125,0.0,1.0
101,107,37.20000076293945,522.6863403320312,66.17240905761719,533.3090209960938,crispum,30,10,0,717,Hypericum,Hypericum,crispum,Hypericum_crispum_30_10,L. ,,,,species,,155.0000031789144,2177.8597513834634,275.71837107340497,2222.120920817057,0.0,1.0
102,108,67.62250518798828,521.7989501953125,75.51040649414062,533.4047241210938,L.,30,10,1,717,,Hypericum,,,,author_30_10,,,,,281.7604382832845,2174.1622924804688,314.62669372558594,2222.5196838378906,0.0,1.0
103,109,37.20000076293945,531.5662841796875,74.04877471923828,542.18896484375,"cuneatum,",30,11,0,717,Hypericum,Hypericum,"cuneatum,","Hypericum_cuneatum,_30_11",Poir. ,,,,species,,155.0000031789144,2214.8595174153647,308.5365613301595,2259.1206868489585,0.0,1.0
104,110,75.49922180175781,530.6788940429688,93.36427307128906,542.28466796875,Poir.,30,11,1,717,,Hypericum,,,,author_30_11,,,,,314.58009084065753,2211.1620585123696,389.0178044637044,2259.5194498697915,0.0,1.0
105,111,35.279998779296875,540.6863403320312,76.89881896972656,551.3090209960938,fieldianum,30,12,0,717,Hypericum,Hypericum,fieldianum,Hypericum_fieldianum_30_12,Rech. ,,,,species,,146.99999491373697,2252.8597513834634,320.41174570719403,2297.120920817057,0.0,1.0
106,112,78.34900665283203,539.7989501953125,100.46854400634766,551.4047241210938,Rech.,30,12,1,717,,Hypericum,,,,author_30_12,,,,,326.4541943868001,2249.1622924804688,418.6189333597819,2297.5196838378906,0.0,1.0
107,113,36.720001220703125,550.2863159179688,62.01655197143555,560.9089965820312,gracile,30,13,0,717,Hypericum,Hypericum,gracile,Hypericum_gracile_30_13,Boiss. ,,,,species,,153.00000508626303,2292.859649658203,258.40229988098145,2337.120819091797,0.0,1.0
108,114,63.46678161621094,549.39892578125,84.80982971191406,561.0046997070312,Boiss.,30,13,1,717,,Hypericum,,,,author_30_13,,,,,264.4449234008789,2289.1621907552085,353.3742904663086,2337.5195821126304,0.0,1.0
109,115,36.959999084472656,559.8863525390625,95.95426177978516,570.509033203125,helianthemoides,30,14,0,717,Hypericum,Hypericum,helianthemoides,Hypericum_helianthemoides_30_14,Spach ,,,,species,,153.99999618530273,2332.8598022460938,399.80942408243817,2377.1209716796875,0.0,1.0
110,116,97.40458679199219,558.9989624023438,120.27754211425781,570.604736328125,Spach,30,14,1,717,,Hypericum,,,,author_30_14,,,,,405.8524449666341,2329.162343343099,501.1564254760742,2377.519734700521,0.0,1.0
111,117,36.959999084472656,568.5989379882812,71.24596405029297,580.2047119140625,hircinum,30,15,0,717,Hypericum,Hypericum,hircinum,Hypericum_hircinum_30_15,L. ,,,,species,,153.99999618530273,2369.1622416178384,296.8581835428874,2417.5196329752603,0.0,1.0
112,118,75.96550750732422,568.5989379882812,83.90998077392578,580.2047119140625,L.,30,15,1,717,,Hypericum,,,,author_30_15,,,,,316.52294794718426,2369.1622416178384,349.6249198913574,2417.5196329752603,0.0,1.0
113,119,36.720001220703125,578.6063232421875,86.72338104248047,589.22900390625,hyssopifolium,30,16,0,717,Hypericum,Hypericum,hyssopifolium,Hypericum_hyssopifolium_30_16,Chaix ,,,,species,,153.00000508626303,2410.8596801757812,361.34742101033527,2455.120849609375,0.0,1.0
114,120,88.17372131347656,577.7189331054688,110.61396789550781,589.32470703125,Chaix,30,16,1,717,,Hypericum,,,,author_30_16,,,,,367.39050547281903,2407.1622212727866,460.8915328979492,2455.5196126302085,0.0,1.0
115,121,37.20000076293945,588.206298828125,56.040706634521484,598.8289794921875,laeve,30,17,0,717,Hypericum,Hypericum,laeve,Hypericum_laeve_30_17,Boiss. ,,,,species,,155.0000031789144,2450.859578450521,233.5029443105062,2495.1207478841147,0.0,1.0
116,122,57.49094009399414,587.3189086914062,78.83399963378906,598.9246826171875,Boiss.,30,17,1,717,,Hypericum,,,,author_30_17,,,,,239.5455837249756,2447.162119547526,328.4749984741211,2495.5195109049478,0.0,1.0
117,123,37.20000076293945,597.39892578125,85.30615234375,609.0046997070312,lanuginosum,30,18,0,717,Hypericum,Hypericum,lanuginosum,Hypericum_lanuginosum_30_18,Lam. ,,,,species,,155.0000031789144,2489.1621907552085,355.4423014322917,2537.5195821126304,0.0,1.0
118,124,90.46680450439453,597.39892578125,110.55685424804688,609.0046997070312,Lam.,30,18,1,717,,Hypericum,,,,author_30_18,,,,,376.94501876831055,2489.1621907552085,460.653559366862,2537.5195821126304,0.0,1.0
119,195,243.83999633789062,47.79892349243164,288.6164855957031,59.404720306396484,libanoticum,49,0,0,717,Hypericum,Hypericum,libanoticum,Hypericum_libanoticum_49_0,N. Robson ,,,,species,,1015.9999847412109,199.16218121846518,1202.5686899820964,247.5196679433187,1.0,2.0
120,196,293.0871276855469,47.79892349243164,302.03192138671875,59.404720306396484,N.,49,0,1,717,,Hypericum,,,,author_49_0,,,,,1221.1963653564453,199.16218121846518,1258.4663391113281,247.5196679433187,1.0,2.0
121,197,307.0615539550781,47.79892349243164,335.083251953125,59.404720306396484,Robson,49,0,2,717,,Hypericum,,,,author_49_0,,,,,1279.4231414794922,199.16218121846518,1396.1802164713542,247.5196679433187,1.0,2.0
122,198,244.0800018310547,58.04630661010742,270.59442138671875,68.66900634765625,lorentii,49,1,0,717,Hypericum,Hypericum,lorentii,Hypericum_lorentii_49_1,Hochst. ,,,,species,,1017.0000076293945,241.8596108754476,1127.4767557779949,286.12085978190106,1.0,2.0
123,199,272.0442199707031,57.15890884399414,301.23541259765625,68.76470947265625,Hochst.,49,1,1,717,,Hypericum,,,,author_49_1,,,,,1133.517583211263,238.16212018330893,1255.1475524902344,286.5196228027344,1.0,2.0
124,200,243.83999633789062,66.99887084960938,269.9629821777344,78.60467529296875,lydium,49,2,0,717,Hypericum,Hypericum,lydium,Hypericum_lydium_49_2,Boiss. ,,,,species,,1015.9999847412109,279.1619618733724,1124.8457590738933,327.5194803873698,1.0,2.0
125,201,274.13885498046875,66.99887084960938,295.3498840332031,78.60467529296875,Boiss.,49,2,1,717,,Hypericum,,,,author_49_2,,,,,1142.2452290852864,279.1619618733724,1230.624516805013,327.5194803873698,1.0,2.0
126,202,243.83999633789062,76.59890747070312,283.259765625,88.2047119140625,montbretii,49,3,0,717,Hypericum,Hypericum,montbretii,Hypericum_montbretii_49_3,Spach ,,,,species,,1015.9999847412109,319.162114461263,1180.2490234375,367.51963297526044,1.0,2.0
127,203,288.780029296875,76.59890747070312,311.33306884765625,88.2047119140625,Spach,49,3,1,717,,Hypericum,,,,author_49_3,,,,,1203.2501220703125,319.162114461263,1297.2211201985676,367.51963297526044,1.0,2.0
128,204,243.60000610351562,86.19888305664062,269.8568115234375,97.8046875,nanum,49,4,0,717,Hypericum,Hypericum,nanum,Hypericum_nanum_49_4,Poir. ,,,,species,,1015.0000254313151,359.1620127360026,1124.4033813476562,407.51953125,1.0,2.0
129,205,274.554931640625,86.19888305664062,292.2314453125,97.8046875,Poir.,49,4,1,717,,Hypericum,,,,author_49_4,,,,,1143.9788818359375,359.1620127360026,1217.6310221354167,407.51953125,1.0,2.0
130,206,243.60000610351562,95.79891967773438,269.5583190917969,107.40472412109375,olivieri,49,5,0,717,Hypericum,Hypericum,olivieri,Hypericum_olivieri_49_5,(Spach) Boiss. ,,,,species,,1015.0000254313151,399.16216532389325,1123.159662882487,447.5196838378906,1.0,2.0
131,207,274.6521911621094,95.79891967773438,302.8440246582031,107.40472412109375,(Spach),49,5,1,717,,Hypericum,,,,author_49_5,,,,,1144.3841298421223,399.16216532389325,1261.850102742513,447.5196838378906,1.0,2.0
132,208,307.9378967285156,95.79891967773438,328.9499816894531,107.40472412109375,Boiss.,49,5,2,717,,Hypericum,,,,author_49_5,,,,,1283.0745697021484,399.16216532389325,1370.6249237060547,447.5196838378906,1.0,2.0
133,209,243.60000610351562,105.39889526367188,285.3681640625,117.00469970703125,olympicum,49,6,0,717,Hypericum,Hypericum,olympicum,Hypericum_olympicum_49_6,L. ,,,,species,,1015.0000254313151,439.1620635986328,1189.0340169270833,487.5195821126302,1.0,2.0
134,210,290.6017761230469,105.39889526367188,298.4697570800781,117.00469970703125,L.,49,6,1,717,,Hypericum,,,,author_49_6,,,,,1210.8407338460286,439.1620635986328,1243.623987833659,487.5195821126302,1.0,2.0
135,211,243.60000610351562,114.99887084960938,293.3861999511719,126.60467529296875,origanifolium,49,7,0,717,Hypericum,Hypericum,origanifolium,Hypericum_origanifolium_49_7,Willd. ,,,,species,,1015.0000254313151,479.1619618733724,1222.4424997965496,527.5194803873698,1.0,2.0
136,212,298.2701110839844,114.99887084960938,321.9992980957031,126.60467529296875,Willd.,49,7,1,717,,Hypericum,,,,author_49_7,,,,,1242.7921295166016,479.1619618733724,1341.6637420654297,527.5194803873698,1.0,2.0
137,213,243.36000061035156,124.59890747070312,269.5282287597656,136.2047119140625,pallens,49,8,0,717,Hypericum,Hypericum,pallens,Hypericum_pallens_49_8,Banks et Sol. ,,,,species,,1014.0000025431315,519.1621144612631,1123.0342864990234,567.5196329752604,1.0,2.0
138,214,273.0523376464844,124.59890747070312,295.34344482421875,136.2047119140625,Banks,49,8,1,717,,Hypericum,,,,author_49_8,,,,,1137.7180735270183,519.1621144612631,1230.5976867675781,567.5196329752604,1.0,2.0
139,215,298.8675537109375,124.59890747070312,305.3511047363281,136.2047119140625,et,49,8,2,717,,Hypericum,,,,author_49_8,,,,,1245.281473795573,519.1621144612631,1272.2962697347004,567.5196329752604,1.0,2.0
140,216,309.1273498535156,124.59890747070312,323.1908264160156,136.2047119140625,Sol.,49,8,3,717,,Hypericum,,,,author_49_8,,,,,1288.0306243896484,519.1621144612631,1346.6284434000652,567.5196329752604,1.0,2.0
141,217,243.60000610351562,134.19888305664062,284.7438659667969,145.8046875,perforatum,49,9,0,717,Hypericum,Hypericum,perforatum,Hypericum_perforatum_49_9,L. ,,,,species,,1015.0000254313151,559.1620127360026,1186.4327748616536,607.51953125,1.0,2.0
142,218,290.1111145019531,134.19888305664062,297.9903259277344,145.8046875,L.,49,9,1,717,,Hypericum,,,,author_49_9,,,,,1208.7963104248047,559.1620127360026,1241.6263580322266,607.51953125,1.0,2.0
143,219,242.39999389648438,144.68629455566406,283.3199462890625,155.30899047851562,praedonum,49,10,0,717,Hypericum,Hypericum,praedonum,Hypericum_praedonum_49_10,Hand.-Mazz. ,,,,species,,1009.9999745686849,602.8595606486002,1180.499776204427,647.1207936604818,1.0,2.0
144,220,284.76971435546875,143.79888916015625,335.948974609375,155.40469360351562,Hand.-Mazz.,49,10,1,717,,Hypericum,,,,author_49_10,,,,,1186.5404764811199,599.1620381673177,1399.7873942057292,647.5195566813151,1.0,2.0
145,221,243.60000610351562,154.2863006591797,296.5542907714844,164.90899658203125,quadrangulum,49,11,0,717,Hypericum,Hypericum,quadrangulum,Hypericum_quadrangulum_49_11,L. ,,,,species,,1015.0000254313151,642.8595860799154,1235.6428782145183,687.1208190917969,1.0,2.0
146,222,298.0043640136719,153.39889526367188,305.89227294921875,165.00469970703125,L.,49,11,1,717,,Hypericum,,,,author_49_11,,,,,1241.684850056966,639.1620635986328,1274.5511372884114,687.5195821126302,1.0,2.0
147,223,243.60000610351562,162.9989013671875,273.48333740234375,174.60470581054688,retusum,49,12,0,717,Hypericum,Hypericum,retusum,Hypericum_retusum_49_12,Auch. ,,,,species,,1015.0000254313151,679.1620890299479,1139.5139058430989,727.5196075439453,1.0,2.0
148,224,278.661865234375,162.9989013671875,301.10919189453125,174.60470581054688,Auch.,49,12,1,717,,Hypericum,,,,author_49_12,,,,,1161.0911051432292,679.1620890299479,1254.6216328938801,727.5196075439453,1.0,2.0
149,225,243.36000061035156,173.48631286621094,270.3601989746094,184.1090087890625,rubrum,49,13,0,717,Hypericum,Hypericum,rubrum,Hypericum_rubrum_49_13,Hochstt. ,,,,species,,1014.0000025431315,722.8596369425455,1126.5008290608723,767.1208699544271,1.0,2.0
150,226,271.80999755859375,172.59890747070312,304.07537841796875,184.2047119140625,Hochstt.,49,13,1,717,,Hypericum,,,,author_49_13,,,,,1132.5416564941406,719.1621144612631,1266.9807434082031,767.5196329752604,1.0,2.0
151,227,243.60000610351562,182.19888305664062,280.4117736816406,193.8046875,russeggeri,49,14,0,717,Hypericum,Hypericum,russeggeri,Hypericum_russeggeri_49_14,(Fenzl) R.- Keller ,,,,species,,1015.0000254313151,759.1620127360026,1168.3823903401692,807.51953125,1.0,2.0
152,228,285.5831604003906,182.19888305664062,311.4621887207031,193.8046875,(Fenzl),49,14,1,717,,Hypericum,,,,author_49_14,,,,,1189.9298350016277,759.1620127360026,1297.7591196695964,807.51953125,1.0,2.0
153,229,316.6327819824219,182.19888305664062,327.81634521484375,193.8046875,R.-,49,14,2,717,,Hypericum,,,,author_49_14,,,,,1319.303258260091,759.1620127360026,1365.9014383951824,807.51953125,1.0,2.0
154,230,330.77130126953125,182.19888305664062,353.9470520019531,193.8046875,Keller,49,14,3,717,,Hypericum,,,,author_49_14,,,,,1378.2137552897136,759.1620127360026,1474.7793833414714,807.51953125,1.0,2.0
155,231,243.60000610351562,192.27890014648438,275.07269287109375,203.88470458984375,scabrum,49,15,0,717,Hypericum,Hypericum,scabrum,Hypericum_scabrum_49_15,L. ,,,,species,,1015.0000254313151,801.1620839436849,1146.1362202962239,849.5196024576823,1.0,2.0
156,232,279.5280456542969,192.27890014648438,287.4296875,203.88470458984375,L.,49,15,1,717,,Hypericum,,,,author_49_15,,,,,1164.700190226237,801.1620839436849,1197.6236979166667,849.5196024576823,1.0,2.0
157,233,243.36000061035156,202.7663116455078,293.2821350097656,213.38900756835938,serpyllifolium,49,16,0,717,Hypericum,Hypericum,serpyllifolium,Hypericum_serpyllifolium_49_16,Lam. ,,,,species,,1014.0000025431315,844.8596318562826,1222.0088958740234,889.1208648681641,1.0,2.0
158,234,294.732177734375,201.87890625,314.6754455566406,213.48471069335938,Lam.,49,16,1,717,,Hypericum,,,,author_49_16,,,,,1228.0507405598958,841.162109375,1311.147689819336,889.5196278889974,1.0,2.0
159,235,243.60000610351562,211.47891235351562,288.18109130859375,223.084716796875,tetrapterum,49,17,0,717,Hypericum,Hypericum,tetrapterum,Hypericum_tetrapterum_49_17,Fries ,,,,species,,1015.0000254313151,881.1621348063151,1200.7545471191406,929.5196533203125,1.0,2.0
160,236,293.40655517578125,211.47891235351562,311.59112548828125,223.084716796875,Fries,49,17,1,717,,Hypericum,,,,author_49_17,,,,,1222.5273132324219,881.1621348063151,1298.2963562011719,929.5196533203125,1.0,2.0
161,237,243.60000610351562,221.55889892578125,288.8764953613281,233.16470336914062,thymifolium,49,18,0,717,Hypericum,Hypericum,thymifolium,Hypericum_thymifolium_49_18,Banks et Sol. ,,,,species,,1015.0000254313151,923.1620788574219,1203.652064005534,971.5195973714193,1.0,2.0
162,238,292.7392272949219,221.55889892578125,314.8426208496094,233.16470336914062,Banks,49,18,1,717,,Hypericum,,,,author_49_18,,,,,1219.7467803955078,923.1620788574219,1311.844253540039,971.5195973714193,1.0,2.0
163,239,318.9817810058594,221.55889892578125,325.4479675292969,233.16470336914062,et,49,18,2,717,,Hypericum,,,,author_49_18,,,,,1329.0907541910808,923.1620788574219,1356.033198038737,971.5195973714193,1.0,2.0
164,240,329.58697509765625,221.55889892578125,343.830810546875,233.16470336914062,Sol.,49,18,3,717,,Hypericum,,,,author_49_18,,,,,1373.2790629069011,923.1620788574219,1432.6283772786458,971.5195973714193,1.0,2.0
165,241,243.60000610351562,230.67889404296875,298.8167724609375,242.28469848632812,triquetrifolium,49,19,0,717,Hypericum,Hypericum,triquetrifolium,Hypericum_triquetrifolium_49_19,Turra ,,,,species,,1015.0000254313151,961.1620585123698,1245.0698852539062,1009.5195770263672,1.0,2.0
166,242,304.9571533203125,230.67889404296875,326.8980407714844,242.28469848632812,Turra,49,19,1,717,,Hypericum,,,,author_49_19,,,,,1270.654805501302,961.1620585123698,1362.0751698811848,1009.5195770263672,1.0,2.0
167,243,243.1199951171875,240.27890014648438,279.1518249511719,251.88470458984375,venustum,49,20,0,717,Hypericum,Hypericum,venustum,Hypericum_venustum_49_20,Fenzl ,,,,species,,1012.9999796549479,1001.1620839436849,1163.132603963216,1049.5196024576824,1.0,2.0
168,244,283.8387451171875,240.27890014648438,304.017822265625,251.88470458984375,Fenzl,49,20,1,717,,Hypericum,,,,author_49_20,,,,,1182.6614379882812,1001.1620839436849,1266.7409261067708,1049.5196024576824,1.0,2.0
169,245,229.44000244140625,250.0463104248047,258.9335021972656,260.66900634765625,Hypoxis,50,0,0,717,Hypoxis,Hypoxis,,,,,,,genus,,956.000010172526,1041.8596267700195,1078.8895924886067,1086.1208597819011,1.0,3.0
170,246,240.9600067138672,260.3663024902344,282.3750305175781,270.989013671875,fascicularis,51,0,0,717,Hypoxis,Hypoxis,fascicularis,Hypoxis_fascicularis_51_0,L. ,,,,species,,1004.0000279744467,1084.8595937093098,1176.5626271565754,1129.1208902994792,1.0,2.0
171,247,284.9260559082031,259.4789123535156,292.71038818359375,271.084716796875,L.,51,0,1,717,,Hypoxis,,,,author_51_0,,,,,1187.191899617513,1081.1621348063152,1219.6266174316406,1129.5196533203125,1.0,2.0
172,249,230.16000366210938,305.55889892578125,251.33506774902344,317.1647033691406,Iberis,53,0,0,717,Iberis,Iberis,,,,,,,genus,,959.0000152587891,1273.1620788574219,1047.2294489542644,1321.5195973714192,1.0,3.0
173,250,243.1199951171875,314.43890380859375,277.6675720214844,326.0447082519531,acutiloba,54,0,0,717,Iberis,Iberis,acutiloba,Iberis_acutiloba_54_0,Bertol. ,,,,species,,1012.9999796549479,1310.1620992024739,1156.9482167561848,1358.5196177164714,1.0,2.0
174,251,282.7420654296875,314.43890380859375,307.83099365234375,326.0447082519531,Bertol.,54,0,1,717,,Iberis,,,,author_54_0,,,,,1178.0919392903645,1310.1620992024739,1282.6291402180989,1358.5196177164714,1.0,2.0
175,252,243.1199951171875,324.0389099121094,271.6854248046875,335.64471435546875,odorata,54,1,0,717,Iberis,Iberis,odorata,Iberis_odorata_54_1,L. ,,,,species,,1012.9999796549479,1350.162124633789,1132.0226033528645,1398.5196431477864,1.0,2.0
176,253,276.3641662597656,324.0389099121094,284.3106994628906,335.64471435546875,L.,54,1,1,717,,Iberis,,,,author_54_1,,,,,1151.5173594156902,1350.162124633789,1184.627914428711,1398.5196431477864,1.0,2.0
177,254,243.1199951171875,335.79888916015625,291.8162841796875,347.4046936035156,sempervirens,54,2,0,717,Iberis,Iberis,sempervirens,Iberis_sempervirens_54_2,L. ,,,,species,,1012.9999796549479,1399.1620381673176,1215.9011840820312,1447.5195566813152,1.0,2.0
178,255,296.14312744140625,335.79888916015625,303.98968505859375,347.4046936035156,L.,54,2,1,717,,Iberis,,,,author_54_2,,,,,1233.9296976725261,1399.1620381673176,1266.6236877441406,1447.5195566813152,1.0,2.0
179,256,243.1199951171875,345.3988952636719,269.1021728515625,357.00469970703125,taurica,54,3,0,717,Iberis,Iberis,taurica,Iberis_taurica_54_3,D.C. ,,,,species,,1012.9999796549479,1439.1620635986328,1121.259053548177,1487.5195821126301,1.0,2.0
180,257,273.7778625488281,345.3988952636719,291.74957275390625,357.00469970703125,D.C.,54,3,1,717,,Iberis,,,,author_54_3,,,,,1140.7410939534504,1439.1620635986328,1215.6232198079426,1487.5195821126301,1.0,2.0
181,258,229.44000244140625,356.6062927246094,243.92984008789062,367.22900390625,Hex,55,0,0,717,Hex,Hex,,,,,,,genus,,956.000010172526,1485.8595530192058,1016.3743336995443,1530.120849609375,1.0,3.0
182,259,242.8800048828125,366.206298828125,281.8519592285156,376.8290100097656,aquifolium,56,0,0,717,Hex,Hex,aquifolium,Hex_aquifolium_56_0,L. ,,,,species,,1012.0000203450521,1525.8595784505208,1174.3831634521484,1570.1208750406902,1.0,2.0
183,260,283.30206298828125,365.31890869140625,291.1900329589844,376.9247131347656,L.,56,0,1,717,,Hex,,,,author_56_0,,,,,1180.4252624511719,1522.1621195475261,1213.2918039957683,1570.5196380615234,1.0,2.0
184,261,242.8800048828125,375.8063049316406,272.42340087890625,386.42901611328125,colchica,56,1,0,717,Hex,Hex,colchica,Hex_colchica_56_1,Poj. ,,,,species,,1012.0000203450521,1565.859603881836,1135.0975036621094,1610.1209004720051,1.0,2.0
185,262,273.87371826171875,374.9189147949219,288.4770202636719,386.52471923828125,Poj.,56,1,1,717,,Hex,,,,author_56_1,,,,,1141.1404927571614,1562.162144978841,1201.987584431966,1610.5196634928386,1.0,2.0
186,263,229.1999969482422,385.4062805175781,272.8593444824219,401.662109375,Iriscălcarea,57,0,0,717,Iriscălcarea,Iriscălcarea,,,Dinsm. ,,,,genus,,954.9999872843424,1605.8595021565754,1136.9139353434246,1673.5921223958333,1.0,3.0
187,264,274.3091125488281,390.8567199707031,302.8061828613281,402.00140380859375,Dinsm.,57,0,1,717,,Iriscălcarea,,,,author_57_0,,,,,1142.9546356201172,1628.5696665445964,1261.6924285888672,1675.0058492024739,1.0,3.0
188,265,242.63999938964844,400.4566955566406,286.1543273925781,411.60137939453125,nusairiensis,58,0,0,717,Iriscălcarea,Iriscălcarea,nusairiensis,Iriscălcarea_nusairiensis_58_0,"Moût, ",,,,species,,1010.9999974568685,1668.569564819336,1192.3096974690754,1715.0057474772136,1.0,2.0
189,266,290.2618713378906,399.6388854980469,313.4098205566406,411.24468994140625,"Moût,",58,0,1,717,,Iriscălcarea,,,,author_58_0,,,,,1209.4244639078777,1665.1620229085286,1305.874252319336,1713.5195414225261,1.0,2.0
190,267,242.8800048828125,409.2388916015625,273.464599609375,420.8446960449219,sofarana,58,1,0,717,Iriscălcarea,Iriscălcarea,sofarana,Iriscălcarea_sofarana_58_1,Foster ,,,,species,,1012.0000203450521,1705.1620483398438,1139.4358317057292,1753.519566853841,1.0,2.0
191,268,278.80328369140625,409.2388916015625,301.3861083984375,420.8446960449219,Foster,58,1,1,717,,Iriscălcarea,,,,author_58_1,,,,,1161.6803487141926,1705.1620483398438,1255.7754516601562,1753.519566853841,1.0,2.0
192,269,229.9199981689453,418.8388977050781,249.2752227783203,430.4447021484375,Isatis,59,0,0,717,Isatis,Isatis,,,,,,,genus,,957.9999923706055,1745.162073771159,1038.6467615763347,1793.5195922851562,1.0,3.0
193,270,243.1199951171875,428.1988830566406,274.1661376953125,439.8046875,aleppica,60,0,0,717,Isatis,Isatis,aleppica,Isatis_aleppica_60_0,Scop. ,,,,species,,1012.9999796549479,1784.1620127360027,1142.358907063802,1832.51953125,1.0,2.0
194,271,278.5143737792969,428.1988830566406,299.1907653808594,439.8046875,Scop.,60,0,1,717,,Isatis,,,,author_60_0,,,,,1160.476557413737,1784.1620127360027,1246.628189086914,1832.51953125,1.0,2.0
195,272,243.1199951171875,437.7989196777344,289.27032470703125,449.40472412109375,cappadocica,60,1,0,717,Isatis,Isatis,cappadocica,Isatis_cappadocica_60_1,Desv. ,,,,species,,1012.9999796549479,1824.1621653238933,1205.2930196126301,1872.5196838378906,1.0,2.0
196,273,293.97357177734375,437.7989196777344,314.5505065917969,449.40472412109375,Desv.,60,1,1,717,,Isatis,,,,author_60_1,,,,,1224.8898824055989,1824.1621653238933,1310.6271107991536,1872.5196838378906,1.0,2.0
197,274,242.8800048828125,447.3988952636719,267.0662536621094,459.00469970703125,glauca,60,2,0,717,Isatis,Isatis,glauca,Isatis_glauca_60_2,Auch. ,,,,species,,1012.0000203450521,1864.1620635986328,1112.7760569254558,1912.5195821126301,1.0,2.0
198,275,271.94183349609375,447.3988952636719,294.38916015625,459.00469970703125,Auch.,60,2,1,717,,Isatis,,,,author_60_2,,,,,1133.0909729003906,1864.1620635986328,1226.6215006510417,1912.5195821126301,1.0,2.0
199,276,243.1199951171875,457.88629150390625,279.34552001953125,468.5090026855469,latisiliqua,60,3,0,717,Isatis,Isatis,latisiliqua,Isatis_latisiliqua_60_3,Boiss. ,,,,species,,1012.9999796549479,1907.8595479329426,1163.9396667480469,1952.120844523112,1.0,2.0
200,277,280.7957458496094,456.9989013671875,302.1385803222656,468.6047058105469,Boiss.,60,3,1,717,,Isatis,,,,author_60_3,,,,,1169.9822743733723,1904.162089029948,1258.9107513427734,1952.5196075439453,1.0,2.0
201,278,242.8800048828125,466.5989074707031,278.4546813964844,478.2047119140625,lusitanica,60,4,0,717,Isatis,Isatis,lusitanica,Isatis_lusitanica_60_4,L. ,,,,species,,1012.0000203450521,1944.162114461263,1160.2278391520183,1992.5196329752605,1.0,2.0
202,279,283.3394470214844,466.5989074707031,291.2696533203125,478.2047119140625,L.,60,4,1,717,,Isatis,,,,author_60_4,,,,,1180.5810292561848,1944.162114461263,1213.623555501302,1992.5196329752605,1.0,2.0
203,280,242.8800048828125,477.0862731933594,289.63543701171875,487.708984375,microcarpaj.,60,5,0,717,Isatis,Isatis,microcarpaj.,Isatis_microcarpaj._60_5,Gay ,,,,species,,1012.0000203450521,1987.8594716389973,1206.8143208821614,2032.1207682291667,1.0,2.0
204,281,292.1181335449219,476.1988830566406,307.49383544921875,487.8046875,Gay,60,5,1,717,,Isatis,,,,author_60_5,,,,,1217.1588897705078,1984.1620127360027,1281.2243143717449,2032.51953125,1.0,2.0
205,282,242.39999389648438,486.6863098144531,281.4643859863281,497.30902099609375,subradiata,60,6,0,717,Isatis,Isatis,subradiata,Isatis_subradiata_60_6,Rupr. ,,,,species,,1009.9999745686849,2027.859624226888,1172.768274943034,2072.120920817057,1.0,2.0
206,283,282.9148254394531,485.7989196777344,305.2339782714844,497.40472412109375,Rupr.,60,6,1,717,,Isatis,,,,author_60_6,,,,,1178.811772664388,2024.1621653238933,1271.8082427978516,2072.5196838378906,1.0,2.0
207,284,242.8800048828125,495.3988952636719,274.1135559082031,507.00469970703125,tinctpria,60,7,0,717,Isatis,Isatis,tinctpria,Isatis_tinctpria_60_7,L. ,,,,species,,1012.0000203450521,2064.162063598633,1142.1398162841797,2112.5195821126304,1.0,2.0
208,285,279.00445556640625,495.3988952636719,286.95098876953125,507.00469970703125,L.,60,7,1,717,,Isatis,,,,author_60_7,,,,,1162.5185648600261,2064.162063598633,1195.6291198730469,2112.5195821126304,1.0,2.0
209,286,228.9600067138672,505.8863220214844,259.4612121582031,516.509033203125,Isnardia,61,0,0,717,Isnardia,Isnardia,,,,,,,genus,,954.0000279744467,2107.859675089518,1081.088383992513,2152.1209716796875,1.0,3.0
210,287,241.1999969482422,515.486328125,272.2679138183594,526.1090087890625,palustris,62,0,0,717,Isnardia,Isnardia,palustris,Isnardia_palustris_62_0,L. ,,,,species,,1004.9999872843424,2147.8597005208335,1134.4496409098308,2192.1208699544272,1.0,2.0
211,288,275.0270080566406,514.5989379882812,282.8705139160156,526.2047119140625,L.,62,0,1,717,,Isnardia,,,,author_62_0,,,,,1145.9458669026692,2144.1622416178384,1178.6271413167317,2192.5196329752603,1.0,2.0
212,290,227.75999450683594,558.5899658203125,261.6260070800781,571.9299926757812,Johrenia,64,0,0,717,Johrenia,Johrenia,,,,,,,genus,,948.9999771118164,2327.4581909179688,1090.108362833659,2383.0416361490884,1.0,3.0
213,291,242.39999389648438,568.5989379882812,262.9178161621094,580.2047119140625,aurea,65,0,0,717,Johrenia,Johrenia,aurea,Johrenia_aurea_65_0,Boiss. et Bal. ,,,,species,,1009.9999745686849,2369.1622416178384,1095.4909006754558,2417.5196329752603,1.0,2.0
214,292,266.62652587890625,568.5989379882812,287.8375549316406,580.2047119140625,Boiss.,65,0,1,717,,Johrenia,,,,author_65_0,,,,,1110.9438578287761,2369.1622416178384,1199.3231455485027,2417.5196329752603,1.0,2.0
215,293,292.0409851074219,568.5989379882812,298.57757568359375,580.2047119140625,et,65,0,2,717,,Johrenia,,,,author_65_0,,,,,1216.837437947591,2369.1622416178384,1244.0732320149739,2417.5196329752603,1.0,2.0
216,294,302.0384521484375,568.5989379882812,316.9501647949219,580.2047119140625,Bal.,65,0,3,717,,Johrenia,,,,author_65_0,,,,,1258.4935506184895,2369.1622416178384,1320.6256866455078,2417.5196329752603,1.0,2.0
217,295,242.16000366210938,577.9589233398438,281.6742248535156,589.564697265625,dichotoma,65,1,0,717,Johrenia,Johrenia,dichotoma,Johrenia_dichotoma_65_1,D.C. ,,,,species,,1009.0000152587891,2408.162180582682,1173.6426035563152,2456.519571940104,1.0,2.0
218,296,285.9582214355469,577.9589233398438,303.7493896484375,589.564697265625,D.C.,65,1,1,717,,Johrenia,,,,author_65_1,,,,,1191.4925893147786,2408.162180582682,1265.6224568684895,2456.519571940104,1.0,2.0
219,297,242.16000366210938,587.3189086914062,269.9613342285156,598.9246826171875,fungosa,65,2,0,717,Johrenia,Johrenia,fungosa,Johrenia_fungosa_65_2,Boiss. ,,,,species,,1009.0000152587891,2447.162119547526,1124.8388926188152,2495.5195109049478,1.0,2.0
220,298,274.37896728515625,587.3189086914062,295.5899963378906,598.9246826171875,Boiss.,65,2,1,717,,Johrenia,,,,author_65_2,,,,,1143.2456970214844,2447.162119547526,1231.624984741211,2495.5195109049478,1.0,2.0
221,299,240.47999572753906,598.2863159179688,264.47393798828125,608.9089965820312,juncea,65,3,0,717,Johrenia,Johrenia,juncea,Johrenia_juncea_65_3,Boiss. ,,,,species,,1001.9999821980795,2492.859649658203,1101.9747416178386,2537.120819091797,1.0,2.0
222,300,265.97845458984375,597.39892578125,287.1894836425781,609.0046997070312,Boiss.,65,3,1,717,,Johrenia,,,,author_65_3,,,,,1108.2435607910156,2489.1621907552085,1196.6228485107422,2537.5195821126304,1.0,2.0
223,343,395.2799987792969,355.77606201171875,406.88873291015625,362.4447326660156,een,79,0,0,717,,,,,,,,,,True,1646.999994913737,1482.4002583821614,1695.3697204589844,1510.1863861083984,1.0,4.0
0,3,39.84000015258789,43.39889907836914,65.31251525878906,55.004695892333984,porten,1,0,0,718,Johrenia,Johrenia,porten,Johrenia_porten_1_0,Post ,,,,species,,166.00000063578287,180.82874615987143,272.1354802449544,229.18623288472494,0.0,0.0
1,4,70.13813781738281,43.39889907836914,85.66059875488281,55.004695892333984,Post,1,0,1,718,,Johrenia,,,,author_1_0,,,,,292.2422409057617,180.82874615987143,356.9191614786784,229.18623288472494,0.0,0.0
2,5,39.84000015258789,52.92631149291992,74.84056091308594,63.54901123046875,tordylium,1,1,0,718,Johrenia,Johrenia,tordylium,Johrenia_tordylium_1_1,Fenzl ,,,,species,,166.00000063578287,220.52629788716635,311.8356704711914,264.7875467936198,0.0,0.0
3,6,76.2909164428711,52.03891372680664,97.13733673095703,63.644710540771484,Fenzl,1,1,1,718,,Johrenia,,,,author_1_1,,,,,317.8788185119629,216.82880719502768,404.7389030456543,265.18629391988117,0.0,0.0
4,7,39.84000015258789,61.15890884399414,61.101192474365234,72.76470947265625,westii,1,2,0,718,Johrenia,Johrenia,westii,Johrenia_westii_1_2,Post ,,,,species,,166.00000063578287,254.8287868499756,254.58830197652182,303.18628946940106,0.0,0.0
5,8,65.88192749023438,61.15890884399414,81.58187103271484,72.76470947265625,Post,1,2,1,718,,Johrenia,,,,author_1_2,,,,,274.5080312093099,254.8287868499756,339.92446263631183,303.18628946940106,0.0,0.0
6,9,25.440000534057617,71.23892211914062,52.18792724609375,82.8447265625,Juncus,2,0,0,718,Juncus,Juncus,,,,,,,genus,,106.00000222524007,296.82884216308594,217.44969685872397,345.1863606770833,0.0,1.0
7,10,39.84000015258789,80.35891723632812,71.54303741455078,91.9647216796875,aràbicus,3,0,0,718,Juncus,Juncus,aràbicus,Juncus_aràbicus_3_0,(Asch. et Schw.) Adams ,,,,species,,166.00000063578287,334.8288218180339,298.0959892272949,383.18634033203125,0.0,0.0
8,11,75.69851684570312,80.35891723632812,99.50082397460938,91.9647216796875,(Asch.,3,0,1,718,,Juncus,,,,author_3_0,,,,,315.4104868570964,334.8288218180339,414.5867665608724,383.18634033203125,0.0,0.0
9,12,103.13712310791016,80.35891723632812,109.76447296142578,91.9647216796875,et,3,0,2,718,,Juncus,,,,author_3_0,,,,,429.73801294962567,334.8288218180339,457.3519706726074,383.18634033203125,0.0,0.0
10,13,112.88056945800781,80.35891723632812,138.2362518310547,91.9647216796875,Schw.),3,0,3,718,,Juncus,,,,author_3_0,,,,,470.33570607503253,334.8288218180339,575.9843826293945,383.18634033203125,0.0,0.0
11,14,142.1310272216797,80.35891723632812,168.79461669921875,91.9647216796875,Adams,3,0,4,718,,Juncus,,,,author_3_0,,,,,592.2126134236654,334.8288218180339,703.3109029134115,383.18634033203125,0.0,0.0
12,15,39.84000015258789,90.84629821777344,72.28764343261719,101.468994140625,maritimus,3,1,0,718,Juncus,Juncus,maritimus,Juncus_maritimus_3_1,Lam. ,,,,species,,166.00000063578287,378.52624257405597,301.1985143025716,422.7874755859375,0.0,0.0
13,16,78.00776672363281,89.95889282226562,97.52649688720703,101.564697265625,Lam.,3,1,1,718,,Juncus,,,,author_3_1,,,,,325.03236134847003,374.82872009277344,406.360403696696,423.1862386067708,0.0,0.0
14,17,25.920000076293945,100.68632507324219,56.083091735839844,111.30902099609375,Jussiaea-,4,0,0,718,Jussiaea-,Jussiaea-,,,,,,,genus,,108.00000031789143,419.52635447184247,233.67954889933267,463.78758748372394,0.0,1.0
15,18,39.84000015258789,110.28630065917969,60.946720123291016,120.90899658203125,repens,5,0,0,718,Jussiaea-,Jussiaea-,repens,Jussiaea-_repens_5_0,L. ,,,,species,,166.00000063578287,459.52625274658203,253.94466718037924,503.78748575846356,0.0,0.0
16,19,64.8660888671875,109.39889526367188,72.08211517333984,121.00469970703125,L.,5,0,1,718,,Jussiaea-,,,,author_5_0,,,,,270.27537027994794,455.8287302652995,300.3421465555827,504.1862487792969,0.0,0.0
17,20,39.599998474121094,120.12629699707031,78.60550689697266,130.74899291992188,stolonifera,5,1,0,718,Jussiaea-,Jussiaea-,stolonifera,Jussiaea-_stolonifera_5_1,Guill. et Perr. ,,,,species,,164.99999364217123,500.52623748779297,327.52294540405273,544.7874704996744,0.0,0.0
18,21,81.44625091552734,119.2388916015625,103.19713592529297,130.84469604492188,Guill.,5,1,1,718,,Jussiaea-,,,,author_5_1,,,,,339.35937881469727,496.82871500651044,429.9880663553874,545.1862335205078,0.0,0.0
19,22,106.03783416748047,119.2388916015625,112.62438201904297,130.84469604492188,et,5,1,2,718,,Jussiaea-,,,,author_5_1,,,,,441.82430903116864,496.82871500651044,469.268258412679,545.1862335205078,0.0,0.0
20,23,115.29882049560547,119.2388916015625,133.34996032714844,130.84469604492188,Perr.,5,1,3,718,,Jussiaea-,,,,author_5_1,,,,,480.41175206502277,496.82871500651044,555.6248346964518,545.1862335205078,0.0,0.0
21,24,112.08000183105469,147.877197265625,120.26512145996094,159.92669677734375,K.,6,0,0,718,,,,,,,,,,True,467.00000762939453,616.1549886067709,501.1046727498372,666.3612365722656,0.0,2.0
22,25,25.68000030517578,164.2863006591797,73.23250579833984,174.90899658203125,Keramocarpus,7,0,0,718,Keramocarpus,Keramocarpus,,,,,,,genus,,107.00000127156575,684.526252746582,305.135440826416,728.7874857584635,0.0,1.0
23,26,39.599998474121094,175.56629943847656,70.38921356201172,186.18899536132812,tordylium,8,0,0,718,Keramocarpus,Keramocarpus,tordylium,Keramocarpus_tordylium_8_0,Fenzl ,,,,species,,164.99999364217123,731.526247660319,293.2883898417155,775.7874806722006,0.0,0.0
24,27,76.41250610351562,174.67889404296875,96.39920806884766,186.28469848632812,Fenzl,8,0,1,718,,Keramocarpus,,,,author_8_0,,,,,318.38544209798175,727.8287251790365,401.6633669535319,776.1862436930338,0.0,0.0
25,28,26.15999984741211,184.51889038085938,63.96813201904297,196.12469482421875,Kitaibelia,9,0,0,718,Kitaibelia,Kitaibelia,,,,,,,genus,,108.99999936421712,768.8287099202474,266.533883412679,817.1862284342448,0.0,1.0
26,29,39.599998474121094,194.59890747070312,72.00957489013672,206.2047119140625,balansae,10,0,0,718,Kitaibelia,Kitaibelia,balansae,Kitaibelia_balansae_10_0,Boiss. ,,,,species,,164.99999364217123,810.8287811279297,300.03989537556964,859.1862996419271,0.0,0.0
27,30,76.1395492553711,194.59890747070312,97.35055541992188,206.2047119140625,Boiss.,10,0,1,718,,Kitaibelia,,,,author_10_0,,,,,317.2481218973796,810.8287811279297,405.6273142496745,859.1862996419271,0.0,0.0
28,31,25.68000030517578,205.32630920410156,53.389503479003906,215.94900512695312,Koeleria,11,0,0,718,Koeleria,Koeleria,,,,,,,genus,,107.00000127156575,855.5262883504232,222.4562644958496,899.7875213623047,0.0,1.0
29,32,38.15999984741211,214.20631408691406,72.65656280517578,224.82901000976562,phleoides,12,0,0,718,Koeleria,Koeleria,phleoides,Koeleria_phleoides_12_0,(Vili.) Pers. ,,,,species,,158.99999936421713,892.5263086954752,302.7356783548991,936.7875417073568,0.0,0.0
30,33,75.45907592773438,213.31890869140625,98.08650207519531,224.92471313476562,(Vili.),12,0,1,718,,Koeleria,,,,author_12_0,,,,,314.4128163655599,888.8287862141927,408.69375864664715,937.1863047281901,0.0,0.0
31,34,100.88844299316406,213.31890869140625,119.19173431396484,224.92471313476562,Pers.,12,0,2,718,,Koeleria,,,,author_12_0,,,,,420.3685124715169,888.8287862141927,496.63222630818683,937.1863047281901,0.0,0.0
32,36,25.440000534057617,225.0063018798828,69.0004653930664,235.62899780273438,Kohlrauschia,13,1,0,718,Kohlrauschia,Kohlrauschia,,,,,,,genus,,106.00000222524007,937.5262578328451,287.5019391377767,981.7874908447266,0.0,1.0
33,37,39.36000061035156,234.36631774902344,67.9520263671875,244.989013671875,velutina,14,0,0,718,Kohlrauschia,Kohlrauschia,velutina,Kohlrauschia_velutina_14_0,(Guss.) Reichenb. ,,,,species,,164.0000025431315,976.5263239542643,283.13344319661456,1020.7875569661459,0.0,0.0
34,38,71.98307037353516,233.47891235351562,97.69441986083984,245.084716796875,(Guss.),14,0,1,718,,Kohlrauschia,,,,author_14_0,,,,,299.9294598897298,972.8288014729818,407.06008275349933,1021.1863199869791,0.0,0.0
35,39,101.54185485839844,233.47891235351562,139.83154296875,245.084716796875,Reichenb.,14,0,2,718,,Kohlrauschia,,,,author_14_0,,,,,423.09106190999347,972.8288014729818,582.6314290364584,1021.1863199869791,0.0,0.0
36,40,25.68000030517578,243.2462921142578,49.24024963378906,253.86898803710938,Koniga,15,0,0,718,Koniga,Koniga,,,,,,,genus,,107.00000127156575,1013.5262171427408,205.16770680745444,1057.7874501546223,0.0,1.0
37,41,39.36000061035156,252.84629821777344,71.90095520019531,263.468994140625,maritima,16,0,0,718,Koniga,Koniga,maritima,Koniga_maritima_16_0,(L.) R. Br. ,,,,species,,164.0000025431315,1053.526242574056,299.58731333414715,1097.7874755859375,0.0,0.0
38,42,76.0033950805664,251.95889282226562,89.78044128417969,263.564697265625,(L.),16,0,1,718,,Koniga,,,,author_16_0,,,,,316.68081283569336,1049.8287200927734,374.08517201741535,1098.1862386067708,0.0,0.0
39,43,93.66664123535156,251.95889282226562,101.9468994140625,263.564697265625,R.,16,0,2,718,,Koniga,,,,author_16_0,,,,,390.27767181396484,1049.8287200927734,424.77874755859375,1098.1862386067708,0.0,0.0
40,44,105.61685943603516,251.95889282226562,116.79095458984375,263.564697265625,Br.,16,0,3,718,,Koniga,,,,author_16_0,,,,,440.0702476501465,1049.8287200927734,486.6289774576823,1098.1862386067708,0.0,0.0
41,45,25.68000030517578,262.4462890625,52.791996002197266,273.0690002441406,Krubera,17,0,0,718,Krubera,Krubera,,,,,,,genus,,107.00000127156575,1093.5262044270833,219.96665000915527,1137.7875010172527,0.0,1.0
42,46,37.91999816894531,272.0462951660156,72.9190444946289,282.66900634765625,peregrina,18,0,0,718,Krubera,Krubera,peregrina,Krubera_peregrina_18_0,(L.) Boiss. ,,,,species,,157.99999237060547,1133.5262298583984,303.8293520609538,1177.7875264485676,0.0,0.0
43,47,75.47312927246094,271.1589050292969,89.25016784667969,282.76470947265625,(L.),18,0,1,718,,Krubera,,,,author_18_0,,,,,314.4713719685872,1129.8287709554036,371.87569936116535,1178.1862894694011,0.0,0.0
44,48,91.53496551513672,271.1589050292969,112.9499740600586,282.76470947265625,Boiss.,18,0,2,718,,Krubera,,,,author_18_0,,,,,381.395689646403,1129.8287709554036,470.6248919169108,1178.1862894694011,0.0,0.0
45,50,25.440000534057617,314.8388977050781,59.334083557128906,326.4447021484375,Lagoecia,20,0,0,718,Lagoecia,Lagoecia,,,,,,,genus,,106.00000222524007,1311.8287404378254,247.22534815470377,1360.186258951823,0.0,1.0
46,51,38.880001068115234,324.43890380859375,81.37696838378906,336.0447082519531,cumihoides,21,0,0,718,Lagoecia,Lagoecia,cumihoides,Lagoecia_cumihoides_21_0,L. ,,,,species,,162.00000445048013,1351.8287658691406,339.0707015991211,1400.186284383138,0.0,0.0
47,52,86.77889251708984,324.43890380859375,94.7101058959961,336.0447082519531,L.,21,0,1,718,,Lagoecia,,,,author_21_0,,,,,361.5787188212077,1351.8287658691406,394.6254412333171,1400.186284383138,0.0,0.0
48,53,25.200000762939453,334.0389099121094,77.4836654663086,345.64471435546875,Lagonychium,22,0,0,718,Lagonychium,Lagonychium,,,,,,,genus,,105.00000317891438,1391.8287913004558,322.84860610961914,1440.1863098144531,0.0,1.0
49,54,38.63999938964844,343.6388854980469,67.67021942138672,355.24468994140625,farctum,23,0,0,718,Lagonychium,Lagonychium,farctum,Lagonychium_farctum_23_0,(Banks et Sol.) Bobr. ,,,,species,,160.9999974568685,1431.8286895751953,281.9592475891113,1480.1862080891926,0.0,0.0
50,55,72.50603485107422,343.6388854980469,97.66138458251953,355.24468994140625,(Banks,23,0,1,718,,Lagonychium,,,,author_23_0,,,,,302.1084785461426,1431.8286895751953,406.92243576049805,1480.1862080891926,0.0,0.0
51,56,101.69140625,343.6388854980469,108.22491455078125,355.24468994140625,et,23,0,2,718,,Lagonychium,,,,author_23_0,,,,,423.7141927083333,1431.8286895751953,450.93714396158856,1480.1862080891926,0.0,0.0
52,57,111.98635864257812,343.6388854980469,129.36378479003906,355.24468994140625,Sol.),23,0,3,718,,Lagonychium,,,,author_23_0,,,,,466.6098276774089,1431.8286895751953,539.0157699584961,1480.1862080891926,0.0,0.0
53,58,133.93032836914062,343.6388854980469,154.4721221923828,355.24468994140625,Bobr.,23,0,4,718,,Lagonychium,,,,author_23_0,,,,,558.0430348714193,1431.8286895751953,643.6338424682617,1480.1862080891926,0.0,0.0
54,59,24.959999084472656,354.3663024902344,42.99492263793945,364.989013671875,Laser,24,0,0,718,Laser,Laser,,,,,,,genus,,103.99999618530273,1476.5262603759766,179.1455109914144,1520.7875569661458,0.0,1.0
55,60,38.63999938964844,363.7262878417969,69.64492797851562,374.3489990234375,trilobum,25,0,0,718,Laser,Laser,trilobum,Laser_trilobum_25_0,(L.) Borkh. ,,,,species,,160.9999974568685,1515.5261993408203,290.18719991048175,1559.7874959309895,0.0,0.0
56,61,72.89159393310547,362.8388977050781,86.66864013671875,374.4447021484375,(L.),25,0,1,718,,Laser,,,,author_25_0,,,,,303.71497472127277,1511.8287404378254,361.1193339029948,1560.186258951823,0.0,0.0
57,62,89.91529846191406,362.8388977050781,114.86959075927734,374.4447021484375,Borkh.,25,0,2,718,,Laser,,,,author_25_0,,,,,374.6470769246419,1511.8287404378254,478.62329483032227,1560.186258951823,0.0,0.0
58,63,25.200000762939453,372.43890380859375,70.80123901367188,384.0447082519531,Laserpitium,26,0,0,718,Laserpitium,Laserpitium,,,,,,,genus,,105.00000317891438,1551.8287658691406,295.0051625569661,1600.186284383138,0.0,1.0
59,64,38.400001525878906,382.0389099121094,71.00613403320312,393.64471435546875,glaucum,27,0,0,718,Laserpitium,Laserpitium,glaucum,Laserpitium_glaucum_27_0,Post ,,,,species,,160.00000635782877,1591.8287913004558,295.858891805013,1640.1863098144531,0.0,0.0
60,65,75.48189544677734,382.0389099121094,91.18183898925781,393.64471435546875,Post,27,0,1,718,,Laserpitium,,,,author_27_0,,,,,314.5078976949056,1591.8287913004558,379.92432912190753,1640.1863098144531,0.0,0.0
61,66,38.63999938964844,392.7662658691406,65.91407012939453,403.38897705078125,trilobum,27,1,0,718,Laserpitium,Laserpitium,trilobum,Laserpitium_trilobum_27_1,L. ,,,,species,,160.9999974568685,1636.526107788086,274.64195887247723,1680.7874043782551,0.0,0.0
62,67,71.64524841308594,391.8788757324219,78.80121612548828,403.48468017578125,L.,27,1,1,718,,Laserpitium,,,,author_27_1,,,,,298.5218683878581,1632.828648885091,328.33840052286786,1681.1861673990886,0.0,0.0
63,68,24.959999084472656,401.2388916015625,58.95608139038086,412.8446960449219,Lathyrus,28,0,0,718,Lathyrus,Lathyrus,,,,,,,genus,,103.99999618530273,1671.8287150065105,245.6503391265869,1720.1862335205078,0.0,1.0
64,69,38.400001525878906,411.4862976074219,66.54493713378906,422.1090087890625,amoenus,29,0,0,718,Lathyrus,Lathyrus,amoenus,Lathyrus_amoenus_29_0,Fenzl ,,,,species,,160.00000635782877,1714.5262400309246,277.2705713907878,1758.7875366210938,0.0,0.0
65,70,71.64389038085938,410.5989074707031,91.84056091308594,422.2047119140625,Fenzl,29,0,1,718,,Lathyrus,,,,author_29_0,,,,,298.5162099202474,1710.8287811279297,382.6690038045247,1759.186299641927,0.0,0.0
66,71,38.63999938964844,420.1988830566406,65.57014465332031,431.8046875,annuus,29,1,0,718,Lathyrus,Lathyrus,annuus,Lathyrus_annuus_29_1,L. ,,,,species,,160.9999974568685,1750.8286794026692,273.2089360555013,1799.1861979166667,0.0,0.0
67,72,70.44676971435547,420.1988830566406,78.30249786376953,431.8046875,L.,29,1,1,718,,Lathyrus,,,,author_29_1,,,,,293.52820714314777,1750.8286794026692,326.26040776570636,1799.1861979166667,0.0,0.0
68,74,38.63999938964844,429.7989196777344,65.22752380371094,441.40472412109375,aphaca,30,0,0,718,Lathyrus,Lathyrus,aphaca,Lathyrus_aphaca_30_0,L. ,,,,species,,160.9999974568685,1790.8288319905598,271.7813491821289,1839.1863505045574,0.0,0.0
69,75,69.20858001708984,429.7989196777344,77.7864761352539,441.40472412109375,L.,30,0,1,718,,Lathyrus,,,,author_30_0,,,,,288.369083404541,1790.8288319905598,324.1103172302246,1839.1863505045574,0.0,0.0
70,78,38.63999938964844,439.3988952636719,75.218017578125,451.00469970703125,basalticus,31,0,0,718,Lathyrus,Lathyrus,basalticus,Lathyrus_basalticus_31_0,Rech. fil. ,,,,species,,160.9999974568685,1830.8287302652996,313.4084065755208,1879.1862487792969,0.0,0.0
71,79,78.47692108154297,439.3988952636719,100.35132598876953,451.00469970703125,Rech.,31,0,1,718,,Lathyrus,,,,author_31_0,,,,,326.9871711730957,1830.8287302652996,418.13052495320636,1879.1862487792969,0.0,0.0
72,80,103.72650146484375,439.3988952636719,114.62958526611328,451.00469970703125,fil.,31,0,2,718,,Lathyrus,,,,author_31_0,,,,,432.1937561035156,1830.8287302652996,477.6232719421387,1879.1862487792969,0.0,0.0
73,81,38.400001525878906,449.2388916015625,94.63249969482422,460.8446960449219,blepharicarpus,31,1,0,718,Lathyrus,Lathyrus,blepharicarpus,Lathyrus_blepharicarpus_31_1,Boiss. ,,,,species,,160.00000635782877,1871.8287150065105,394.3020820617676,1920.1862335205078,0.0,0.0
74,82,99.21434020996094,449.2388916015625,120.62934875488281,460.8446960449219,Boiss.,31,1,1,718,,Lathyrus,,,,author_31_1,,,,,413.3930842081706,1871.8287150065105,502.6222864786784,1920.1862335205078,0.0,0.0
75,83,38.400001525878906,459.0788879394531,63.350318908691406,470.6846923828125,cassius,31,2,0,718,Lathyrus,Lathyrus,cassius,Lathyrus_cassius_31_2,Boiss. ,,,,species,,160.00000635782877,1912.8286997477214,263.95966211954754,1961.1862182617188,0.0,0.0
76,84,66.77955627441406,459.0788879394531,87.99056243896484,470.6846923828125,Boiss.,31,2,1,718,,Lathyrus,,,,author_31_2,,,,,278.2481511433919,1912.8286997477214,366.62734349568683,1961.1862182617188,0.0,0.0
77,85,38.400001525878906,468.1988830566406,83.40230560302734,479.8046875,chrysanthus,31,3,0,718,Lathyrus,Lathyrus,chrysanthus,Lathyrus_chrysanthus_31_3,Boiss. ,,,,species,,160.00000635782877,1950.8286794026692,347.5096066792806,1999.1861979166667,0.0,0.0
78,86,87.65978240966797,468.1988830566406,108.87078857421875,479.8046875,Boiss.,31,3,1,718,,Lathyrus,,,,author_31_3,,,,,365.2490933736165,1950.8286794026692,453.62828572591144,1999.1861979166667,0.0,0.0
79,87,38.400001525878906,478.2789001464844,60.286041259765625,489.88470458984375,cicera,31,4,0,718,Lathyrus,Lathyrus,cicera,Lathyrus_cicera_31_4,L. ,,,,species,,160.00000635782877,1992.8287506103516,251.19183858235678,2041.1862691243489,0.0,0.0
80,88,64.77506256103516,478.2789001464844,72.62977600097656,489.88470458984375,L.,31,4,1,718,,Lathyrus,,,,author_31_4,,,,,269.89609400431317,1992.8287506103516,302.62406667073566,2041.1862691243489,0.0,0.0
81,89,38.15999984741211,488.5262756347656,64.43305969238281,499.14898681640625,ciliatus,31,5,0,718,Lathyrus,Lathyrus,ciliatus,Lathyrus_ciliatus_31_5,Guss. ,,,,species,,158.99999936421713,2035.5261484781902,268.47108205159503,2079.7874450683594,0.0,0.0
82,90,65.88301849365234,487.6388854980469,86.28804016113281,499.24468994140625,Guss.,31,5,1,718,,Lathyrus,,,,author_31_5,,,,,274.51257705688477,2031.8286895751953,359.5335006713867,2080.186208089193,0.0,0.0
83,91,38.400001525878906,496.9989013671875,72.17108154296875,508.6047058105469,ciliolatus,31,6,0,718,Lathyrus,Lathyrus,ciliolatus,Lathyrus_ciliolatus_31_6,Sam. ,,,,species,,160.00000635782877,2070.8287556966147,300.7128397623698,2119.186274210612,0.0,0.0
84,92,77.04667663574219,496.9989013671875,95.90912628173828,508.6047058105469,Sam.,31,6,1,718,,Lathyrus,,,,author_31_6,,,,,321.02781931559247,2070.8287556966147,399.62135950724286,2119.186274210612,0.0,0.0
85,93,37.91999816894531,507.4862976074219,70.01551818847656,518.1090087890625,clymenum,31,7,0,718,Lathyrus,Lathyrus,clymenum,Lathyrus_clymenum_31_7,L. ,,,,species,,157.99999237060547,2114.5262400309243,291.73132578531903,2158.7875366210938,0.0,0.0
86,94,74.48491668701172,506.5989074707031,82.16680145263672,518.2047119140625,L.,31,7,1,718,,Lathyrus,,,,author_31_7,,,,,310.3538195292155,2110.8287811279297,342.36167271931964,2159.1862996419272,0.0,0.0
87,95,38.15999984741211,516.6788940429688,70.85253143310547,528.28466796875,digitatus,31,8,0,718,Lathyrus,Lathyrus,digitatus,Lathyrus_digitatus_31_8,(Bieb.) Fîori ,,,,species,,158.99999936421713,2152.8287251790366,295.21888097127277,2201.1861165364585,0.0,0.0
88,96,76.3992919921875,516.6788940429688,101.15621948242188,528.28466796875,(Bieb.),31,8,1,718,,Lathyrus,,,,author_31_8,,,,,318.33038330078125,2152.8287251790366,421.4842478434245,2201.1861165364585,0.0,0.0
89,97,106.70299530029297,516.6788940429688,124.77449798583984,528.28466796875,Fîori,31,8,2,718,,Lathyrus,,,,author_31_8,,,,,444.5958137512207,2152.8287251790366,519.893741607666,2201.1861165364585,0.0,0.0
90,98,38.15999984741211,527.1663208007812,72.67098236083984,537.7890014648438,elongatus,31,9,0,718,Lathyrus,Lathyrus,elongatus,Lathyrus_elongatus_31_9,(Bornm.) Sirj. ,,,,species,,158.99999936421713,2196.526336669922,302.7957598368327,2240.7875061035156,0.0,0.0
91,99,76.89786529541016,526.2789306640625,110.29961395263672,537.8847045898438,(Bornm.),31,9,1,718,,Lathyrus,,,,author_31_9,,,,,320.407772064209,2192.8288777669272,459.581724802653,2241.186269124349,0.0,0.0
92,100,114.73763275146484,526.2789306640625,130.3135528564453,537.8847045898438,Sirj.,31,9,2,718,,Lathyrus,,,,author_31_9,,,,,478.0734697977702,2192.8288777669272,542.9731369018555,2241.186269124349,0.0,0.0
93,102,38.15999984741211,535.87890625,64.52129364013672,547.4846801757812,erectus,32,0,0,718,Lathyrus,Lathyrus,erectus,Lathyrus_erectus_32_0,Lagr. ,,,,species,,158.99999936421713,2232.8287760416665,268.83872350056964,2281.1861673990884,0.0,0.0
94,103,68.98880767822266,535.87890625,89.68216705322266,547.4846801757812,Lagr.,32,0,1,718,,Lathyrus,,,,author_32_0,,,,,287.45336532592773,2232.8287760416665,373.6756960550944,2281.1861673990884,0.0,0.0
95,104,38.15999984741211,545.4789428710938,81.20428466796875,557.084716796875,gleosperma,32,1,0,718,Lathyrus,Lathyrus,gleosperma,Lathyrus_gleosperma_32_1,Warb. et Eig ,,,,species,,158.99999936421713,2272.828928629557,338.35118611653644,2321.186319986979,0.0,0.0
96,105,85.27713775634766,545.4789428710938,109.53038787841797,557.084716796875,Warb.,32,1,1,718,,Lathyrus,,,,author_32_1,,,,,355.32140731811523,2272.828928629557,456.3766161600749,2321.186319986979,0.0,0.0
97,106,114.11222839355469,545.4789428710938,120.79364013671875,557.084716796875,et,32,1,2,718,,Lathyrus,,,,author_32_1,,,,,475.46761830647785,2272.828928629557,503.3068339029948,2321.186319986979,0.0,0.0
98,107,124.86650085449219,545.4789428710938,137.44952392578125,557.084716796875,Eig,32,1,3,718,,Lathyrus,,,,author_32_1,,,,,520.2770868937174,2272.828928629557,572.7063496907552,2321.186319986979,0.0,0.0
99,108,38.15999984741211,555.0789184570312,69.23358917236328,566.6846923828125,gorgonii,32,2,0,718,Lathyrus,Lathyrus,gorgonii,Lathyrus_gorgonii_32_2,Pari. ,,,,species,,158.99999936421713,2312.828826904297,288.47328821818036,2361.1862182617188,0.0,0.0
100,109,73.8661880493164,555.0789184570312,92.06916809082031,566.6846923828125,Pari.,32,2,1,718,,Lathyrus,,,,author_32_2,,,,,307.77578353881836,2312.828826904297,383.6215337117513,2361.1862182617188,0.0,0.0
101,110,37.439998626708984,565.5663452148438,82.44930267333984,576.1890258789062,grandiflorus,32,3,0,718,Lathyrus,Lathyrus,grandiflorus,Lathyrus_grandiflorus_32_3,Sibth. et Smith ,,,,species,,155.9999942779541,2356.526438395182,343.538761138916,2400.787607828776,0.0,0.0
102,111,84.76164245605469,564.678955078125,107.17042541503906,576.2847290039062,Sibth.,32,3,1,718,,Lathyrus,,,,author_32_3,,,,,353.1735102335612,2352.8289794921875,446.5434392293294,2401.1863708496094,0.0,0.0
103,112,109.63677978515625,564.678955078125,116.26616668701172,576.2847290039062,et,32,3,2,718,,Lathyrus,,,,author_32_3,,,,,456.8199157714844,2352.8289794921875,484.44236119588214,2401.1863708496094,0.0,0.0
104,113,118.42448425292969,564.678955078125,140.69415283203125,576.2847290039062,Smith,32,3,3,718,,Lathyrus,,,,author_32_3,,,,,493.4353510538737,2352.8289794921875,586.2256368001302,2401.1863708496094,0.0,0.0
105,114,37.91999816894531,574.0389404296875,102.15888977050781,585.6447143554688,hierosolymitanus,32,4,0,718,Lathyrus,Lathyrus,hierosolymitanus,Lathyrus_hierosolymitanus_32_4,Boiss. ,,,,species,,157.99999237060547,2391.8289184570312,425.6620407104492,2440.186309814453,0.0,0.0
106,115,106.8947525024414,574.0389404296875,128.3097686767578,585.6447143554688,Boiss.,32,4,1,718,,Lathyrus,,,,author_32_4,,,,,445.39480209350586,2391.8289184570312,534.6240361531576,2440.186309814453,0.0,0.0
107,116,37.91999816894531,583.87890625,67.78753662109375,595.4846801757812,hirsutus,32,5,0,718,Lathyrus,Lathyrus,hirsutus,Lathyrus_hirsutus_32_5,L. ,,,,species,,157.99999237060547,2432.8287760416665,282.4480692545573,2481.1861673990884,0.0,0.0
108,117,72.8202133178711,583.87890625,80.7891616821289,595.4846801757812,L.,32,5,1,718,,Lathyrus,,,,author_32_5,,,,,303.4175554911296,2432.8287760416665,336.6215070088704,2481.1861673990884,0.0,0.0
109,118,37.439998626708984,592.9989013671875,75.8576889038086,604.6046752929688,hispidulus,32,6,0,718,Lathyrus,Lathyrus,hispidulus,Lathyrus_hispidulus_32_6,Boiss. ,,,,species,,155.9999942779541,2470.8287556966147,316.07370376586914,2519.1861470540366,0.0,0.0
110,119,81.6594467163086,592.9989013671875,102.87045288085938,604.6046752929688,Boiss.,32,6,1,718,,Lathyrus,,,,author_32_6,,,,,340.2476946512858,2470.8287556966147,428.62688700358075,2519.1861470540366,0.0,0.0
111,137,192.0,223.98301696777344,205.81764221191406,232.53001403808594,cno,37,6,0,718,,,,,,,,,,,800.0,933.262570699056,857.5735092163086,968.8750584920248,0.0,3.0
112,189,245.27999877929688,43.56632614135742,287.0559997558594,54.18902587890625,inconspicuus,47,0,0,718,Lathyrus,Lathyrus,inconspicuus,Lathyrus_inconspicuus_47_0,L. ,,,,species,,1021.9999949137369,181.5263589223226,1196.066665649414,225.78760782877603,1.0,4.0
113,190,290.2264404296875,42.67892837524414,297.4424743652344,54.284725189208984,L.,47,0,1,718,,Lathyrus,,,,author_47_0,,,,,1209.276835123698,177.82886823018393,1239.3436431884766,226.18635495503744,1.0,4.0
114,191,245.0399932861328,52.03891372680664,272.6412048339844,63.644710540771484,inermis,47,1,0,718,Lathyrus,Lathyrus,inermis,Lathyrus_inermis_47_1,Rochel ,,,,species,,1020.9999720255533,216.82880719502768,1136.0050201416016,265.18629391988117,1.0,4.0
115,192,276.0357360839844,52.03891372680664,302.4609375,63.644710540771484,Rochel,47,1,1,718,,Lathyrus,,,,author_47_1,,,,,1150.1489003499348,216.82880719502768,1260.25390625,265.18629391988117,1.0,4.0
116,194,245.27999877929688,62.52628707885742,279.7862548828125,73.14898681640625,laxiflorus,48,0,0,718,Lathyrus,Lathyrus,laxiflorus,Lathyrus_laxiflorus_48_0,(Desf.) O. Kuntze ,,,,species,,1021.9999949137369,260.52619616190594,1165.7760620117188,304.7874450683594,1.0,4.0
117,195,283.31646728515625,61.63888931274414,307.23223876953125,73.24468994140625,(Desf.),48,0,1,718,,Lathyrus,,,,author_48_0,,,,,1180.4852803548176,256.82870546976727,1280.1343282063801,305.1862080891927,1.0,4.0
118,196,310.947998046875,61.63888931274414,320.2938232421875,73.24468994140625,O.,48,0,2,718,,Lathyrus,,,,author_48_0,,,,,1295.6166585286458,256.82870546976727,1334.557596842448,305.1862080891927,1.0,4.0
119,197,323.63739013671875,61.63888931274414,351.13720703125,73.24468994140625,Kuntze,48,0,3,718,,Lathyrus,,,,author_48_0,,,,,1348.4891255696614,256.82870546976727,1463.0716959635417,305.1862080891927,1.0,4.0
120,198,245.27999877929688,71.23892211914062,266.576171875,82.8447265625,libani,48,1,0,718,Lathyrus,Lathyrus,libani,Lathyrus_libani_48_1,Fritsch ,,,,species,,1021.9999949137369,296.82884216308594,1110.7340494791667,345.1863606770833,1.0,4.0
121,199,271.49871826171875,71.23892211914062,297.1726989746094,82.8447265625,Fritsch,48,1,1,718,,Lathyrus,,,,author_48_1,,,,,1131.2446594238281,296.82884216308594,1238.2195790608723,345.1863606770833,1.0,4.0
122,200,245.0399932861328,80.83889770507812,290.6532287597656,92.4447021484375,marmoratus,48,2,0,718,Lathyrus,Lathyrus,marmoratus,Lathyrus_marmoratus_48_2,Boiss. et Bl. ,,,,species,,1020.9999720255533,336.8287404378255,1211.0551198323567,385.18625895182294,1.0,4.0
123,201,294.3843994140625,80.83889770507812,315.7994384765625,92.4447021484375,Boiss.,48,2,1,718,,Lathyrus,,,,author_48_2,,,,,1226.6016642252605,336.8287404378255,1315.8309936523438,385.18625895182294,1.0,4.0
124,202,320.2772521972656,80.83889770507812,326.81689453125,92.4447021484375,et,48,2,2,718,,Lathyrus,,,,author_48_2,,,,,1334.4885508219402,336.8287404378255,1361.737060546875,385.18625895182294,1.0,4.0
125,203,330.29998779296875,80.83889770507812,340.94622802734375,92.4447021484375,Bl.,48,2,3,718,,Lathyrus,,,,author_48_2,,,,,1376.2499491373699,336.8287404378255,1420.6092834472656,385.18625895182294,1.0,4.0
126,204,245.0399932861328,90.43887329101562,263.7901306152344,102.044677734375,niger,48,3,0,718,Lathyrus,Lathyrus,niger,Lathyrus_niger_48_3,(L.) Bernh. ,,,,species,,1020.9999720255533,376.8286387125651,1099.1255442301433,425.1861572265625,1.0,4.0
127,205,268.735107421875,90.43887329101562,282.3346862792969,102.044677734375,(L.),48,3,1,718,,Lathyrus,,,,author_48_3,,,,,1119.7296142578125,376.8286387125651,1176.394526163737,425.1861572265625,1.0,4.0
128,206,287.2796630859375,90.43887329101562,312.150146484375,102.044677734375,Bernh.,48,3,2,718,,Lathyrus,,,,author_48_3,,,,,1196.9985961914062,376.8286387125651,1300.6256103515625,425.1861572265625,1.0,4.0
129,207,245.0399932861328,100.03890991210938,272.05181884765625,111.64471435546875,nissolia,48,4,0,718,Lathyrus,Lathyrus,nissolia,Lathyrus_nissolia_48_4,L. ,,,,species,,1020.9999720255533,416.82879130045575,1133.5492451985676,465.1863098144531,1.0,4.0
130,208,276.7734069824219,100.03890991210938,284.5495910644531,111.64471435546875,L.,48,4,1,718,,Lathyrus,,,,author_48_4,,,,,1153.2225290934246,416.82879130045575,1185.623296101888,465.1863098144531,1.0,4.0
131,209,245.0399932861328,109.39889526367188,269.5191955566406,121.00469970703125,ochrus,48,5,0,718,Lathyrus,Lathyrus,ochrus,Lathyrus_ochrus_48_5,L. ,,,,species,,1020.9999720255533,455.8287302652995,1122.9966481526692,504.1862487792969,1.0,4.0
132,210,274.0439147949219,109.39889526367188,281.90985107421875,121.00469970703125,L.,48,5,1,718,,Lathyrus,,,,author_48_5,,,,,1141.849644978841,455.8287302652995,1174.6243794759114,504.1862487792969,1.0,4.0
133,211,244.0800018310547,120.12629699707031,283.0280456542969,130.74899291992188,polyanthus,48,6,0,718,Lathyrus,Lathyrus,polyanthus,Lathyrus_polyanthus_48_6,Boiss. et Bl. ,,,,species,,1017.0000076293945,500.52623748779297,1179.2835235595703,544.7874704996744,1.0,4.0
134,212,285.0292663574219,119.2388916015625,306.0413513183594,130.84469604492188,Boiss.,48,6,1,718,,Lathyrus,,,,author_48_6,,,,,1187.6219431559246,496.82871500651044,1275.1722971598308,545.1862335205078,1.0,4.0
135,213,308.5046691894531,119.2388916015625,314.8658142089844,130.84469604492188,et,48,6,2,718,,Lathyrus,,,,author_48_6,,,,,1285.4361216227214,496.82871500651044,1311.9408925374348,545.1862335205078,1.0,4.0
136,214,316.8670654296875,119.2388916015625,327.2695617675781,130.84469604492188,Bl.,48,6,3,718,,Lathyrus,,,,author_48_6,,,,,1320.2794392903645,496.82871500651044,1363.6231740315754,545.1862335205078,1.0,4.0
137,215,245.0399932861328,128.83889770507812,278.0558776855469,140.4447021484375,pratensis,48,7,0,718,Lathyrus,Lathyrus,pratensis,Lathyrus_pratensis_48_7,,,,,species,,1020.9999720255533,536.8287404378256,1158.566157023112,585.1862589518229,1.0,4.0
138,223,245.0399932861328,138.91888427734375,293.1687316894531,150.52468872070312,pseudocicera,49,0,0,718,Lathyrus,Lathyrus,pseudocicera,Lathyrus_pseudocicera_49_0,Pampanini ,,,,species,,1020.9999720255533,578.8286844889323,1221.536382039388,627.1862030029297,1.0,4.0
139,224,300.4576721191406,138.91888427734375,341.2522277832031,150.52468872070312,Pampanini,49,0,1,718,,Lathyrus,,,,author_49_0,,,,,1251.906967163086,578.8286844889323,1421.884282430013,627.1862030029297,1.0,4.0
140,225,245.0399932861328,148.51889038085938,282.3163757324219,160.12469482421875,pygmaeus,49,1,0,718,Lathyrus,Lathyrus,pygmaeus,Lathyrus_pygmaeus_49_1,Gombault ,,,,species,,1020.9999720255533,618.8287099202474,1176.3182322184246,667.1862284342448,1.0,4.0
141,226,288.1426086425781,148.51889038085938,325.90203857421875,160.12469482421875,Gombault,49,1,1,718,,Lathyrus,,,,author_49_1,,,,,1200.594202677409,618.8287099202474,1357.9251607259114,667.1862284342448,1.0,4.0
142,227,245.0399932861328,157.87890625,270.4828796386719,169.48471069335938,sativus,49,2,0,718,Lathyrus,Lathyrus,sativus,Lathyrus_sativus_49_2,L. ,,,,species,,1020.9999720255533,657.8287760416666,1127.011998494466,706.1862945556641,1.0,4.0
143,228,274.330322265625,157.87890625,282.1503601074219,169.48471069335938,L.,49,2,1,718,,Lathyrus,,,,author_49_2,,,,,1143.0430094401042,657.8287760416666,1175.626500447591,706.1862945556641,1.0,4.0
144,229,244.8000030517578,167.47891235351562,274.5989685058594,179.084716796875,saxatilis,49,3,0,718,Lathyrus,Lathyrus,saxatilis,Lathyrus_saxatilis_49_3,(Vent.) Vis. ,,,,species,,1020.0000127156576,697.8288014729818,1144.162368774414,746.1863199869791,1.0,4.0
145,230,279.11859130859375,167.47891235351562,305.56927490234375,179.084716796875,(Vent.),49,3,1,718,,Lathyrus,,,,author_49_3,,,,,1162.9941304524739,697.8288014729818,1273.2053120930989,746.1863199869791,1.0,4.0
146,231,309.8379821777344,167.47891235351562,324.8690185546875,179.084716796875,Vis.,49,3,2,718,,Lathyrus,,,,author_49_3,,,,,1290.9915924072266,697.8288014729818,1353.6209106445312,746.1863199869791,1.0,4.0
147,232,244.8000030517578,177.96629333496094,286.2239074707031,188.5889892578125,sessilifolius,49,4,0,718,Lathyrus,Lathyrus,sessilifolius,Lathyrus_sessilifolius_49_4,(Sibth. et Sm.) Ten. ,,,,species,,1020.0000127156576,741.5262222290039,1192.599614461263,785.7874552408854,1.0,4.0
148,233,289.4542541503906,177.07888793945312,314.5570068359375,188.6846923828125,(Sibth.,49,4,1,718,,Lathyrus,,,,author_49_4,,,,,1206.0593922932942,737.8286997477213,1310.6541951497395,786.1862182617188,1.0,4.0
149,234,317.98828125,177.07888793945312,324.54730224609375,188.6846923828125,et,49,4,2,718,,Lathyrus,,,,author_49_4,,,,,1324.951171875,737.8286997477213,1352.2804260253906,786.1862182617188,1.0,4.0
150,235,327.37371826171875,177.07888793945312,344.6789245605469,188.6846923828125,Sm.),49,4,3,718,,Lathyrus,,,,author_49_4,,,,,1364.0571594238281,737.8286997477213,1436.1621856689453,786.1862182617188,1.0,4.0
151,236,348.3121643066406,177.07888793945312,365.43133544921875,188.6846923828125,Ten.,49,4,4,718,,Lathyrus,,,,author_49_4,,,,,1451.3006846110027,737.8286997477213,1522.6305643717449,786.1862182617188,1.0,4.0
152,237,244.8000030517578,186.67889404296875,276.55145263671875,198.28469848632812,setifolius,49,5,0,718,Lathyrus,Lathyrus,setifolius,Lathyrus_setifolius_49_5,L. ,,,,species,,1020.0000127156576,777.8287251790365,1152.2977193196614,826.1862436930338,1.0,4.0
153,238,281.609619140625,186.67889404296875,289.35009765625,198.28469848632812,L.,49,5,1,718,,Lathyrus,,,,author_49_5,,,,,1173.3734130859375,777.8287251790365,1205.6254069010417,826.1862436930338,1.0,4.0
154,239,244.8000030517578,196.27890014648438,283.7535400390625,207.88470458984375,sphaericus,49,6,0,718,Lathyrus,Lathyrus,sphaericus,Lathyrus_sphaericus_49_6,"Retz, ",,,,species,,1020.0000127156576,817.8287506103516,1182.306416829427,866.186269124349,1.0,4.0
155,240,288.3075866699219,196.27890014648438,308.125732421875,207.88470458984375,"Retz,",49,6,1,718,,Lathyrus,,,,author_49_6,,,,,1201.2816111246746,817.8287506103516,1283.8572184244792,866.186269124349,1.0,4.0
156,241,244.55999755859375,205.87890625,283.5602722167969,217.48471069335938,stenolobus,49,7,0,718,Lathyrus,Lathyrus,stenolobus,Lathyrus_stenolobus_49_7,Boiss. ,,,,species,,1018.999989827474,857.8287760416666,1181.5011342366536,906.1862945556641,1.0,4.0
157,242,287.81878662109375,205.87890625,309.0298156738281,217.48471069335938,Boiss.,49,7,1,718,,Lathyrus,,,,author_49_7,,,,,1199.2449442545574,857.8287760416666,1287.624231974284,906.1862945556641,1.0,4.0
158,243,244.55999755859375,215.2388916015625,290.8856201171875,226.84469604492188,stenophyllus,49,8,0,718,Lathyrus,Lathyrus,stenophyllus,Lathyrus_stenophyllus_49_8,Boiss. et Heldr. ,,,,species,,1018.999989827474,896.8287150065104,1212.023417154948,945.1862335205078,1.0,4.0
159,244,295.2655029296875,215.2388916015625,316.4765319824219,226.84469604492188,Boiss.,49,8,1,718,,Lathyrus,,,,author_49_8,,,,,1230.272928873698,896.8287150065104,1318.6522165934246,945.1862335205078,1.0,4.0
160,245,321.3439636230469,215.2388916015625,327.847900390625,226.84469604492188,et,49,8,2,718,,Lathyrus,,,,author_49_8,,,,,1338.9331817626953,896.8287150065104,1366.0329182942708,945.1862335205078,1.0,4.0
161,246,332.2279968261719,215.2388916015625,356.56060791015625,226.84469604492188,Heldr.,49,8,3,718,,Lathyrus,,,,author_49_8,,,,,1384.2833201090496,896.8287150065104,1485.6691996256511,945.1862335205078,1.0,4.0
162,247,244.8000030517578,225.72630310058594,278.822998046875,236.3489990234375,variabilis,49,9,0,718,Lathyrus,Lathyrus,variabilis,Lathyrus_variabilis_49_9,(Boiss. et Ky) Maly ,,,,species,,1020.0000127156576,940.526262919108,1161.7624918619792,984.7874959309896,1.0,4.0
163,248,282.43994140625,224.83889770507812,306.2815856933594,236.4447021484375,(Boiss.,49,9,1,718,,Lathyrus,,,,author_49_9,,,,,1176.8330891927083,936.8287404378256,1276.1732737223308,985.1862589518229,1.0,4.0
164,249,309.89849853515625,224.83889770507812,316.383056640625,236.4447021484375,et,49,9,2,718,,Lathyrus,,,,author_49_9,,,,,1291.2437438964844,936.8287404378256,1318.2627360026042,985.1862589518229,1.0,4.0
165,250,319.59808349609375,224.83889770507812,333.7256164550781,236.4447021484375,Ky),49,9,3,718,,Lathyrus,,,,author_49_9,,,,,1331.6586812337239,936.8287404378256,1390.523401896159,985.1862589518229,1.0,4.0
166,251,337.74444580078125,224.83889770507812,357.65521240234375,236.4447021484375,Maly,49,9,4,718,,Lathyrus,,,,author_49_9,,,,,1407.2685241699219,936.8287404378256,1490.2300516764324,985.1862589518229,1.0,4.0
167,252,244.55999755859375,234.67889404296875,272.7167663574219,246.28469848632812,vinealis,49,10,0,718,Lathyrus,Lathyrus,vinealis,Lathyrus_vinealis_49_10,Boiss. et Noe ,,,,species,,1018.999989827474,977.8287251790365,1136.319859822591,1026.186243693034,1.0,4.0
168,253,276.3744812011719,234.67889404296875,297.58551025390625,246.28469848632812,Boiss.,49,10,1,718,,Lathyrus,,,,author_49_10,,,,,1151.560338338216,977.8287251790365,1239.9396260579426,1026.186243693034,1.0,4.0
169,254,301.4870300292969,234.67889404296875,307.96343994140625,246.28469848632812,et,49,10,2,718,,Lathyrus,,,,author_49_10,,,,,1256.1959584554036,977.8287251790365,1283.1809997558594,1026.186243693034,1.0,4.0
170,255,311.37738037109375,234.67889404296875,326.4164733886719,246.28469848632812,Noe,49,10,3,718,,Lathyrus,,,,author_49_10,,,,,1297.4057515462239,977.8287251790365,1360.068639119466,1026.186243693034,1.0,4.0
171,256,231.36000061035156,244.7589111328125,288.2010803222656,256.3647155761719,LAURACEAE,50,0,0,718,,,,,,,,,,,964.0000025431315,1019.8287963867188,1200.8378346761067,1068.186314900716,1.0,5.0
172,257,230.8800048828125,255.48631286621094,274.8795471191406,266.1090087890625,Laurocerasus,50,1,0,718,Laurocerasus,Laurocerasus,,,,,,,genus,,962.0000203450521,1064.5263036092122,1145.3314463297527,1108.7875366210938,1.0,5.0
173,258,244.55999755859375,264.8462829589844,276.568359375,275.468994140625,officinalis,51,0,0,718,Laurocerasus,Laurocerasus,officinalis,Laurocerasus_officinalis_51_0,Roem. ,,,,species,,1018.999989827474,1103.5261789957683,1152.3681640625,1147.7874755859375,1.0,4.0
174,259,280.3996887207031,263.9588928222656,304.647216796875,275.564697265625,Roem.,51,0,1,718,,Laurocerasus,,,,author_51_0,,,,,1168.332036336263,1099.8287200927734,1269.3634033203125,1148.1862386067708,1.0,4.0
175,260,231.1199951171875,273.31890869140625,257.3389892578125,284.9247131347656,Laurus,52,0,0,718,Laurus,Laurus,,,,,,,genus,,962.9999796549479,1138.8287862141926,1072.2457885742188,1187.1863047281902,1.0,5.0
176,261,244.55999755859375,283.1589050292969,269.17071533203125,294.76470947265625,nobilis,53,0,0,718,Laurus,Laurus,nobilis,Laurus_nobilis_53_0,L. ,,,,species,,1018.999989827474,1179.8287709554036,1121.5446472167969,1228.1862894694011,1.0,4.0
177,262,273.3690490722656,283.1589050292969,281.1900939941406,294.76470947265625,L.,53,0,1,718,,Laurus,,,,author_53_0,,,,,1139.0377044677734,1179.8287709554036,1171.6253916422527,1228.1862894694011,1.0,4.0
178,263,231.1199951171875,293.4789123535156,264.4175109863281,305.084716796875,Lavatera,54,0,0,718,Lavatera,Lavatera,,,,,,,genus,,962.9999796549479,1222.8288014729817,1101.7396291097004,1271.1863199869792,1.0,5.0
179,264,244.55999755859375,303.0788879394531,269.8051452636719,314.6846923828125,eretica,55,0,0,718,Lavatera,Lavatera,eretica,Lavatera_eretica_55_0,L. ,,,,species,,1018.999989827474,1262.8286997477214,1124.1881052652996,1311.1862182617188,1.0,4.0
180,265,273.6497802734375,303.0788879394531,281.6764221191406,314.6846923828125,L.,55,0,1,718,,Lavatera,,,,author_55_0,,,,,1140.2074178059895,1262.8286997477214,1173.6517588297527,1311.1862182617188,1.0,4.0
181,266,244.55999755859375,312.91888427734375,277.5310974121094,324.5246887207031,punctata,55,1,0,718,Lavatera,Lavatera,punctata,Lavatera_punctata_55_1,AU. ,,,,species,,1018.999989827474,1303.8286844889324,1156.3795725504558,1352.1862030029297,1.0,4.0
182,267,281.97625732421875,312.91888427734375,296.30908203125,324.5246887207031,AU.,55,1,1,718,,Lavatera,,,,author_55_1,,,,,1174.9010721842449,1303.8286844889324,1234.6211751302083,1352.1862030029297,1.0,4.0
183,268,244.55999755859375,324.1988830566406,267.9698181152344,335.8046875,trimes,55,2,0,718,Lavatera,Lavatera,trimes,Lavatera_trimes_55_2,tris L. ,,,,species,,1018.999989827474,1350.8286794026692,1116.5409088134766,1399.1861979166667,1.0,4.0
184,269,270.1770935058594,324.1988830566406,281.9403381347656,335.8046875,tris,55,2,1,718,,Lavatera,,,,author_55_2,,,,,1125.7378896077473,1350.8286794026692,1174.7514088948567,1399.1861979166667,1.0,4.0
185,270,284.14764404296875,324.1988830566406,291.9901123046875,335.8046875,L.,55,2,2,718,,Lavatera,,,,author_55_2,,,,,1183.9485168457031,1350.8286794026692,1216.625467936198,1399.1861979166667,1.0,4.0
186,271,230.39999389648438,332.8388977050781,265.1908874511719,344.4447021484375,Lecoquia,56,0,0,718,Lecoquia,Lecoquia,,,,,,,genus,,959.9999745686849,1386.8287404378254,1104.9620310465496,1435.186258951823,1.0,5.0
187,272,244.32000732421875,343.3988952636719,269.3603820800781,355.00469970703125,eretica,57,0,0,718,Lecoquia,Lecoquia,eretica,Lecoquia_eretica_57_0,(Lam.) D.C. ,,,,species,,1018.0000305175781,1430.8287302652996,1122.334925333659,1479.1862487792969,1.0,4.0
188,273,274.296142578125,343.3988952636719,299.7668762207031,355.00469970703125,(Lam.),57,0,1,718,,Lecoquia,,,,author_57_0,,,,,1142.9005940755208,1430.8287302652996,1249.0286509195964,1479.1862487792969,1.0,4.0
189,274,304.9630432128906,343.3988952636719,322.9498596191406,355.00469970703125,D.C.,57,0,2,718,,Lecoquia,,,,author_57_0,,,,,1270.6793467203777,1430.8287302652996,1345.6244150797527,1479.1862487792969,1.0,4.0
190,275,230.8800048828125,352.9989013671875,300.35491943359375,364.6047058105469,LEGUMINOSAE,58,0,0,718,,,,,,,,,,,962.0000203450521,1470.8287556966145,1251.4788309733074,1519.186274210612,1.0,5.0
191,276,230.63999938964844,363.00628662109375,247.6407928466797,373.6289978027344,Lens,58,1,0,718,Lens,Lens,,,,,,,genus,,960.9999974568685,1512.5261942545574,1031.8366368611653,1556.7874908447266,1.0,5.0
192,277,244.32000732421875,372.6062927246094,276.3236083984375,383.22900390625,culinaris,59,0,0,718,Lens,Lens,culinaris,Lens_culinaris_59_0,Medik. ,,,,species,,1018.0000305175781,1552.5262196858723,1151.348368326823,1596.7875162760417,1.0,4.0
193,278,277.7735290527344,371.7189025878906,304.5771179199219,383.32470703125,Medik.,59,0,1,718,,Lens,,,,author_59_0,,,,,1157.3897043863933,1548.8287607828777,1269.071324666341,1597.186279296875,1.0,4.0
194,279,243.83999633789062,382.59063720703125,276.3787841796875,393.422119140625,esculenţa,59,1,0,718,Lens,Lens,esculenţa,Lens_esculenţa_59_1,Moench ,,,,species,,1015.9999847412109,1594.1276550292969,1151.5782674153645,1639.2588297526042,1.0,4.0
195,280,277.8284912109375,382.6167297363281,310.1651611328125,393.76141357421875,Moench,59,1,1,718,,Lens,,,,author_59_1,,,,,1157.6187133789062,1594.2363739013672,1292.3548380533855,1640.6725565592449,1.0,4.0
196,281,244.0800018310547,391.71063232421875,274.84613037109375,402.5421142578125,lenticula,59,2,0,718,Lens,Lens,lenticula,Lens_lenticula_59_2,(Schreb.) Alef. ,,,,species,,1017.0000076293945,1632.1276346842449,1145.1922098795574,1677.258809407552,1.0,4.0
197,282,277.8562316894531,391.7367248535156,313.7408142089844,402.88140869140625,(Schreb.),59,2,1,718,,Lens,,,,author_59_2,,,,,1157.7342987060547,1632.2363535563152,1307.2533925374348,1678.6725362141926,1.0,4.0
198,283,316.6199035644531,391.7367248535156,334.6165466308594,402.88140869140625,Alef.,59,2,2,718,,Lens,,,,author_59_2,,,,,1319.2495981852214,1632.2363535563152,1394.235610961914,1678.6725362141926,1.0,4.0
199,284,244.0800018310547,401.31060791015625,275.9199523925781,412.14208984375,nigricdns,59,3,0,718,Lens,Lens,nigricdns,Lens_nigricdns_59_3,(Bieb.) Godr. ,,,,species,,1017.0000076293945,1672.1275329589844,1149.666468302409,1717.2587076822917,1.0,4.0
200,285,278.5301513671875,401.3367004394531,303.89239501953125,412.48138427734375,(Bieb.),59,3,1,718,,Lens,,,,author_59_3,,,,,1160.5422973632812,1672.2362518310547,1266.2183125813801,1718.6724344889324,1.0,4.0
201,286,306.6481018066406,401.3367004394531,330.2080383300781,412.48138427734375,Godr.,59,3,2,718,,Lens,,,,author_59_3,,,,,1277.700424194336,1672.2362518310547,1375.8668263753254,1718.6724344889324,1.0,4.0
202,287,244.0800018310547,410.91058349609375,277.1090087890625,421.7420959472656,orientalis,59,4,0,718,Lens,Lens,orientalis,Lens_orientalis_59_4,(Boiss.) Hand.-Mazz. ,,,,species,,1017.0000076293945,1712.1274312337239,1154.620869954427,1757.2587331136067,1.0,4.0
203,288,278.8492431640625,410.93670654296875,305.8219909667969,422.0813903808594,(Boiss.),59,4,1,718,,Lens,,,,author_59_4,,,,,1161.871846516927,1712.2362772623699,1274.258295694987,1758.6724599202473,1.0,4.0
204,289,307.64788818359375,410.93670654296875,362.3815612792969,422.0813903808594,Hand.-Mazz.,59,4,2,718,,Lens,,,,author_59_4,,,,,1281.8662007649739,1712.2362772623699,1509.9231719970703,1758.6724599202473,1.0,4.0
205,290,230.63999938964844,420.2967224121094,263.3854675292969,431.44140625,Leontice,60,0,0,718,Leontice,Leontice,,,,,,,genus,,960.9999974568685,1751.236343383789,1097.439448038737,1797.6725260416667,1.0,5.0
206,291,243.83999633789062,431.05096435546875,287.0212097167969,440.3548583984375,chrysogonum,61,0,0,718,Leontice,Leontice,chrysogonum,Leontice_chrysogonum_61_0,L. ,,,,species,,1015.9999847412109,1796.0456848144531,1195.9217071533203,1834.8119099934895,1.0,4.0
207,292,290.2043151855469,431.0733947753906,297.9930419921875,440.64630126953125,L.,61,0,1,718,,Leontice,,,,author_61_0,,,,,1209.1846466064453,1796.139144897461,1241.637674967448,1836.0262552897136,1.0,4.0
208,293,244.0800018310547,440.2167053222656,298.7745361328125,451.36138916015625,leontopetalum,61,1,0,718,Leontice,Leontice,leontopetalum,Leontice_leontopetalum_61_1,L. ,,,,species,,1017.0000076293945,1834.2362721761067,1244.8939005533855,1880.6724548339844,1.0,4.0
209,294,303.328369140625,440.2167053222656,311.2261657714844,451.36138916015625,L.,61,1,1,718,,Leontice,,,,author_61_1,,,,,1263.8682047526042,1834.2362721761067,1296.7756907145183,1880.6724548339844,1.0,4.0
210,295,243.83999633789062,449.79058837890625,264.7826232910156,460.6221008300781,minor,61,2,0,718,Leontice,Leontice,minor,Leontice_minor_61_2,Boiss. ,,,,species,,1015.9999847412109,1874.1274515787761,1103.2609303792317,1919.258753458659,1.0,4.0
211,296,267.24298095703125,449.81671142578125,288.4609069824219,460.9613952636719,Boiss.,61,2,1,718,,Leontice,,,,author_61_2,,,,,1113.5124206542969,1874.2362976074219,1201.920445760091,1920.6724802652996,1.0,4.0
212,297,230.39999389648438,459.8966979980469,267.3170166015625,471.0413818359375,Lepidium,62,0,0,718,Lepidium,Lepidium,,,,,,,genus,,959.9999745686849,1916.2362416585286,1113.8209025065105,1962.6724243164062,1.0,5.0
213,298,244.0800018310547,469.0166931152344,271.75537109375,480.161376953125,aucheri,63,0,0,718,Lepidium,Lepidium,aucheri,Lepidium_aucheri_63_0,Boiss. ,,,,species,,1017.0000076293945,1954.2362213134766,1132.3140462239583,2000.6724039713542,1.0,4.0
214,299,275.84771728515625,469.0166931152344,296.86163330078125,480.161376953125,Boiss.,63,0,1,718,,Lepidium,,,,author_63_0,,,,,1149.3654886881511,1954.2362213134766,1236.9234720865886,2000.6724039713542,1.0,4.0
215,300,243.83999633789062,480.011962890625,278.9516906738281,489.3145751953125,chalepense,63,1,0,718,Lepidium,Lepidium,chalepense,Lepidium_chalepense_63_1,"L"". ",,,,species,,1015.9999847412109,2000.0498453776042,1162.2987111409504,2038.8107299804688,1.0,4.0
216,301,280.9521484375,480.03436279296875,289.8889465332031,489.6059875488281,"L"".",63,1,1,718,,Lepidium,,,,author_63_1,,,,,1170.6339518229167,2000.1431783040364,1207.870610555013,2040.0249481201172,1.0,4.0
217,302,243.83999633789062,488.19061279296875,276.75201416015625,499.0220947265625,cornutum,63,2,0,718,Lepidium,Lepidium,cornutum,Lepidium_cornutum_63_2,Sibth. et Smith ,,,,species,,1015.9999847412109,2034.1275533040364,1153.1333923339844,2079.2587280273438,1.0,4.0
218,303,278.821044921875,488.2167053222656,301.4899597167969,499.36138916015625,Sibth.,63,2,1,718,,Lepidium,,,,author_63_2,,,,,1161.7543538411458,2034.2362721761067,1256.2081654866536,2080.6724548339844,1.0,4.0
219,304,304.03582763671875,488.2167053222656,310.8915100097656,499.36138916015625,et,63,2,2,718,,Lepidium,,,,author_63_2,,,,,1266.8159484863281,2034.2362721761067,1295.3812917073567,2080.6724548339844,1.0,4.0
220,305,313.1191711425781,488.2167053222656,335.9991760253906,499.36138916015625,Smith,63,2,3,718,,Lepidium,,,,author_63_2,,,,,1304.6632130940754,2034.2362721761067,1399.996566772461,2080.6724548339844,1.0,4.0
221,307,247.37864685058594,497.81671142578125,291.63232421875,508.9613952636719,crassifolium,64,1,0,718,Lepidium,Lepidium,crassifolium,Lepidium_crassifolium_64_1,Waldst. et Kit. ,,,,species,,1030.7443618774414,2074.236297607422,1215.1346842447917,2120.6724802652993,1.0,4.0
222,308,294.8892822265625,497.81671142578125,324.3935241699219,508.9613952636719,Waldst.,64,1,1,718,,Lepidium,,,,author_64_1,,,,,1228.705342610677,2074.236297607422,1351.639684041341,2120.6724802652993,1.0,4.0
223,309,328.0574645996094,497.81671142578125,335.0806884765625,508.9613952636719,et,64,1,2,718,,Lepidium,,,,author_64_1,,,,,1366.9061024983723,2074.236297607422,1396.1695353190105,2120.6724802652993,1.0,4.0
224,310,338.5406494140625,497.81671142578125,354.173583984375,508.9613952636719,Kit.,64,1,3,718,,Lepidium,,,,author_64_1,,,,,1410.5860392252605,2074.236297607422,1475.7232666015625,2120.6724802652993,1.0,4.0
225,311,243.60000610351562,507.4167175292969,298.054443359375,518.5614013671875,culminicolum,64,2,0,718,Lepidium,Lepidium,culminicolum,Lepidium_culminicolum_64_2,Moût. ,,,,species,,1015.0000254313151,2114.236323038737,1241.8935139973958,2160.6725056966147,1.0,4.0
226,312,299.9026794433594,506.5989074707031,323.19976806640625,518.2047119140625,Moût.,64,2,1,718,,Lepidium,,,,author_64_2,,,,,1249.594497680664,2110.8287811279297,1346.6657002766926,2159.1862996419272,1.0,4.0
227,313,243.60000610351562,517.0863037109375,262.5137023925781,527.708984375,draba,64,3,0,718,Lepidium,Lepidium,draba,Lepidium_draba_64_3,L. ,,,,species,,1015.0000254313151,2154.5262654622397,1093.807093302409,2198.7874348958335,1.0,4.0
228,314,267.685302734375,516.1989135742188,275.3671875,527.8046875,L.,64,3,1,718,,Lepidium,,,,author_64_3,,,,,1115.3554280598958,2150.8288065592446,1147.36328125,2199.1861979166665,1.0,4.0
229,315,243.60000610351562,526.2789306640625,296.6365966796875,537.8847045898438,graminifolium,64,4,0,718,Lepidium,Lepidium,graminifolium,Lepidium_graminifolium_64_4,L. ,,,,species,,1015.0000254313151,2192.8288777669272,1235.985819498698,2241.186269124349,1.0,4.0
230,316,300.3392028808594,526.2789306640625,308.12457275390625,537.8847045898438,L.,64,4,1,718,,Lepidium,,,,author_64_4,,,,,1251.413345336914,2192.8288777669272,1283.8523864746094,2241.186269124349,1.0,4.0
231,318,243.60000610351562,535.87890625,269.640625,547.4846801757812,hirtum,65,0,0,718,Lepidium,Lepidium,hirtum,Lepidium_hirtum_65_0,(L.) Smith ,,,,species,,1015.0000254313151,2232.8287760416665,1123.5026041666667,2281.1861673990884,1.0,4.0
232,319,274.79876708984375,535.87890625,288.3983459472656,547.4846801757812,(L.),65,0,1,718,,Lepidium,,,,author_65_0,,,,,1144.9948628743489,2232.8287760416665,1201.6597747802734,2281.1861673990884,1.0,4.0
233,320,293.8145446777344,535.87890625,315.8924865722656,547.4846801757812,Smith,65,0,2,718,,Lepidium,,,,author_65_0,,,,,1224.2272694905598,2232.8287760416665,1316.2186940511067,2281.1861673990884,1.0,4.0
234,321,243.60000610351562,545.4789428710938,279.19549560546875,557.084716796875,latifolium,65,1,0,718,Lepidium,Lepidium,latifolium,Lepidium_latifolium_65_1,L. ,,,,species,,1015.0000254313151,2272.828928629557,1163.3145650227864,2321.186319986979,1.0,4.0
235,322,284.6524963378906,545.4789428710938,292.469482421875,557.084716796875,L.,65,1,1,718,,Lepidium,,,,author_65_1,,,,,1186.0520680745442,2272.828928629557,1218.6228434244792,2321.186319986979,1.0,4.0
236,324,242.91571044921875,555.96630859375,283.8249206542969,566.5889892578125,nebrodense,66,0,0,718,Lepidium,Lepidium,nebrodense,Lepidium_nebrodense_66_0,(Raf.) Guss. ,,,,species,,1012.1487935384115,2316.5262858072915,1182.6038360595703,2360.7874552408853,1.0,4.0
237,325,286.0780944824219,555.0789184570312,307.39306640625,566.6846923828125,(Raf.),66,0,1,718,,Lepidium,,,,author_66_0,,,,,1191.9920603434246,2312.828826904297,1280.804443359375,2361.1862182617188,1.0,4.0
238,326,309.7645568847656,555.0789184570312,330.0615539550781,566.6846923828125,Guss.,66,0,2,718,,Lepidium,,,,author_66_0,,,,,1290.6856536865234,2312.828826904297,1375.2564748128254,2361.1862182617188,1.0,4.0
239,327,243.36000061035156,565.5663452148438,278.8250427246094,576.1890258789062,nudicaule,67,0,0,718,Lepidium,Lepidium,nudicaule,Lepidium_nudicaule_67_0,L. ,,,,species,,1014.0000025431315,2356.526438395182,1161.771011352539,2400.787607828776,1.0,4.0
240,328,280.275146484375,564.678955078125,288.1631164550781,576.2847290039062,L.,67,0,1,718,,Lepidium,,,,author_67_0,,,,,1167.8131103515625,2352.8289794921875,1200.679651896159,2401.1863708496094,1.0,4.0
241,329,243.60000610351562,574.6863403320312,295.3499755859375,585.3090209960938,oppositifolium,67,1,0,718,Lepidium,Lepidium,oppositifolium,Lepidium_oppositifolium_67_1,Labili. ,,,,species,,1015.0000254313151,2394.5264180501304,1230.6248982747395,2438.787587483724,1.0,4.0
242,330,296.80023193359375,573.7989501953125,322.0068359375,585.4047241210938,Labili.,67,1,1,718,,Lepidium,,,,author_67_1,,,,,1236.6676330566406,2390.8289591471353,1341.6951497395833,2439.186350504557,1.0,4.0
243,331,243.36000061035156,584.7662963867188,273.4251403808594,595.3889770507812,oxyotum,67,2,0,718,Lepidium,Lepidium,oxyotum,Lepidium_oxyotum_67_2,D.C ,,,,species,,1014.0000025431315,2436.5262349446616,1139.2714182535808,2480.7874043782554,1.0,4.0
244,332,276.0861511230469,583.87890625,293.1177673339844,595.4846801757812,D.C,67,2,1,718,,Lepidium,,,,author_67_2,,,,,1150.3589630126953,2432.8287760416665,1221.3240305582683,2481.1861673990884,1.0,4.0
245,333,243.60000610351562,592.9989013671875,286.6687316894531,604.6046752929688,perfoliatum,67,3,0,718,Lepidium,Lepidium,perfoliatum,Lepidium_perfoliatum_67_3,L. ,,,,species,,1015.0000254313151,2470.8287556966147,1194.4530487060547,2519.1861470540366,1.0,4.0
246,334,292.2838439941406,592.9989013671875,300.15081787109375,604.6046752929688,L.,67,3,1,718,,Lepidium,,,,author_67_3,,,,,1217.849349975586,2470.8287556966147,1250.6284077962239,2519.1861470540366,1.0,4.0
0,3,44.15999984741211,47.631988525390625,83.26399993896484,57.39999008178711,procumbens,1,0,0,719,Lepidium,Lepidium,procumbens,Lepidium_procumbens_1_0,L. ,,,,species,,183.99999936421713,198.46661885579428,346.9333330790202,239.16662534077963,0.0,0.0
1,4,87.484375,46.81599044799805,94.64306640625,57.48799133300781,L.,1,0,1,719,,Lepidium,,,,author_1_0,,,,,364.5182291666667,195.06662686665854,394.3461100260417,239.53329722086588,0.0,0.0
2,5,44.63999938964844,56.32299041748047,73.96874237060547,68.32898712158203,sativum,1,1,0,719,Lepidium,Lepidium,sativum,Lepidium_sativum_1_1,L. ,,,,species,,185.9999974568685,234.67912673950195,308.20309321085614,284.7041130065918,0.0,0.0
3,6,77.68421936035156,56.32299041748047,85.59233856201172,68.32898712158203,L.,1,1,1,719,,Lepidium,,,,author_1_1,,,,,323.68424733479816,234.67912673950195,356.63474400838214,284.7041130065918,0.0,0.0
4,7,44.400001525878906,65.20299530029297,83.09100341796875,77.20899200439453,spinescens,1,2,0,719,Lepidium,Lepidium,spinescens,Lepidium_spinescens_1_2,D.C. ,,,,species,,185.00000635782877,271.679147084554,346.21251424153644,321.70413335164386,0.0,0.0
5,8,86.20752716064453,65.20299530029297,104.07208251953125,77.20899200439453,D.C.,1,2,1,719,,Lepidium,,,,author_1_2,,,,,359.19802983601886,271.679147084554,433.63367716471356,321.70413335164386,0.0,0.0
6,9,44.15999984741211,76.00298309326172,79.60400390625,88.00897979736328,spinosum,1,3,0,719,Lepidium,Lepidium,spinosum,Lepidium_spinosum_1_3,Ard. ,,,,species,,183.99999936421713,316.6790962219238,331.683349609375,366.7040824890137,0.0,0.0
7,10,84.55103302001953,76.00298309326172,101.67308044433594,88.00897979736328,Ard.,1,3,1,719,,Lepidium,,,,author_1_3,,,,,352.29597091674805,316.6790962219238,423.6378351847331,366.7040824890137,0.0,0.0
8,11,44.15999984741211,86.27200317382812,81.0479965209961,96.04000854492188,squamatum,1,4,0,719,Lepidium,Lepidium,squamatum,Lepidium_squamatum_1_4,Forssk. ,,,,species,,183.99999936421713,359.4666798909505,337.6999855041504,400.1667022705078,0.0,0.0
9,12,86.1563949584961,85.45600891113281,111.68257141113281,96.12800598144531,Forssk.,1,4,1,719,,Lepidium,,,,author_1_4,,,,,358.9849789937337,356.0667037963867,465.3440475463867,400.53335825602215,0.0,0.0
10,13,44.15999984741211,95.20299530029297,85.30799865722656,107.20899200439453,virginicum,1,5,0,719,Lepidium,Lepidium,virginicum,Lepidium_virginicum_1_5,L. ,,,,species,,183.99999936421713,396.679147084554,355.44999440511066,446.70413335164386,0.0,0.0
11,14,89.44619750976562,95.20299530029297,97.35234069824219,107.20899200439453,L.,1,5,1,719,,Lepidium,,,,author_1_5,,,,,372.69248962402344,396.679147084554,405.63475290934247,446.70413335164386,0.0,0.0
12,15,30.719999313354492,104.80303192138672,65.56998443603516,116.80902862548828,Lepidotis,2,0,0,719,Lepidotis,Lepidotis,,,,,,,genus,,127.99999713897705,436.67929967244464,273.2082684834798,486.7042859395345,0.0,1.0
13,16,44.15999984741211,114.40300750732422,69.57500457763672,126.40900421142578,cernua,3,0,0,719,Lepidotis,Lepidotis,cernua,Lepidotis_cernua_3_0,(L.)Beauv. ,,,,species,,183.99999936421713,476.67919794718426,289.89585240681964,526.704184214274,0.0,0.0
14,17,76.9546890258789,114.40300750732422,117.27716064453125,126.40900421142578,(L.)Beauv.,3,0,1,719,,Lepidotis,,,,author_3_0,,,,,320.6445376078288,476.67919794718426,488.6548360188802,526.704184214274,0.0,0.0
15,18,30.479999542236328,123.52300262451172,71.09078979492188,135.5290069580078,Leptaleum,4,0,0,719,Leptaleum,Leptaleum,,,,,,,genus,,126.99999809265137,514.6791776021322,296.2116241455078,564.7041956583658,0.0,1.0
16,19,43.91999816894531,133.1230010986328,80.27279663085938,145.12901306152344,filifôlium,5,0,0,719,Leptaleum,Leptaleum,filifôlium,Leptaleum_filifôlium_5_0,(Willd.) D.C. ,,,,species,,182.99999237060547,554.6791712443033,334.46998596191406,604.704221089681,0.0,0.0
17,20,83.69622039794922,133.1230010986328,112.7299575805664,145.12901306152344,(Willd.),5,0,1,719,,Leptaleum,,,,author_5_0,,,,,348.73425165812176,554.6791712443033,469.70815658569336,604.704221089681,0.0,0.0
18,21,117.52224731445312,133.1230010986328,135.51109313964844,145.12901306152344,D.C.,5,0,2,719,,Leptaleum,,,,author_5_0,,,,,489.676030476888,554.6791712443033,564.6295547485352,604.704221089681,0.0,0.0
19,22,42.720001220703125,144.35198974609375,77.37600708007812,154.1199951171875,pygmaeum,5,1,0,719,Leptaleum,Leptaleum,pygmaeum,Leptaleum_pygmaeum_5_1,D.C. ,,,,species,,178.00000508626303,601.4666239420573,322.4000295003255,642.1666463216146,0.0,0.0
20,23,83.29917907714844,143.53599548339844,100.64200592041016,154.20799255371094,D.C.,5,1,1,719,,Leptaleum,,,,author_5_1,,,,,347.07991282145184,598.0666478474935,419.3416913350423,642.5333023071289,0.0,0.0
21,24,30.239999771118164,154.6719970703125,58.6879997253418,164.44000244140625,Lepturus,6,0,0,719,Lepturus,Lepturus,,,,,,,genus,,125.99999904632568,644.4666544596354,244.53333218892416,685.1666768391927,0.0,1.0
22,25,42.720001220703125,164.27200317382812,75.60000610351562,174.04000854492188,pubescens,7,0,0,719,Lepturus,Lepturus,pubescens,Lepturus_pubescens_7_0,(Bçrtol.) Boiss. ,,,,species,,178.00000508626303,684.4666798909506,315.0000254313151,725.1667022705078,0.0,0.0
23,26,79.89900970458984,163.4560089111328,110.3230209350586,174.1280059814453,(Bçrtol.),7,0,1,719,,Lepturus,,,,author_7_0,,,,,332.912540435791,681.0667037963867,459.67925389607746,725.5333582560221,0.0,0.0
24,27,114.84929656982422,163.4560089111328,135.68284606933594,174.1280059814453,Boiss.,7,0,2,719,,Lepturus,,,,author_7_0,,,,,478.5387357076009,681.0667037963867,565.3451919555664,725.5333582560221,0.0,0.0
25,28,30.0,173.87200927734375,65.55999755859375,183.6400146484375,Ligusticum,8,0,0,719,Ligusticum,Ligusticum,,,,,,,genus,,125.0,724.4667053222656,273.1666564941406,765.1667277018229,0.0,1.0
26,29,42.720001220703125,183.47198486328125,80.48800659179688,193.239990234375,çomubiense,9,0,0,719,Ligusticum,Ligusticum,çomubiense,Ligusticum_çomubiense_9_0,Torn. ,,,,species,,178.00000508626303,764.4666035970052,335.366694132487,805.1666259765625,0.0,0.0
27,30,85.2766342163086,182.65599060058594,106.16168975830078,193.32798767089844,Torn.,9,0,1,719,,Ligusticum,,,,author_9_0,,,,,355.31930923461914,761.0666275024414,442.3403739929199,805.5332819620768,0.0,0.0
28,31,30.239999771118164,191.68299865722656,77.56694793701172,203.6890106201172,LINACEAE,10,0,0,719,,,,,,,,,,,125.99999904632568,798.6791610717773,323.1956164042155,848.7042109171549,0.0,1.0
29,32,30.239999771118164,201.5229949951172,55.37312698364258,213.5290069580078,Linum,10,1,0,719,Linum,Linum,,,,,,,genus,,125.99999904632568,839.6791458129883,230.72136243184408,889.7041956583658,0.0,1.0
30,33,43.68000030517578,211.1230010986328,67.37664031982422,223.12901306152344,album,11,0,0,719,Linum,Linum,album,Linum_album_11_0,Ky ,,,,species,,182.00000127156576,879.6791712443033,280.7360013326009,929.704221089681,0.0,0.0
31,34,71.94564056396484,211.1230010986328,83.3336410522461,223.12901306152344,Ky,11,0,1,719,,Linum,,,,author_11_0,,,,,299.7735023498535,879.6791712443033,347.2235043843587,929.704221089681,0.0,0.0
32,35,43.439998626708984,222.59201049804688,87.0079116821289,232.36001586914062,angustifolium,11,1,0,719,Linum,Linum,angustifolium,Linum_angustifolium_11_1,Huds. ,,,,species,,180.9999942779541,927.4667104085287,362.5329653422038,968.1667327880859,0.0,0.0
33,36,93.31222534179688,221.77601623535156,115.28231048583984,232.44801330566406,Huds.,11,1,1,719,,Linum,,,,author_11_1,,,,,388.8009389241536,924.0667343139648,480.342960357666,968.5333887736002,0.0,0.0
34,37,43.439998626708984,230.56300354003906,79.86900329589844,242.5690155029297,aroanium,11,2,0,719,Linum,Linum,aroanium,Linum_aroanium_11_2,Boiss. et Orph. ,,,,species,,180.9999942779541,960.6791814168295,332.78751373291016,1010.704231262207,0.0,0.0
35,38,83.58458709716797,230.56300354003906,104.95975494384766,242.5690155029297,Boiss.,11,2,1,719,,Linum,,,,author_11_2,,,,,348.2691129048665,960.6791814168295,437.3323122660319,1010.704231262207,0.0,0.0
36,39,109.1707534790039,230.56300354003906,115.89075469970703,242.5690155029297,et,11,2,2,719,,Linum,,,,author_11_2,,,,,454.8781394958496,960.6791814168295,482.8781445821126,1010.704231262207,0.0,0.0
37,40,119.8541488647461,230.56300354003906,142.4768829345703,242.5690155029297,Orph.,11,2,3,719,,Linum,,,,author_11_2,,,,,499.3922869364421,960.6791814168295,593.653678894043,1010.704231262207,0.0,0.0
38,41,43.439998626708984,241.7919921875,72.03911590576172,251.55999755859375,balansae,11,3,0,719,Linum,Linum,balansae,Linum_balansae_11_3,Boiss. ,,,,species,,180.9999942779541,1007.4666341145834,300.1629829406738,1048.1666564941406,0.0,0.0
39,42,74.97248077392578,240.9759979248047,95.60310363769531,251.6479949951172,Boiss.,11,3,1,719,,Linum,,,,author_11_3,,,,,312.3853365580241,1004.0666580200195,398.3462651570638,1048.533312479655,0.0,0.0
40,43,42.959999084472656,249.5229949951172,68.12480163574219,261.52899169921875,bienne,11,4,0,719,Linum,Linum,bienne,Linum_bienne_11_4,Mill. ,,,,species,,178.99999618530273,1039.6791458129883,283.8533401489258,1089.7041320800781,0.0,0.0
41,44,73.1955795288086,249.5229949951172,91.83232879638672,261.52899169921875,Mill.,11,4,1,719,,Linum,,,,author_11_4,,,,,304.9815813700358,1039.6791458129883,382.634703318278,1089.7041320800781,0.0,0.0
42,45,43.20000076293945,260.99200439453125,89.87199401855469,270.760009765625,bursa-pastoris,11,5,0,719,Linum,Linum,bursa-pastoris,Linum_bursa-pastoris_11_5,Gomb. ,,,,species,,180.0000031789144,1087.4666849772136,374.46664174397785,1128.1667073567708,0.0,0.0
43,46,95.42120361328125,260.1759948730469,120.56025695800781,270.8479919433594,Gomb.,11,5,1,719,,Linum,,,,author_11_5,,,,,397.5883483886719,1084.066645304362,502.3344039916992,1128.5332997639973,0.0,0.0
44,47,42.959999084472656,268.9630126953125,87.16800689697266,280.968994140625,carnosulum,11,6,0,719,Linum,Linum,carnosulum,Linum_carnosulum_11_6,Boiss.. ,,,,species,,178.99999618530273,1120.679219563802,363.20002873738605,1170.7041422526042,0.0,0.0
45,48,90.83595275878906,268.9630126953125,113.67228698730469,280.968994140625,Boiss..,11,6,1,719,,Linum,,,,author_11_6,,,,,378.4831364949544,1120.679219563802,473.63452911376953,1170.7041422526042,0.0,0.0
46,49,42.720001220703125,279.2409973144531,71.71800231933594,290.22998046875,cassium,11,7,0,719,Linum,Linum,cassium,Linum_cassium_11_7,Rech. ,,,,species,,178.00000508626303,1163.504155476888,298.8250096638997,1209.2915852864583,0.0,0.0
47,50,75.05925750732422,278.322998046875,96.82837677001953,290.3289794921875,Rech.,11,7,1,719,,Linum,,,,author_11_7,,,,,312.7469062805176,1159.6791585286458,403.45156987508136,1209.704081217448,0.0,0.0
48,51,109.82113647460938,278.322998046875,120.2755355834961,290.3289794921875,fil.,11,8,0,719,,,,,,,,,,True,457.58806864420575,1159.6791585286458,501.1480649312337,1209.704081217448,0.0,2.0
49,53,42.959999084472656,287.9230041503906,95.56399536132812,299.9289855957031,chaborasicum,12,0,0,719,Linum,Linum,chaborasicum,Linum_chaborasicum_12_0,Moût. ,,,,species,,178.99999618530273,1199.679183959961,398.1833140055339,1249.704106648763,0.0,0.0
50,54,100.46049499511719,287.9230041503906,123.75890350341797,299.9289855957031,Moût.,12,0,1,719,,Linum,,,,author_12_0,,,,,418.5853958129883,1199.679183959961,515.6620979309082,1249.704106648763,0.0,0.0
51,55,42.959999084472656,297.28302001953125,172.89747619628906,309.28900146484375,corymbulosum(Planch.)Reichenb.,12,1,0,719,Linum,Linum,corymbulosum(Planch.)Reichenb.,Linum_corymbulosum(Planch.)Reichenb._12_1,,,,,species,,178.99999618530273,1238.6792500813801,720.4061508178711,1288.7041727701824,0.0,0.0
52,56,42.2400016784668,308.99200439453125,69.95999908447266,318.760009765625,gallicum,12,2,0,719,Linum,Linum,gallicum,Linum_gallicum_12_2,L. ,,,,species,,176.00000699361166,1287.4666849772136,291.49999618530273,1328.1667073567708,0.0,0.0
53,57,77.88396453857422,308.1759948730469,85.04265594482422,318.8479919433594,L.,12,2,1,719,,Linum,,,,author_12_2,,,,,324.5165189107259,1284.066645304362,354.3443997701009,1328.5332997639973,0.0,0.0
54,58,42.47999954223633,318.5920104980469,64.25599670410156,328.3600158691406,humile,12,3,0,719,Linum,Linum,humile,Linum_humile_12_3,Mill. ,,,,species,,176.99999809265137,1327.4667104085286,267.73331960042316,1368.166732788086,0.0,0.0
55,59,69.20401763916016,317.7760009765625,87.20221710205078,328.447998046875,Mill.,12,3,1,719,,Linum,,,,author_12_3,,,,,288.35007349650067,1324.066670735677,363.3425712585449,1368.5333251953125,0.0,0.0
56,60,42.720001220703125,328.6719970703125,76.49600219726562,338.44000244140625,libumicum,12,4,0,719,Linum,Linum,libumicum,Linum_libumicum_12_4,Scop. ,,,,species,,178.00000508626303,1369.4666544596355,318.73334248860675,1410.1666768391926,0.0,0.0
57,61,82.35284423828125,327.8559875488281,102.80229949951172,338.5279846191406,Scop.,12,4,1,719,,Linum,,,,author_12_4,,,,,343.13685099283856,1366.066614786784,428.3429145812988,1410.5332692464192,0.0,0.0
58,62,42.47999954223633,336.64300537109375,91.07515716552734,348.64898681640625,mucronatum,12,5,0,719,Linum,Linum,mucronatum,Linum_mucronatum_12_5,Bertol. ,,,,species,,176.99999809265137,1402.6791890462239,379.4798215230306,1452.7041117350261,0.0,0.0
59,63,95.41813659667969,336.64300537109375,120.65460968017578,348.64898681640625,Bertol.,12,5,1,719,,Linum,,,,author_12_5,,,,,397.57556915283203,1402.6791890462239,502.72754033406574,1452.7041117350261,0.0,0.0
60,65,42.47999954223633,346.2430114746094,83.97900390625,358.2489929199219,nodiflorum,13,0,0,719,Linum,Linum,nodiflorum,Linum_nodiflorum_13_0,L. ,,,,species,,176.99999809265137,1442.679214477539,349.9125162760417,1492.704137166341,0.0,0.0
61,66,88.61116027832031,346.2430114746094,96.6385726928711,358.2489929199219,L.,13,0,1,719,,Linum,,,,author_13_0,,,,,369.21316782633465,1442.679214477539,402.6607195536296,1492.704137166341,0.0,0.0
62,67,42.47999954223633,357.7120056152344,71.07911682128906,367.4800109863281,orientale,13,1,0,719,Linum,Linum,orientale,Linum_orientale_13_1,Boiss. ,,,,species,,176.99999809265137,1490.4666900634766,296.1629867553711,1531.166712443034,0.0,0.0
63,68,74.04911041259766,356.89599609375,94.88267517089844,367.5679931640625,Boiss.,13,1,1,719,,Linum,,,,author_13_1,,,,,308.53796005249023,1487.066650390625,395.34447987874347,1531.5333048502605,0.0,0.0
64,69,41.279998779296875,367.31201171875,67.94400024414062,377.08001708984375,peyronii,13,2,0,719,Linum,Linum,peyronii,Linum_peyronii_13_2,Post ,,,,species,,171.99999491373697,1530.4667154947917,283.1000010172526,1571.1667378743489,0.0,0.0
65,70,72.663330078125,366.4960021972656,87.82418060302734,377.1679992675781,Post,13,2,1,719,,Linum,,,,author_13_2,,,,,302.7638753255208,1527.0666758219402,365.93408584594727,1571.5333302815754,0.0,0.0
66,71,42.47999954223633,376.00299072265625,80.35000610351562,388.00897216796875,pubescens,13,3,0,719,Linum,Linum,pubescens,Linum_pubescens_13_3,Banks et Sol. ,,,,species,,176.99999809265137,1566.6791280110676,334.79169209798175,1616.7040506998699,0.0,0.0
67,72,83.9437026977539,376.00299072265625,106.32562255859375,388.00897216796875,Banks,13,3,1,719,,Linum,,,,author_13_3,,,,,349.7654279073079,1566.6791280110676,443.02342732747394,1616.7040506998699,0.0,0.0
68,73,109.91931915283203,376.00299072265625,116.41273498535156,388.00897216796875,et,13,3,2,719,,Linum,,,,author_13_3,,,,,457.9971631368001,1566.6791280110676,485.05306243896484,1616.7040506998699,0.0,0.0
69,74,120.24540710449219,376.00299072265625,134.3083953857422,388.00897216796875,Sol.,13,3,3,719,,Linum,,,,author_13_3,,,,,501.0225296020508,1566.6791280110676,559.6183141072592,1616.7040506998699,0.0,0.0
70,75,42.47999954223633,387.23199462890625,65.80439758300781,397.0,radiola,13,4,0,719,Linum,Linum,radiola,Linum_radiola_13_4,L. ,,,,species,,176.99999809265137,1613.4666442871094,274.1849899291992,1654.1666666666667,0.0,0.0
71,76,70.3841323852539,386.4159851074219,77.60222625732422,397.0879821777344,L.,13,4,1,719,,Linum,,,,author_13_4,,,,,293.2672182718913,1610.0666046142578,323.3426094055176,1654.5332590738933,0.0,0.0
72,77,42.0,397.7919921875,83.36614990234375,407.55999755859375,rigidissimum,13,5,0,719,Linum,Linum,rigidissimum,Linum_rigidissimum_13_5,Post ,,,,species,,175.0,1657.4666341145833,347.3589579264323,1698.1666564941406,0.0,0.0
73,78,90.36148834228516,396.9759826660156,105.34415435791016,407.6479797363281,Post,13,5,1,719,,Linum,,,,author_13_5,,,,,376.50620142618817,1654.0665944417317,438.9339764912923,1698.5332489013672,0.0,0.0
74,79,42.0,406.2430114746094,72.71771240234375,418.2489929199219,strictum,13,6,0,719,Linum,Linum,strictum,Linum_strictum_13_6,L. ,,,,species,,175.0,1692.679214477539,302.99046834309894,1742.704137166341,0.0,0.0
75,80,77.09031677246094,406.2430114746094,85.11772918701172,418.2489929199219,L.,13,6,1,719,,Linum,,,,author_13_6,,,,,321.2096532185872,1692.679214477539,354.65720494588214,1742.704137166341,0.0,0.0
76,81,41.7599983215332,415.1230163574219,86.7089614868164,427.1289978027344,sulphureurn,13,7,0,719,Linum,Linum,sulphureurn,Linum_sulphureurn_13_7,Boiss. et Hausskn. ,,,,species,,173.99999300638834,1729.679234822591,361.2873395284017,1779.7041575113933,0.0,0.0
77,82,91.16890716552734,415.1230163574219,112.46578979492188,427.1289978027344,Boiss.,13,7,1,719,,Linum,,,,author_13_7,,,,,379.8704465230306,1729.679234822591,468.6074574788411,1779.7041575113933,0.0,0.0
78,83,117.17423248291016,415.1230163574219,123.7022933959961,427.1289978027344,et,13,7,2,719,,Linum,,,,author_13_7,,,,,488.2259686787923,1729.679234822591,515.426222483317,1779.7041575113933,0.0,0.0
79,84,128.16224670410156,415.1230163574219,162.3924560546875,427.1289978027344,Hausskn.,13,7,3,719,,Linum,,,,author_13_7,,,,,534.0093612670898,1729.679234822591,676.6352335611979,1779.7041575113933,0.0,0.0
80,85,41.52000045776367,427.0719909667969,70.84800720214844,436.8399963378906,syriacum,13,8,0,719,Linum,Linum,syriacum,Linum_syriacum_13_8,Boiss. ,,,,species,,173.00000190734863,1779.4666290283203,295.20003000895184,1820.1666514078777,0.0,0.0
81,86,75.56851959228516,426.2559814453125,96.07952880859375,436.927978515625,Boiss.,13,8,1,719,,Linum,,,,author_13_8,,,,,314.8688316345215,1776.0665893554688,400.3313700358073,1820.5332438151042,0.0,0.0
82,87,42.2400016784668,435.28302001953125,85.0530014038086,447.28900146484375,tenuifolium,13,9,0,719,Linum,Linum,tenuifolium,Linum_tenuifolium_13_9,,,,,species,,176.00000699361166,1813.6792500813801,354.38750584920246,1863.7041727701824,0.0,0.0
83,92,42.2400016784668,445.3630065917969,72.11820220947266,457.3689880371094,toxicum,13,10,0,719,Linum,Linum,toxicum,Linum_toxicum_13_10,Boiss. ,,,,species,,176.00000699361166,1855.679194132487,300.49250920613605,1905.704116821289,0.0,0.0
84,93,76.49401092529297,445.3630065917969,97.59288787841797,457.3689880371094,Boiss.,13,10,1,719,,Linum,,,,author_13_10,,,,,318.725045522054,1855.679194132487,406.6370328267415,1905.704116821289,0.0,0.0
85,95,43.72007751464844,454.7230224609375,78.2017822265625,466.72900390625,trigynum,14,0,0,719,Linum,Linum,trigynum,Linum_trigynum_14_0,L. ,,,,species,,182.1669896443685,1894.6792602539062,325.84075927734375,1944.7041829427083,0.0,0.0
86,96,82.06873321533203,454.7230224609375,89.92240142822266,466.72900390625,L.,14,0,1,719,,Linum,,,,author_14_0,,,,,341.9530550638835,1894.6792602539062,374.6766726175944,1944.7041829427083,0.0,0.0
87,97,41.7599983215332,465.28302001953125,92.99546813964844,477.28900146484375,usitatissimum,15,0,0,719,Linum,Linum,usitatissimum,Linum_usitatissimum_15_0,L. ,,,,species,,173.99999300638834,1938.6792500813801,387.48111724853516,1988.7041727701824,0.0,0.0
88,98,98.28604125976562,465.28302001953125,106.23277282714844,477.28900146484375,L.,15,0,1,719,,Linum,,,,author_15_0,,,,,409.5251719156901,1938.6792500813801,442.63655344645184,1988.7041727701824,0.0,0.0
89,99,28.079999923706055,475.60302734375,51.96869659423828,487.6090087890625,Lisaea,16,0,0,719,Lisaea,Lisaea,,,,,,,genus,,116.99999968210857,1981.6792805989583,216.53623580932617,2031.7042032877605,0.0,1.0
90,100,41.7599983215332,485.4429931640625,69.77006530761719,497.448974609375,strigosa,17,0,0,719,Lisaea,Lisaea,strigosa,Lisaea_strigosa_17_0,(Banks et Sol.) Eig ,,,,species,,173.99999300638834,2022.6791381835938,290.70860544840497,2072.704060872396,0.0,0.0
91,101,74.65670776367188,485.4429931640625,99.71559143066406,497.448974609375,(Banks,17,0,1,719,,Lisaea,,,,author_17_0,,,,,311.0696156819661,2022.6791381835938,415.4816309611003,2072.704060872396,0.0,0.0
92,102,103.86962890625,485.4429931640625,110.3462142944336,497.448974609375,et,17,0,2,719,,Lisaea,,,,author_17_0,,,,,432.7901204427083,2022.6791381835938,459.7758928934733,2072.704060872396,0.0,0.0
93,103,114.50021362304688,485.4429931640625,131.68521118164062,497.448974609375,Sol.),17,0,3,719,,Lisaea,,,,author_17_0,,,,,477.084223429362,2022.6791381835938,548.6883799235026,2072.704060872396,0.0,0.0
94,104,136.81637573242188,485.4429931640625,149.44976806640625,497.448974609375,Eig,17,0,4,719,,Lisaea,,,,author_17_0,,,,,570.0682322184244,2022.6791381835938,622.7073669433594,2072.704060872396,0.0,0.0
95,105,41.279998779296875,497.6319885253906,64.83200073242188,507.3999938964844,syriaca,17,1,0,719,Lisaea,Lisaea,syriaca,Lisaea_syriaca_17_1,Boiss. ,,,,species,,171.99999491373697,2073.4666188557944,270.1333363850911,2114.1666412353516,0.0,0.0
96,106,67.56935119628906,496.81597900390625,88.40291595458984,507.48797607421875,Boiss.,17,1,1,719,,Lisaea,,,,author_17_1,,,,,281.5389633178711,2070.066579182943,368.34548314412433,2114.533233642578,0.0,0.0
97,107,28.079999923706055,505.60302734375,65.10600280761719,517.6090087890625,Lobularia,18,0,0,719,Lobularia,Lobularia,,,,,,,genus,,116.99999968210857,2106.6792805989585,271.27501169840497,2156.7042032877603,0.0,1.0
98,108,41.52000045776367,515.6830444335938,76.1195068359375,527.6890258789062,maritima,19,0,0,719,Lobularia,Lobularia,maritima,Lobularia_maritima_19_0,(L.) Desv. ,,,,species,,173.00000190734863,2148.6793518066406,317.16461181640625,2198.704274495443,0.0,0.0
99,109,80.9774398803711,515.6830444335938,94.63350677490234,527.6890258789062,(L.),19,0,1,719,,Lobularia,,,,author_19_0,,,,,337.4059995015462,2148.6793518066406,394.30627822875977,2198.704274495443,0.0,0.0
100,110,99.4914321899414,515.6830444335938,120.15174102783203,527.6890258789062,Desv.,19,0,2,719,,Lobularia,,,,author_19_0,,,,,414.54763412475586,2148.6793518066406,500.6322542826335,2198.704274495443,0.0,0.0
101,111,27.360000610351562,526.0029907226562,72.48023223876953,538.0089721679688,Lophochloa,20,0,0,719,Lophochloa,Lophochloa,,,,,,,genus,,114.00000254313152,2191.679128011068,302.00096766153973,2241.7040506998696,0.0,1.0
102,112,41.52000045776367,535.843017578125,74.05437469482422,547.8489990234375,berythea,21,0,0,719,Lophochloa,Lophochloa,berythea,Lophochloa_berythea_21_0,(Boiss. et Bl.) Bor ,,,,species,,173.00000190734863,2232.679239908854,308.5598945617676,2282.7041625976562,0.0,0.0
103,113,79.07763671875,535.843017578125,103.0158462524414,547.8489990234375,(Boiss.,21,0,1,719,,Lophochloa,,,,author_21_0,,,,,329.4901529947917,2232.679239908854,429.23269271850586,2282.7041625976562,0.0,0.0
104,114,107.5609359741211,535.843017578125,114.02662658691406,547.8489990234375,et,21,0,2,719,,Lophochloa,,,,author_21_0,,,,,448.1705665588379,2232.679239908854,475.1109441121419,2282.7041625976562,0.0,0.0
105,115,118.09354400634766,535.843017578125,131.39320373535156,547.8489990234375,Bl.),21,0,3,719,,Lophochloa,,,,author_21_0,,,,,492.0564333597819,2232.679239908854,547.4716822306315,2282.7041625976562,0.0,0.0
106,116,136.1768798828125,535.843017578125,149.4666290283203,547.8489990234375,Bor,21,0,4,719,,Lophochloa,,,,author_21_0,,,,,567.4036661783854,2232.679239908854,622.7776209513346,2282.7041625976562,0.0,0.0
107,117,41.279998779296875,546.1630249023438,80.72853088378906,558.1690063476562,obtusiflora,21,1,0,719,Lophochloa,Lophochloa,obtusiflora,Lophochloa_obtusiflora_21_1,(Boiss.) Gontsch. ,,,,species,,171.99999491373697,2275.679270426432,336.3688786824544,2325.7041931152344,0.0,0.0
108,118,85.91909790039062,546.1630249023438,112.60553741455078,558.1690063476562,(Boiss.),21,1,1,719,,Lophochloa,,,,author_21_1,,,,,357.9962412516276,2275.679270426432,469.1897392272949,2325.7041931152344,0.0,0.0
109,119,118.06934356689453,546.1630249023438,151.35215759277344,558.1690063476562,Gontsch.,21,1,2,719,,Lophochloa,,,,author_21_1,,,,,491.95559819539386,2275.679270426432,630.6339899698893,2325.7041931152344,0.0,0.0
110,120,41.040000915527344,556.0029907226562,76.15827178955078,568.0089721679688,phleoides,21,2,0,719,Lophochloa,Lophochloa,phleoides,Lophochloa_phleoides_21_2,(Vill.) Reichb. ,,,,species,,171.00000381469727,2316.679128011068,317.3261324564616,2366.7040506998696,0.0,0.0
111,121,81.0502700805664,556.0029907226562,103.8802719116211,568.0089721679688,(Vill.),21,2,1,719,,Lophochloa,,,,author_21_2,,,,,337.7094586690267,2316.679128011068,432.8344662984212,2366.7040506998696,0.0,0.0
112,122,108.52732849121094,556.0029907226562,138.153076171875,568.0089721679688,Reichb.,21,2,2,719,,Lophochloa,,,,author_21_2,,,,,452.1972020467122,2316.679128011068,575.6378173828125,2366.7040506998696,0.0,0.0
113,123,41.040000915527344,565.60302734375,67.62200927734375,577.6090087890625,pumila,21,3,0,719,Lophochloa,Lophochloa,pumila,Lophochloa_pumila_21_3,(Desf.) Bor ,,,,species,,171.00000381469727,2356.6792805989585,281.7583719889323,2406.7042032877603,0.0,0.0
114,124,72.13542175292969,565.60302734375,96.14490509033203,577.6090087890625,(Desf.),21,3,1,719,,Lophochloa,,,,author_21_3,,,,,300.5642573038737,2356.6792805989585,400.6037712097168,2406.7042032877603,0.0,0.0
115,125,100.65831756591797,565.60302734375,113.94808197021484,577.6090087890625,Bor,21,3,2,719,,Lophochloa,,,,author_21_3,,,,,419.4096565246582,2356.6792805989585,474.7836748758952,2406.7042032877603,0.0,0.0
116,126,27.360000610351562,575.2030029296875,48.579654693603516,587.208984375,Lotus,22,0,0,719,Lotus,Lotus,,,,,,,genus,,114.00000254313152,2396.6791788736978,202.41522789001465,2446.7041015625,0.0,1.0
117,128,41.040000915527344,584.56298828125,91.88640594482422,596.5689697265625,angustissimus,23,0,0,719,Lotus,Lotus,angustissimus,Lotus_angustissimus_23_0,L. ,,,,species,,171.00000381469727,2435.6791178385415,382.8600247701009,2485.7040405273438,0.0,0.0
118,129,96.46218872070312,584.56298828125,104.3128890991211,596.5689697265625,L.,23,0,1,719,,Lotus,,,,author_23_0,,,,,401.925786336263,2435.6791178385415,434.6370379130046,2485.7040405273438,0.0,0.0
119,130,40.79999923706055,594.4030151367188,69.11699676513672,606.4089965820312,carmeli,23,1,0,719,Lotus,Lotus,carmeli,Lotus_carmeli_23_1,Boiss. ,,,,species,,169.9999968210856,2476.679229736328,287.987486521403,2526.7041524251304,0.0,0.0
120,131,72.69584655761719,594.4030151367188,93.99272918701172,606.4089965820312,Boiss.,23,1,1,719,,Lotus,,,,author_23_1,,,,,302.8993606567383,2476.679229736328,391.6363716125488,2526.7041524251304,0.0,0.0
121,210,249.60000610351562,45.28301239013672,300.1880187988281,57.28900909423828,coimbricensis,49,0,0,719,Lotus,Lotus,coimbricensis,Lotus_coimbricensis_49_0,Brot. ,,,,species,,1040.0000254313152,188.67921829223633,1250.783411661784,238.70420455932617,1.0,3.0
122,211,304.4044189453125,45.28301239013672,322.9530944824219,57.28900909423828,Brot.,49,0,1,719,,Lotus,,,,author_49_0,,,,,1268.3517456054688,188.67921829223633,1345.6378936767578,238.70420455932617,1.0,3.0
123,212,249.60000610351562,53.68297576904297,295.3302001953125,65.68897247314453,corniculatus,49,1,0,719,Lotus,Lotus,corniculatus,Lotus_corniculatus_49_1,L. ,,,,species,,1040.0000254313152,223.6790657043457,1230.542500813802,273.70405197143555,1.0,3.0
124,213,299.85845947265625,53.68297576904297,307.8329162597656,65.68897247314453,L.,49,1,1,719,,Lotus,,,,author_49_1,,,,,1249.4102478027344,223.6790657043457,1282.6371510823567,273.70405197143555,1.0,3.0
125,214,249.36000061035156,65.15200805664062,274.6880187988281,74.92001342773438,creticus,49,2,0,719,Lotus,Lotus,creticus,Lotus_creticus_49_2,L. ,,,,species,,1039.0000025431316,271.4667002360026,1144.533411661784,312.1667226155599,1.0,3.0
126,215,277.8035583496094,64.33601379394531,284.9622497558594,75.00801086425781,L.,49,2,1,719,,Lotus,,,,author_49_2,,,,,1157.5148264567058,268.0667241414388,1187.3427073160808,312.5333786010742,1.0,3.0
127,216,249.1199951171875,72.88298797607422,285.0451965332031,84.88898468017578,cytisoides,49,3,0,719,Lotus,Lotus,cytisoides,Lotus_cytisoides_49_3,L. ,,,,species,,1037.999979654948,303.6791165669759,1187.6883188883464,353.70410283406574,1.0,3.0
128,217,289.2012023925781,72.88298797607422,297.0331115722656,84.88898468017578,L.,49,3,1,719,,Lotus,,,,author_49_3,,,,,1205.0050099690754,303.6791165669759,1237.6379648844402,353.70410283406574,1.0,3.0
129,218,249.1199951171875,82.72301483154297,270.9306640625,94.72901153564453,edulis,49,4,0,719,Lotus,Lotus,edulis,Lotus_edulis_49_4,L. ,,,,species,,1037.999979654948,344.6792284647624,1128.8777669270833,394.70421473185223,1.0,3.0
130,219,274.7639465332031,82.72301483154297,282.6324768066406,94.72901153564453,L.,49,4,1,719,,Lotus,,,,author_49_4,,,,,1144.8497772216797,344.6792284647624,1177.6353200276692,394.70421473185223,1.0,3.0
131,220,249.1199951171875,92.08300018310547,275.4164123535156,104.08899688720703,gebelia,49,5,0,719,Lotus,Lotus,gebelia,Lotus_gebelia_49_5,Vent. ,,,,species,,1037.999979654948,383.67916742960614,1147.5683848063152,433.704153696696,1.0,3.0
132,221,279.648681640625,92.08300018310547,300.39312744140625,104.08899688720703,Vent.,49,5,1,719,,Lotus,,,,author_49_5,,,,,1165.2028401692708,383.67916742960614,1251.6380310058594,433.704153696696,1.0,3.0
133,222,248.8800048828125,103.55197143554688,274.21600341796875,113.31997680664062,kirsutus,49,6,0,719,Lotus,Lotus,kirsutus,Lotus_kirsutus_49_6,L. ,,,,species,,1037.000020345052,431.466547648112,1142.5666809082031,472.16657002766925,1.0,3.0
134,223,279.4837951660156,102.73597717285156,286.6424865722656,113.40797424316406,L.,49,6,1,719,,Lotus,,,,author_49_6,,,,,1164.5158131917317,428.06657155354816,1194.3436940511067,472.5332260131836,1.0,3.0
135,224,247.9199981689453,111.0429916381836,279.76531982421875,123.04898834228516,judaicus,49,7,0,719,Lotus,Lotus,judaicus,Lotus_judaicus_49_7,Boiss. ex Bornm. ,,,,species,,1032.9999923706055,462.67913182576496,1165.6888326009114,512.7041180928549,1.0,3.0
136,225,283.5085144042969,111.0429916381836,304.60736083984375,123.04898834228516,Boiss.,49,7,1,719,,Lotus,,,,author_49_7,,,,,1181.2854766845703,462.67913182576496,1269.1973368326824,512.7041180928549,1.0,3.0
137,226,308.81884765625,111.0429916381836,317.31500244140625,123.04898834228516,ex,49,7,2,719,,Lotus,,,,author_49_7,,,,,1286.7451985677083,462.67913182576496,1322.1458435058594,512.7041180928549,1.0,3.0
138,227,320.58990478515625,111.0429916381836,348.6336364746094,123.04898834228516,Bornm.,49,7,3,719,,Lotus,,,,author_49_7,,,,,1335.7912699381511,462.67913182576496,1452.640151977539,512.7041180928549,1.0,3.0
139,228,248.8800048828125,122.51199340820312,293.76800537109375,132.27999877929688,lamprocarpus,49,8,0,719,Lotus,Lotus,lamprocarpus,Lotus_lamprocarpus_49_8,Boiss. ,,,,species,,1037.000020345052,510.4666392008464,1224.0333557128906,551.1666615804037,1.0,3.0
140,229,296.7687072753906,121.69599914550781,317.6022644042969,132.3679962158203,Boiss.,49,8,1,719,,Lotus,,,,author_49_8,,,,,1236.5362803141277,507.06666310628253,1323.342768351237,551.533317565918,1.0,3.0
141,230,248.63999938964844,130.72300720214844,293.2020568847656,142.72901916503906,lahuginosus,49,9,0,719,Lotus,Lotus,lahuginosus,Lotus_lahuginosus_49_9,Vent. ,,,,species,,1035.9999974568684,544.6791966756185,1221.6752370198567,594.7042465209961,1.0,3.0
142,231,298.1282958984375,130.72300720214844,318.87274169921875,142.72901916503906,Vent.,49,9,1,719,,Lotus,,,,author_49_9,,,,,1242.2012329101562,544.6791966756185,1328.6364237467449,594.7042465209961,1.0,3.0
143,232,248.8800048828125,141.71200561523438,284.44000244140625,151.48001098632812,libanoticus,49,10,0,719,Lotus,Lotus,libanoticus,Lotus_libanoticus_49_10,Boiss. ,,,,species,,1037.000020345052,590.4666900634766,1185.1666768391926,631.1667124430338,1.0,3.0
144,233,287.88916015625,140.89601135253906,308.72271728515625,151.56800842285156,Boiss.,49,10,1,719,,Lotus,,,,author_49_10,,,,,1199.5381673177083,587.0667139689127,1286.3446553548176,631.5333684285482,1.0,3.0
145,234,248.63999938964844,149.44300842285156,311.7348327636719,161.4490203857422,ornithopodioides,49,11,0,719,Lotus,Lotus,ornithopodioides,Lotus_ornithopodioides_49_11,L. ,,,,species,,1035.9999974568684,622.6792017618815,1298.8951365152996,672.7042516072592,1.0,3.0
146,235,316.96600341796875,149.44300842285156,324.8721618652344,161.4490203857422,L.,49,11,1,719,,Lotus,,,,author_49_11,,,,,1320.6916809082031,622.6792017618815,1353.6340077718098,672.7042516072592,1.0,3.0
147,236,247.44000244140625,160.4409942626953,288.4440612792969,171.42999267578125,palaestinus,49,12,0,719,Lotus,Lotus,palaestinus,Lotus_palaestinus_49_12,(Boiss.) Bornm. ,,,,species,,1031.0000101725261,668.5041427612305,1201.8502553304036,714.2916361490885,1.0,3.0
148,237,290.70819091796875,159.5229949951172,317.186767578125,171.5290069580078,(Boiss.),49,12,1,719,,Lotus,,,,author_49_12,,,,,1211.2841288248699,664.6791458129883,1321.6115315755208,714.7041956583658,1.0,3.0
149,238,319.5914611816406,159.5229949951172,347.4322509765625,171.5290069580078,Bornm.,49,12,2,719,,Lotus,,,,author_49_12,,,,,1331.631088256836,664.6791458129883,1447.6343790690105,714.7041956583658,1.0,3.0
150,239,248.39999389648438,169.1230010986328,279.9107666015625,181.12901306152344,palustris,49,13,0,719,Lotus,Lotus,palustris,Lotus_palustris_49_13,Willd. ,,,,species,,1034.9999745686848,704.6791712443033,1166.2948608398438,754.704221089681,1.0,3.0
151,240,284.13311767578125,169.1230010986328,307.5931701660156,181.12901306152344,Willd.,49,13,1,719,,Lotus,,,,author_49_13,,,,,1183.8879903157551,704.6791712443033,1281.6382090250652,754.704221089681,1.0,3.0
152,241,248.39999389648438,178.72300720214844,289.83160400390625,190.72901916503906,parviflorus,49,14,0,719,Lotus,Lotus,parviflorus,Lotus_parviflorus_49_14,Desf. ,,,,species,,1034.9999745686848,744.6791966756185,1207.6316833496094,794.7042465209961,1.0,3.0
153,242,293.65618896484375,178.72300720214844,311.9349060058594,190.72901916503906,Desf.,49,14,1,719,,Lotus,,,,author_49_14,,,,,1223.5674540201824,744.6791966756185,1299.728775024414,794.7042465209961,1.0,3.0
154,243,248.39999389648438,188.80299377441406,287.728759765625,200.8090057373047,peregrinus,49,15,0,719,Lotus,Lotus,peregrinus,Lotus_peregrinus_49_15,L. ,,,,species,,1034.9999745686848,786.6791407267252,1198.8698323567708,836.7041905721029,1.0,3.0
155,244,293.14208984375,188.80299377441406,301.1125793457031,200.8090057373047,L.,49,15,1,719,,Lotus,,,,author_49_15,,,,,1221.4253743489583,786.6791407267252,1254.635747273763,836.7041905721029,1.0,3.0
156,245,247.44000244140625,198.8409881591797,275.16796875,209.82998657226562,pusillus,49,16,0,719,Lotus,Lotus,pusillus,Lotus_pusillus_49_16,Medik. ,,,,species,,1031.0000101725261,828.5041173299154,1146.533203125,874.2916107177734,1.0,3.0
157,246,278.44586181640625,197.92298889160156,304.9521484375,209.9290008544922,Medik.,49,16,1,719,,Lotus,,,,author_49_16,,,,,1160.1910909016926,824.6791203816732,1270.6339518229167,874.7041702270508,1.0,3.0
158,247,248.39999389648438,208.4409942626953,268.39801025390625,219.42999267578125,redus,49,17,0,719,Lotus,Lotus,redus,Lotus_redus_49_17,L. ,,,,species,,1034.9999745686848,868.5041427612305,1118.3250427246094,914.2916361490885,1.0,3.0
159,248,271.037353515625,207.5229949951172,278.79302978515625,219.5290069580078,L.,49,17,1,719,,Lotus,,,,author_49_17,,,,,1129.3223063151042,864.6791458129883,1161.6376241048176,914.7041956583658,1.0,3.0
160,249,248.39999389648438,217.5609893798828,286.4070739746094,228.54998779296875,tenuifolius,49,18,0,719,Lotus,Lotus,tenuifolius,Lotus_tenuifolius_49_18,(L.) Reichenb. ,,,,species,,1034.9999745686848,906.5041224161783,1193.362808227539,952.2916158040365,1.0,3.0
161,250,289.4473876953125,216.6429901123047,303.28167724609375,228.6490020751953,(L.),49,18,1,719,,Lotus,,,,author_49_18,,,,,1206.030782063802,902.6791254679362,1263.6736551920574,952.7041753133138,1.0,3.0
162,251,306.32196044921875,216.6429901123047,344.5547180175781,228.6490020751953,Reichenb.,49,18,2,719,,Lotus,,,,author_49_18,,,,,1276.3415018717449,902.6791254679362,1435.6446584065754,952.7041753133138,1.0,3.0
163,252,248.39999389648438,226.72300720214844,270.64599609375,238.72901916503906,tenuis,49,19,0,719,Lotus,Lotus,tenuis,Lotus_tenuis_49_19,Waldst. et Kit. ,,,,species,,1034.9999745686848,944.6791966756185,1127.691650390625,994.7042465209961,1.0,3.0
164,253,274.5657653808594,226.72300720214844,303.7674865722656,238.72901916503906,Waldst.,49,19,1,719,,Lotus,,,,author_49_19,,,,,1144.0240224202473,944.6791966756185,1265.6978607177734,994.7042465209961,1.0,3.0
165,254,308.4224548339844,226.72300720214844,315.0990295410156,238.72901916503906,et,49,19,2,719,,Lotus,,,,author_49_19,,,,,1285.0935618082683,944.6791966756185,1312.9126230875652,994.7042465209961,1.0,3.0
166,255,319.0194091796875,226.72300720214844,333.7506103515625,238.72901916503906,Kit.,49,19,3,719,,Lotus,,,,author_49_19,,,,,1329.247538248698,944.6791966756185,1390.6275431315105,994.7042465209961,1.0,3.0
167,256,247.9199981689453,235.84300231933594,275.634033203125,247.84901428222656,villosus,49,20,0,719,Lotus,Lotus,villosus,Lotus_villosus_49_20,Forssk. ,,,,species,,1032.9999923706055,982.6791763305664,1148.4751383463542,1032.704226175944,1.0,3.0
168,257,281.3562316894531,235.84300231933594,307.3526611328125,247.84901428222656,Forssk.,49,20,1,719,,Lotus,,,,author_49_20,,,,,1172.317632039388,982.6791763305664,1280.6360880533855,1032.704226175944,1.0,3.0
169,258,234.47999572753906,245.44300842285156,270.15667724609375,257.4490051269531,Ludwigia,50,0,0,719,Ludwigia,Ludwigia,,,,,,,genus,,976.9999821980795,1022.6792017618815,1125.6528218587239,1072.7041880289714,1.0,4.0
170,259,247.9199981689453,256.4410095214844,272.1819152832031,267.42999267578125,diffusa,51,0,0,719,Ludwigia,Ludwigia,diffusa,Ludwigia_diffusa_51_0,(Forssk.) Greene ,,,,species,,1032.9999923706055,1068.5042063395183,1134.091313680013,1114.2916361490886,1.0,3.0
171,260,276.333984375,255.5229949951172,307.8704528808594,267.52899169921875,(Forssk.),51,0,1,719,,Ludwigia,,,,author_51_0,,,,,1151.3916015625,1064.6791458129883,1282.7935536702473,1114.7041320800781,1.0,3.0
172,261,312.0224914550781,255.5229949951172,338.8990173339844,267.52899169921875,Greene,51,0,2,719,,Ludwigia,,,,author_51_0,,,,,1300.093714396159,1064.6791458129883,1412.0792388916016,1114.7041320800781,1.0,3.0
173,262,247.67999267578125,265.1230163574219,279.40460205078125,277.1289978027344,palustris,51,1,0,719,Ludwigia,Ludwigia,palustris,Ludwigia_palustris_51_1,(L.) Elliott ,,,,species,,1031.9999694824219,1104.679234822591,1164.1858418782551,1154.7041575113933,1.0,3.0
174,263,283.9209899902344,265.1230163574219,297.5770568847656,277.1289978027344,(L.),51,1,1,719,,Ludwigia,,,,author_51_1,,,,,1183.0041249593098,1104.679234822591,1239.9044036865234,1154.7041575113933,1.0,3.0
175,264,302.09344482421875,265.1230163574219,325.42279052734375,277.1289978027344,Elliott,51,1,2,719,,Ludwigia,,,,author_51_1,,,,,1258.7226867675781,1104.679234822591,1355.9282938639324,1154.7041575113933,1.0,3.0
176,301,247.67999267578125,274.7230224609375,286.0553894042969,286.72900390625,stolonifera,64,0,0,719,Ludwigia,Ludwigia,stolonifera,Ludwigia_stolonifera_64_0,(Guill. et Perr.) Raven ,,,,species,,1031.9999694824219,1144.6792602539062,1191.897455851237,1194.7041829427083,1.0,3.0
177,302,291.2882385253906,274.7230224609375,315.7685852050781,286.72900390625,(Guill.,64,0,1,719,,Ludwigia,,,,author_64_0,,,,,1213.7009938557942,1144.6792602539062,1315.7024383544922,1194.7041829427083,1.0,3.0
178,303,320.5037536621094,274.7230224609375,327.07537841796875,286.72900390625,et,64,0,2,719,,Ludwigia,,,,author_64_0,,,,,1335.4323069254558,1144.6792602539062,1362.8140767415364,1194.7041829427083,1.0,3.0
179,304,331.5600891113281,274.7230224609375,352.8263244628906,286.72900390625,Perr.),64,0,3,719,,Ludwigia,,,,author_64_0,,,,,1381.5003712972004,1144.6792602539062,1470.1096852620442,1194.7041829427083,1.0,3.0
180,305,358.0594482421875,274.7230224609375,382.0362243652344,286.72900390625,Raven,64,0,4,719,,Ludwigia,,,,author_64_0,,,,,1491.9143676757812,1144.6792602539062,1591.8176015218098,1194.7041829427083,1.0,3.0
181,307,234.24000549316406,285.2409973144531,263.24700927734375,296.22998046875,Lunaria,65,0,0,719,Lunaria,Lunaria,,,,,,,genus,,976.0000228881836,1188.504155476888,1096.8625386555989,1234.2915852864583,1.0,4.0
182,308,247.67999267578125,294.36102294921875,272.2054138183594,305.3500061035156,scabra,66,0,0,719,Lunaria,Lunaria,scabra,Lunaria_scabra_66_0,Forssk. ,,,,species,,1031.9999694824219,1226.5042622884114,1134.189224243164,1272.2916920979817,1.0,3.0
183,309,273.705078125,293.4430236816406,299.9934997558594,305.4490051269531,Forssk.,66,0,1,719,,Lunaria,,,,author_66_0,,,,,1140.4378255208333,1222.6792653401692,1249.972915649414,1272.7041880289714,1.0,3.0
184,310,234.24000549316406,303.0429992675781,265.1339416503906,315.0489807128906,Lupinus,67,0,0,719,Lupinus,Lupinus,,,,,,,genus,,976.0000228881836,1262.679163614909,1104.7247568766277,1312.704086303711,1.0,4.0
185,311,247.67999267578125,313.6029968261719,267.4750061035156,325.6089782714844,albus,68,0,0,719,Lupinus,Lupinus,albus,Lupinus_albus_68_0,L. ,,,,species,,1031.9999694824219,1306.6791534423828,1114.4791920979817,1356.7040761311848,1.0,3.0
186,312,271.3587951660156,313.6029968261719,279.2728576660156,325.6089782714844,L.,68,0,1,719,,Lupinus,,,,author_68_0,,,,,1130.6616465250652,1306.6791534423828,1163.6369069417317,1356.7040761311848,1.0,3.0
187,313,247.67999267578125,322.2430114746094,294.1693420410156,334.2489929199219,angustifolius,68,1,0,719,Lupinus,Lupinus,angustifolius,Lupinus_angustifolius_68_1,L. ,,,,species,,1031.9999694824219,1342.679214477539,1225.7055918375652,1392.704137166341,1.0,3.0
188,314,299.518310546875,322.2430114746094,307.3531799316406,334.2489929199219,L.,68,1,1,719,,Lupinus,,,,author_68_1,,,,,1247.9929606119792,1342.679214477539,1280.6382497151692,1392.704137166341,1.0,3.0
189,315,247.67999267578125,332.322998046875,280.0857238769531,344.3289794921875,digitatus,68,2,0,719,Lupinus,Lupinus,digitatus,Lupinus_digitatus_68_2,Forssk. ,,,,species,,1031.9999694824219,1384.6791585286458,1167.0238494873047,1434.704081217448,1.0,3.0
190,316,285.19610595703125,332.322998046875,311.1925354003906,344.3289794921875,Forssk.,68,2,1,719,,Lupinus,,,,author_68_2,,,,,1188.3171081542969,1384.6791585286458,1296.6355641682942,1434.704081217448,1.0,3.0
191,317,247.44000244140625,341.9230041503906,277.0093078613281,353.9289855957031,hirsutus,68,3,0,719,Lupinus,Lupinus,hirsutus,Lupinus_hirsutus_68_3,L. ,,,,species,,1031.0000101725261,1424.679183959961,1154.2054494222004,1474.704106648763,1.0,3.0
192,318,281.6811218261719,341.9230041503906,289.59320068359375,353.9289855957031,L.,68,3,1,719,,Lupinus,,,,author_68_3,,,,,1173.6713409423828,1424.679183959961,1206.6383361816406,1474.704106648763,1.0,3.0
193,319,247.44000244140625,351.0429992675781,269.66156005859375,363.0489807128906,luteus,68,4,0,719,Lupinus,Lupinus,luteus,Lupinus_luteus_68_4,L. ,,,,species,,1031.0000101725261,1462.679163614909,1123.5898335774739,1512.704086303711,1.0,3.0
194,320,273.4601745605469,351.0429992675781,281.29010009765625,363.0489807128906,L.,68,4,1,719,,Lupinus,,,,author_68_4,,,,,1139.4173940022786,1462.679163614909,1172.0420837402344,1512.704086303711,1.0,3.0
195,322,246.24000549316406,362.2720031738281,268.6852722167969,372.0400085449219,pilosus,69,0,0,719,Lupinus,Lupinus,pilosus,Lupinus_pilosus_69_0,L. ,,,,species,,1026.0000228881836,1509.4666798909504,1119.521967569987,1550.1667022705078,1.0,3.0
196,323,274.6846923828125,361.45599365234375,281.8433837890625,372.12799072265625,L.,69,0,1,719,,Lupinus,,,,author_69_0,,,,,1144.519551595052,1506.0666402180989,1174.347432454427,1550.5332946777344,1.0,3.0
197,324,247.67999267578125,370.7230224609375,270.69500732421875,382.72900390625,termis,69,1,0,719,Lupinus,Lupinus,termis,Lupinus_termis_69_1,Forssk. ,,,,species,,1031.9999694824219,1544.6792602539062,1127.8958638509114,1594.7041829427083,1.0,3.0
198,325,274.7351989746094,370.7230224609375,300.73162841796875,382.72900390625,Forssk.,69,1,1,719,,Lupinus,,,,author_69_1,,,,,1144.729995727539,1544.6792602539062,1253.0484517415364,1594.7041829427083,1.0,3.0
199,327,233.75999450683594,381.7120056152344,273.31201171875,391.4800109863281,Lycopodium,70,0,0,719,Lycopodium,Lycopodium,,,,,,,genus,,973.9999771118164,1590.4666900634766,1138.800048828125,1631.166712443034,1.0,4.0
200,328,247.1999969482422,391.3119812011719,275.1920166015625,401.0799865722656,cernuum,71,0,0,719,Lycopodium,Lycopodium,cernuum,Lycopodium_cernuum_71_0,L. ,,,,species,,1029.9999872843425,1630.466588338216,1146.6334025065105,1671.1666107177734,1.0,3.0
201,329,279.2441101074219,390.4959716796875,286.4028015136719,401.16796875,L.,71,0,1,719,,Lycopodium,,,,author_71_0,,,,,1163.517125447591,1627.0665486653645,1193.345006306966,1671.533203125,1.0,3.0
202,330,233.52000427246094,399.04302978515625,254.98814392089844,411.04901123046875,Lygia,72,0,0,719,Lygia,Lygia,,,,,,,genus,,973.0000178019205,1662.6792907714844,1062.4505996704102,1712.7042134602864,1.0,4.0
203,331,246.9600067138672,408.64300537109375,274.71466064453125,420.64898681640625,aucheri,73,0,0,719,Lygia,Lygia,aucheri,Lygia_aucheri_73_0,(Meisn.) Boiss. ,,,,species,,1029.0000279744465,1702.6791890462239,1144.6444193522136,1752.7041117350261,1.0,3.0
204,332,279.3666687011719,408.64300537109375,311.1407470703125,420.64898681640625,(Meisn.),73,0,1,719,,Lygia,,,,author_73_0,,,,,1164.0277862548828,1702.6791890462239,1296.4197794596355,1752.7041117350261,1.0,3.0
205,333,314.81365966796875,408.64300537109375,335.9125061035156,420.64898681640625,Boiss.,73,0,2,719,,Lygia,,,,author_73_0,,,,,1311.7235819498699,1702.6791890462239,1399.6354420979817,1752.7041117350261,1.0,3.0
206,334,246.9600067138672,418.2430114746094,281.28631591796875,430.2489929199219,passerina,73,1,0,719,Lygia,Lygia,passerina,Lygia_passerina_73_1,(L.) Fasano ,,,,species,,1029.0000279744465,1742.679214477539,1172.0263163248699,1792.704137166341,1.0,3.0
207,335,286.00762939453125,418.2430114746094,299.8419189453125,430.2489929199219,(L.),73,1,1,719,,Lygia,,,,author_73_1,,,,,1191.6984558105469,1742.679214477539,1249.341328938802,1792.704137166341,1.0,3.0
208,336,304.8245849609375,418.2430114746094,331.25457763671875,430.2489929199219,Fasano,73,1,2,719,,Lygia,,,,author_73_1,,,,,1270.1024373372395,1742.679214477539,1380.2274068196614,1792.704137166341,1.0,3.0
209,337,246.72000122070312,427.843017578125,284.2113342285156,439.8489990234375,pubescens,73,2,0,719,Lygia,Lygia,pubescens,Lygia_pubescens_73_2,(Guss.) C.A. Mey. ,,,,species,,1028.000005086263,1782.6792399088542,1184.2138926188152,1832.7041625976562,1.0,3.0
210,338,288.878173828125,427.843017578125,314.4914245605469,439.8489990234375,(Guss.),73,2,1,719,,Lygia,,,,author_73_2,,,,,1203.6590576171875,1782.6792399088542,1310.3809356689453,1832.7041625976562,1.0,3.0
211,339,319.1582946777344,427.843017578125,336.25360107421875,439.8489990234375,C.A.,73,2,2,719,,Lygia,,,,author_73_2,,,,,1329.8262278238933,1782.6792399088542,1401.0566711425781,1832.7041625976562,1.0,3.0
212,340,340.6749572753906,427.843017578125,359.91461181640625,439.8489990234375,Mey.,73,2,3,719,,Lygia,,,,author_73_2,,,,,1419.478988647461,1782.6792399088542,1499.6442159016926,1832.7041625976562,1.0,3.0
213,341,233.27999877929688,437.4429931640625,296.70135498046875,449.448974609375,LYTHRACEAE,74,0,0,719,,,,,,,,,,,971.9999949137369,1822.6791381835938,1236.2556457519531,1872.7040608723958,1.0,4.0
214,342,233.52000427246094,446.8030090332031,267.2400207519531,458.8089904785156,Lythrum,74,1,0,719,Lythrum,Lythrum,,,,,,,genus,,973.0000178019205,1861.679204305013,1113.5000864664714,1911.7041269938152,1.0,4.0
215,343,246.9600067138672,458.2720031738281,289.6240234375,468.0400085449219,bibracteatum,75,0,0,719,Lythrum,Lythrum,bibracteatum,Lythrum_bibracteatum_75_0,Salzm. ,,,,species,,1029.0000279744465,1909.4666798909504,1206.7667643229167,1950.1667022705078,1.0,3.0
216,344,294.35662841796875,457.45599365234375,319.28668212890625,468.12799072265625,Salzm.,75,0,1,719,,Lythrum,,,,author_75_0,,,,,1226.4859517415364,1906.0666402180989,1330.3611755371094,1950.5332946777344,1.0,3.0
217,345,244.8000030517578,467.8719787597656,282.67340087890625,477.6399841308594,flexuosum,75,1,0,719,Lythrum,Lythrum,flexuosum,Lythrum_flexuosum_75_1,Auct. ,,,,species,,1020.0000127156576,1949.4665781656902,1177.8058369954426,1990.1666005452473,1.0,3.0
218,346,284.0059509277344,467.05596923828125,304.2613220214844,477.72796630859375,Auct.,75,1,1,719,,Lythrum,,,,author_75_1,,,,,1183.3581288655598,1946.0665384928386,1267.7555084228516,1990.5331929524739,1.0,3.0
219,347,246.24000549316406,477.4720153808594,274.239990234375,487.2400207519531,graefferi,75,2,0,719,Lythrum,Lythrum,graefferi,Lythrum_graefferi_75_2,Ten. ,,,,species,,1026.0000228881836,1989.4667307535808,1142.6666259765625,2030.166753133138,1.0,3.0
220,348,277.9346618652344,476.656005859375,294.80230712890625,487.3280029296875,Ten.,75,2,1,719,,Lythrum,,,,author_75_2,,,,,1158.0610911051433,1986.0666910807292,1228.3429463704426,2030.5333455403645,1.0,3.0
221,349,246.72000122070312,485.4429931640625,289.46429443359375,497.448974609375,hyssopifolia,75,3,0,719,Lythrum,Lythrum,hyssopifolia,Lythrum_hyssopifolia_75_3,L. ,,,,species,,1028.000005086263,2022.6791381835938,1206.1012268066406,2072.704060872396,1.0,3.0
222,350,294.954833984375,485.4429931640625,302.79266357421875,497.448974609375,L.,75,3,1,719,,Lythrum,,,,author_75_3,,,,,1228.9784749348958,2022.6791381835938,1261.6360982259114,2072.704060872396,1.0,3.0
223,351,245.52000427246094,495.52301025390625,279.25604248046875,507.52899169921875,jun'ceum,75,4,0,719,Lythrum,Lythrum,jun'ceum,Lythrum_jun'ceum_75_4,Banks et Sol. ,,,,species,,1023.0000178019205,2064.679209391276,1163.5668436686199,2114.704132080078,1.0,3.0
224,352,283.6783752441406,495.52301025390625,306.0602722167969,507.52899169921875,Banks,75,4,1,719,,Lythrum,,,,author_75_4,,,,,1181.9932301839192,2064.679209391276,1275.2511342366536,2114.704132080078,1.0,3.0
225,353,310.48260498046875,495.52301025390625,317.0037536621094,507.52899169921875,et,75,4,2,719,,Lythrum,,,,author_75_4,,,,,1293.6775207519531,2064.679209391276,1320.8489735921223,2114.704132080078,1.0,3.0
226,354,321.42547607421875,495.52301025390625,335.668701171875,507.52899169921875,Sol.,75,4,3,719,,Lythrum,,,,author_75_4,,,,,1339.2728169759114,2064.679209391276,1398.6195882161458,2114.704132080078,1.0,3.0
227,355,246.72000122070312,506.2720031738281,286.75555419921875,516.0399780273438,mucronatum,75,5,0,719,Lythrum,Lythrum,mucronatum,Lythrum_mucronatum_75_5,Link ,,,,species,,1028.000005086263,2109.4666798909507,1194.8148091634114,2150.166575113932,1.0,3.0
228,356,291.220458984375,505.45599365234375,308.1117858886719,516.1279907226562,Link,75,5,1,719,,Lythrum,,,,author_75_5,,,,,1213.4185791015625,2106.066640218099,1283.799107869466,2150.5332946777344,1.0,3.0
229,357,246.47999572753906,514.0029907226562,277.45904541015625,526.0089721679688,salicaria,75,6,0,719,Lythrum,Lythrum,salicaria,Lythrum_salicaria_75_6,L. ,,,,species,,1026.9999821980794,2141.679128011068,1156.0793558756511,2191.7040506998696,1.0,3.0
230,358,281.4556884765625,514.0029907226562,289.3519287109375,526.0089721679688,L.,75,6,1,719,,Lythrum,,,,author_75_6,,,,,1172.7320353190105,2141.679128011068,1205.633036295573,2191.7040506998696,1.0,3.0
231,359,246.47999572753906,525.2319946289062,281.1520080566406,534.9999389648438,salzmannii,75,7,0,719,Lythrum,Lythrum,salzmannii,Lythrum_salzmannii_75_7,Jord. ,,,,species,,1026.9999821980794,2188.4666442871094,1171.4667002360027,2229.1664123535156,1.0,3.0
232,360,288.0107116699219,524.4159545898438,307.5216369628906,535.0879516601562,Jord.,75,7,1,719,,Lythrum,,,,author_75_7,,,,,1200.0446319580078,2185.066477457682,1281.3401540120442,2229.533131917318,1.0,3.0
233,361,246.47999572753906,535.072021484375,284.75732421875,544.8399658203125,tomentosum,75,8,0,719,Lythrum,Lythrum,tomentosum,Lythrum_tomentosum_75_8,Mill. ,,,,species,,1026.9999821980794,2229.466756184896,1186.4888509114583,2270.1665242513022,1.0,3.0
234,362,289.04400634765625,534.2559814453125,307.0422058105469,544.927978515625,Mill.,75,8,1,719,,Lythrum,,,,author_75_8,,,,,1204.3500264485676,2226.0665893554688,1279.342524210612,2270.533243815104,1.0,3.0
235,363,246.72000122070312,542.8030395507812,298.445556640625,554.8090209960938,tribracteatum,75,9,0,719,Lythrum,Lythrum,tribracteatum,Lythrum_tribracteatum_75_9,Salzm. ,,,,species,,1028.000005086263,2261.6793314615884,1243.5231526692708,2311.7042541503906,1.0,3.0
236,364,304.4598083496094,542.8030395507812,329.9127197265625,554.8090209960938,Salzm.,75,9,1,719,,Lythrum,,,,author_75_9,,,,,1268.582534790039,2261.6793314615884,1374.6363321940105,2311.7042541503906,1.0,3.0
237,366,232.8000030517578,575.4429931640625,271.5169982910156,587.448974609375,MalabaHa,77,0,0,719,MalabaHa,MalabaHa,,,,,,,genus,,970.0000127156576,2397.6791381835938,1131.3208262125652,2447.704060872396,1.0,4.0
238,367,246.0,585.5230102539062,285.6405944824219,597.5289916992188,graveolens,78,0,0,719,MalabaHa,MalabaHa,graveolens,MalabaHa_graveolens_78_0,(M. Bieb.) Hoffm. ,,,,species,,1025.0,2439.679209391276,1190.1691436767578,2489.704132080078,1.0,3.0
239,368,290.3302307128906,585.5230102539062,304.1427307128906,597.5289916992188,(M.,78,0,1,719,,MalabaHa,,,,author_78_0,,,,,1209.7092946370442,2439.679209391276,1267.2613779703777,2489.704132080078,1.0,3.0
240,369,308.3116455078125,585.5230102539062,330.5054931640625,597.5289916992188,Bieb.),78,0,2,719,,MalabaHa,,,,author_78_0,,,,,1284.631856282552,2439.679209391276,1377.106221516927,2489.704132080078,1.0,3.0
241,370,335.1958923339844,585.5230102539062,361.116455078125,597.5289916992188,Hoffm.,78,0,3,719,,MalabaHa,,,,author_78_0,,,,,1396.6495513916016,2439.679209391276,1504.6518961588542,2489.704132080078,1.0,3.0
242,371,246.0,595.363037109375,272.7092590332031,607.3690185546875,secacul,78,1,0,719,MalabaHa,MalabaHa,secacul,MalabaHa_secacul_78_1,(Banks et Sol.) Boiss. ,,,,species,,1025.0,2480.6793212890625,1136.288579305013,2530.7042439778647,1.0,3.0
243,372,276.7019348144531,595.363037109375,301.5628662109375,607.3690185546875,(Banks,78,1,1,719,,MalabaHa,,,,author_78_1,,,,,1152.9247283935547,2480.6793212890625,1256.511942545573,2530.7042439778647,1.0,3.0
244,373,305.0872802734375,595.363037109375,311.5094299316406,607.3690185546875,et,78,1,2,719,,MalabaHa,,,,author_78_1,,,,,1271.197001139323,2480.6793212890625,1297.9559580485027,2530.7042439778647,1.0,3.0
245,374,314.7984313964844,595.363037109375,331.9834289550781,607.3690185546875,Sol.),78,1,3,719,,MalabaHa,,,,author_78_1,,,,,1311.6601308186848,2480.6793212890625,1383.2642873128254,2530.7042439778647,1.0,3.0
246,375,335.9761047363281,595.363037109375,357.27301025390625,607.3690185546875,Boiss.,78,1,4,719,,MalabaHa,,,,author_78_1,,,,,1399.9004364013672,2480.6793212890625,1488.6375427246094,2530.7042439778647,1.0,3.0
0,3,27.360000610351562,45.7213134765625,68.8687744140625,57.634613037109375,Malcolmia,1,0,0,720,Malcolmia,Malcolmia,,,,,,,genus,,114.00000254313152,190.5054728190104,286.95322672526044,240.14422098795572,0.0,0.0
1,4,40.79999923706055,55.3212890625,70.75444030761719,67.23458862304688,africana,2,0,0,720,Malcolmia,Malcolmia,africana,Malcolmia_africana_2_0,(L.) R. Br. ,,,,species,,169.9999968210856,230.50537109375,294.81016794840497,280.1441192626953,0.0,1.0
2,5,75.27396392822266,55.3212890625,90.00265502929688,67.23458862304688,(L.),2,0,1,720,,Malcolmia,,,,author_2_0,,,,,313.6415163675944,230.50537109375,375.0110626220703,280.1441192626953,0.0,1.0
3,6,94.52217102050781,55.3212890625,103.7215576171875,67.23458862304688,R.,2,0,2,720,,Malcolmia,,,,author_2_0,,,,,393.8423792521159,230.50537109375,432.17315673828125,280.1441192626953,0.0,1.0
4,7,107.78921508789062,55.3212890625,119.54971313476562,67.23458862304688,Br.,2,0,3,720,,Malcolmia,,,,author_2_0,,,,,449.1217295328776,230.50537109375,498.1238047281901,280.1441192626953,0.0,1.0
5,8,40.560001373291016,65.13341522216797,77.00289154052734,76.7119140625,auranitica,2,1,0,720,Malcolmia,Malcolmia,auranitica,Malcolmia_auranitica_2_1,Post. ,,,,species,,169.0000057220459,271.3892300923665,320.84538141886395,319.6329752604167,0.0,1.0
6,9,78.5531005859375,65.16131591796875,97.5097427368164,77.07461547851562,Post.,2,1,1,720,,Malcolmia,,,,author_2_1,,,,,327.30458577473956,271.50548299153644,406.29059473673504,321.14423116048175,0.0,1.0
7,10,40.79999923706055,74.73339080810547,64.71189880371094,86.3118896484375,bungei,2,2,0,720,Malcolmia,Malcolmia,bungei,Malcolmia_bungei_2_2,Boiss. ,,,,species,,169.9999968210856,311.38912836710614,269.6329116821289,359.63287353515625,0.0,1.0
8,11,66.26170349121094,74.76129150390625,88.11238098144531,86.67459106445312,Boiss.,2,2,1,720,,Malcolmia,,,,author_2_2,,,,,276.0904312133789,311.50538126627606,367.13492075602215,361.1441294352214,0.0,1.0
9,12,40.560001373291016,84.361328125,55.9813232421875,96.27462768554688,chia,2,3,0,720,Malcolmia,Malcolmia,chia,Malcolmia_chia_2_3,(L.) D.C. ,,,,species,,169.0000057220459,351.5055338541667,233.2555135091146,401.144282023112,0.0,1.0
10,13,60.63603210449219,84.361328125,74.46894836425781,96.27462768554688,(L.),2,3,1,720,,Malcolmia,,,,author_2_3,,,,,252.65013376871744,351.5055338541667,310.2872848510742,401.144282023112,0.0,1.0
11,14,79.3558578491211,84.361328125,97.8594970703125,96.27462768554688,D.C.,2,3,2,720,,Malcolmia,,,,author_2_3,,,,,330.6494077046712,351.5055338541667,407.74790445963544,401.144282023112,0.0,1.0
12,15,40.31999969482422,95.66500854492188,63.805503845214844,105.00250244140625,confusa,2,4,0,720,Malcolmia,Malcolmia,confusa,Malcolmia_confusa_2_4,Boiss. ,,,,species,,167.99999872843424,398.6042022705078,265.8562660217285,437.5104268391927,0.0,1.0
13,16,70.48599243164062,95.68750762939453,90.60295104980469,105.29500579833984,Boiss.,2,4,1,720,,Malcolmia,,,,author_2_4,,,,,293.69163513183594,398.69794845581055,377.51229604085285,438.729190826416,0.0,1.0
14,17,40.31999969482422,105.26498413085938,83.15201568603516,114.60247802734375,conringioides,2,5,0,720,Malcolmia,Malcolmia,conringioides,Malcolmia_conringioides_2_5,Boiss. ,,,,species,,167.99999872843424,438.6041005452474,346.4667320251465,477.5103251139323,0.0,1.0
15,18,87.35942077636719,105.28748321533203,108.63921356201172,114.89498138427734,Boiss.,2,5,1,720,,Malcolmia,,,,author_2_5,,,,,363.9975865681966,438.6978467305501,452.6633898417155,478.7290891011556,0.0,1.0
16,19,40.31999969482422,114.864990234375,86.42655944824219,124.20248413085938,contortuplicata,2,6,0,720,Malcolmia,Malcolmia,contortuplicata,Malcolmia_contortuplicata_2_6,(Steph.) Boiss. ,,,,species,,167.99999872843424,478.6041259765625,360.1106643676758,517.5103505452474,0.0,1.0
17,20,92.6939926147461,114.88748931884766,122.38644409179688,124.49498748779297,(Steph.),2,6,1,720,,Malcolmia,,,,author_2_6,,,,,386.2249692281087,478.69787216186523,509.9435170491536,518.7291145324707,0.0,1.0
18,21,128.3253936767578,114.88748931884766,148.44235229492188,124.49498748779297,Boiss.,2,6,2,720,,Malcolmia,,,,author_2_6,,,,,534.6891403198242,478.69787216186523,618.5098012288412,518.7291145324707,0.0,1.0
19,22,40.560001373291016,122.76129150390625,76.99236297607422,134.67459106445312,crenulata,2,7,0,720,Malcolmia,Malcolmia,crenulata,Malcolmia_crenulata_2_7,(D.C.) Boiss. ,,,,species,,169.0000057220459,511.50538126627606,320.80151240030926,561.1441294352213,0.0,1.0
20,23,81.16609954833984,122.76129150390625,106.74830627441406,134.67459106445312,(D.C.),2,7,1,720,,Malcolmia,,,,author_2_7,,,,,338.192081451416,511.50538126627606,444.7846094767253,561.1441294352213,0.0,1.0
21,24,110.92204284667969,122.76129150390625,131.7903289794922,134.67459106445312,Boiss.,2,7,2,720,,Malcolmia,,,,author_2_7,,,,,462.17517852783203,511.50538126627606,549.1263707478842,561.1441294352213,0.0,1.0
22,25,38.400001525878906,132.36129760742188,76.93418884277344,144.27459716796875,",exacoides",2,8,0,720,Malcolmia,Malcolmia,",exacoides","Malcolmia_,exacoides_2_8",(D.C.) Spreng. ,,,,species,,160.00000635782877,551.5054066975912,320.55912017822266,601.1441548665365,0.0,1.0
23,26,80.93962860107422,132.36129760742188,106.52183532714844,144.27459716796875,(D.C.),2,8,1,720,,Malcolmia,,,,author_2_8,,,,,337.2484525044759,551.5054066975912,443.84098052978516,601.1441548665365,0.0,1.0
24,27,110.52727508544922,132.36129760742188,139.9491729736328,144.27459716796875,Spreng.,2,8,2,720,,Malcolmia,,,,author_2_8,,,,,460.5303128560384,551.5054066975912,583.1215540568033,601.1441548665365,0.0,1.0
25,28,40.560001373291016,141.9613037109375,81.33868408203125,153.87460327148438,grandiflora,2,9,0,720,Malcolmia,Malcolmia,grandiflora,Malcolmia_grandiflora_2_9,(Bge) O. Kuntze ,,,,species,,169.0000057220459,591.5054321289062,338.9111836751302,641.1441802978516,0.0,1.0
26,29,85.61646270751953,141.9613037109375,105.35897064208984,153.87460327148438,(Bge),2,9,1,720,,Malcolmia,,,,author_2_9,,,,,356.73526128133136,591.5054321289062,438.9957110087077,641.1441802978516,0.0,1.0
27,30,109.63639068603516,141.9613037109375,119.56158447265625,153.87460327148438,O.,2,9,2,720,,Malcolmia,,,,author_2_9,,,,,456.8182945251465,591.5054321289062,498.1732686360677,641.1441802978516,0.0,1.0
28,31,123.36404418945312,141.9613037109375,152.2312469482422,153.87460327148438,Kuntze,2,9,3,720,,Malcolmia,,,,author_2_9,,,,,514.0168507893881,591.5054321289062,634.2968622843424,641.1441802978516,0.0,1.0
29,32,40.31999969482422,151.56130981445312,76.22747039794922,163.474609375,maritima,2,10,0,720,Malcolmia,Malcolmia,maritima,Malcolmia_maritima_2_10,(L.) R. Br. ,,,,species,,167.99999872843424,631.5054575602213,317.6144599914551,681.1442057291666,0.0,1.0
30,33,80.37774658203125,151.56130981445312,94.92591094970703,163.474609375,(L.),2,10,1,720,,Malcolmia,,,,author_2_10,,,,,334.9072774251302,631.5054575602213,395.5246289571126,681.1442057291666,0.0,1.0
31,34,99.07618713378906,151.56130981445312,108.34288787841797,163.474609375,R.,2,10,2,720,,Malcolmia,,,,author_2_10,,,,,412.8174463907878,631.5054575602213,451.4286994934082,681.1442057291666,0.0,1.0
32,35,111.86994171142578,151.56130981445312,123.63043975830078,163.474609375,Br.,2,10,3,720,,Malcolmia,,,,author_2_10,,,,,466.12475713094074,631.5054575602213,515.1268323262533,681.1442057291666,0.0,1.0
33,36,40.31999969482422,161.13339233398438,59.86116409301758,172.71188354492188,nana,2,11,0,720,Malcolmia,Malcolmia,nana,Malcolmia_nana_2_11,(D.C.) Boiss. ,,,,species,,167.99999872843424,671.3891347249349,249.4215170542399,719.6328481038412,0.0,1.0
34,37,61.93574523925781,161.16128540039062,87.72705078125,173.0745849609375,(D.C.),2,11,1,720,,Malcolmia,,,,author_2_11,,,,,258.0656051635742,671.5053558349609,365.5293782552083,721.1441040039062,0.0,1.0
35,38,89.80162811279297,161.16128540039062,110.669921875,173.0745849609375,Boiss.,2,11,2,720,,Malcolmia,,,,author_2_11,,,,,374.1734504699707,671.5053558349609,461.1246744791667,721.1441040039062,0.0,1.0
36,39,39.119998931884766,172.46499633789062,69.06031799316406,181.802490234375,pulchella,2,12,0,720,Malcolmia,Malcolmia,pulchella,Malcolmia_pulchella_2_12,D.C. ,,,,species,,162.99999554951987,718.6041514078776,287.7513249715169,757.5103759765625,0.0,1.0
37,40,71.85169219970703,172.48748779296875,91.60460662841797,182.09498596191406,D.C.,2,12,1,720,,Malcolmia,,,,author_2_12,,,,,299.3820508321126,718.6978658040365,381.6858609517415,758.729108174642,0.0,1.0
38,41,39.84000015258789,182.06500244140625,70.81484985351562,191.40249633789062,zachlensis,2,13,0,720,Malcolmia,Malcolmia,zachlensis,Malcolmia_zachlensis_2_13,Post ,,,,species,,166.00000063578287,758.6041768391927,295.06187438964844,797.5104014078776,0.0,1.0
39,42,78.2389144897461,182.08749389648438,93.65213012695312,191.6949920654297,Post,2,13,1,720,,Malcolmia,,,,author_2_13,,,,,325.9954770406087,758.6978912353516,390.2172088623047,798.729133605957,0.0,1.0
40,43,26.639999389648438,189.9613037109375,50.57591247558594,201.87460327148438,Malus,3,0,0,720,Malus,Malus,,,,,,,genus,,110.99999745686848,791.5054321289062,210.73296864827475,841.1441802978516,0.0,0.0
41,44,40.31999969482422,200.28131103515625,73.22285461425781,212.19461059570312,trilobata,4,0,0,720,Malus,Malus,trilobata,Malus_trilobata_4_0,(Lab.) C.K. Schneider ,,,,species,,167.99999872843424,834.5054626464844,305.09522755940753,884.1442108154297,0.0,1.0
42,45,76.9783935546875,200.28131103515625,100.8672103881836,212.19461059570312,(Lab.),4,0,1,720,,Malus,,,,author_4_0,,,,,320.74330647786456,834.5054626464844,420.2800432840983,884.1442108154297,0.0,1.0
43,46,104.83184814453125,200.28131103515625,123.6462631225586,212.19461059570312,C.K.,4,0,2,720,,Malus,,,,author_4_0,,,,,436.7993672688802,834.5054626464844,515.1927630106608,884.1442108154297,0.0,1.0
44,47,127.19371795654297,200.28131103515625,165.23585510253906,212.19461059570312,Schneider,4,0,3,720,,Malus,,,,author_4_0,,,,,529.9738248189291,834.5054626464844,688.4827295939127,884.1442108154297,0.0,1.0
45,48,26.639999389648438,209.88128662109375,51.47529220581055,221.79458618164062,Malva,5,0,0,720,Malva,Malva,,,,,,,genus,,110.99999745686848,874.505360921224,214.4803841908773,924.1441090901693,0.0,0.0
46,49,40.31999969482422,219.48129272460938,71.76129913330078,231.39459228515625,aegyptia,6,0,0,720,Malva,Malva,aegyptia,Malva_aegyptia_6_0,L. ,,,,species,,167.99999872843424,914.5053863525391,299.0054130554199,964.1441345214844,0.0,1.0
47,50,76.03397369384766,219.48129272460938,84.5090560913086,231.39459228515625,L.,6,0,1,720,,Malva,,,,author_6_0,,,,,316.80822372436523,914.5053863525391,352.12106704711914,964.1441345214844,0.0,1.0
48,51,40.08000183105469,230.78500366210938,67.20690155029297,240.12249755859375,montana,6,1,0,720,Malva,Malva,montana,Malva_montana_6_1,Forssk ,,,,species,,167.00000762939453,961.6041819254557,280.028756459554,1000.5104064941406,0.0,1.0
49,52,71.82597351074219,230.8074951171875,94.93917846679688,240.4149932861328,Forssk,6,1,1,720,,Malva,,,,author_6_1,,,,,299.27488962809247,961.6978963216146,395.5799102783203,1001.7291386922201,0.0,1.0
50,53,39.84000015258789,238.68130493164062,71.11198425292969,250.5946044921875,neglecta,6,2,0,720,Malva,Malva,neglecta,Malva_neglecta_6_2,Wallr. ,,,,species,,166.00000063578287,994.5054372151693,296.29993438720703,1044.1441853841145,0.0,1.0
51,54,75.23036193847656,238.68130493164062,100.14584350585938,250.5946044921875,Wallr.,6,2,1,720,,Malva,,,,author_6_2,,,,,313.45984141031903,994.5054372151693,417.27434794108075,1044.1441853841145,0.0,1.0
52,55,39.84000015258789,248.28131103515625,77.29378509521484,260.1946105957031,nicaeensis,6,3,0,720,Malva,Malva,nicaeensis,Malva_nicaeensis_6_3,AU. ,,,,species,,166.00000063578287,1034.5054626464844,322.0574378967285,1084.1442108154297,0.0,1.0
53,56,79.96508026123047,248.28131103515625,95.07262420654297,260.1946105957031,AU.,6,3,1,720,,Malva,,,,author_6_3,,,,,333.18783442179364,1034.5054626464844,396.135934193929,1084.1442108154297,0.0,1.0
54,57,39.84000015258789,257.88128662109375,68.8671646118164,269.7945861816406,oxyloba,6,4,0,720,Malva,Malva,oxyloba,Malva_oxyloba_6_4,Boiss. ,,,,species,,166.00000063578287,1074.5053609212239,286.9465192159017,1124.1441090901692,0.0,1.0
55,58,74.20166015625,257.88128662109375,95.06995391845703,269.7945861816406,Boiss.,6,4,1,720,,Malva,,,,author_6_4,,,,,309.173583984375,1074.5053609212239,396.124807993571,1124.1441090901692,0.0,1.0
56,59,39.84000015258789,267.4812927246094,76.64289093017578,279.39459228515625,parviflora,6,5,0,720,Malva,Malva,parviflora,Malva_parviflora_6_5,L. ,,,,species,,166.00000063578287,1114.505386352539,319.3453788757324,1164.1441345214844,0.0,1.0
57,60,81.89681243896484,267.4812927246094,90.2698974609375,279.39459228515625,L.,6,5,1,720,,Malva,,,,author_6_5,,,,,341.23671849568683,1114.505386352539,376.12457275390625,1164.1441345214844,0.0,1.0
58,61,39.84000015258789,278.7850036621094,78.23562622070312,288.12249755859375,rotundifolia,6,6,0,720,Malva,Malva,rotundifolia,Malva_rotundifolia_6_6,L. ,,,,species,,166.00000063578287,1161.6041819254558,325.9817759195964,1200.5104064941406,0.0,1.0
59,62,83.88656616210938,278.8074951171875,91.60377502441406,288.4150085449219,L.,6,6,1,720,,Malva,,,,author_6_6,,,,,349.52735900878906,1161.6978963216145,381.6823959350586,1201.7292022705078,0.0,1.0
60,63,39.84000015258789,288.385009765625,79.11358642578125,297.7225036621094,sherardiana,6,7,0,720,Malva,Malva,sherardiana,Malva_sherardiana_6_7,L. ,,,,species,,166.00000063578287,1201.6042073567708,329.6399434407552,1240.5104319254558,0.0,1.0
61,64,82.99107360839844,288.4075012207031,90.63771057128906,298.0150146484375,L.,6,7,1,720,,Malva,,,,author_6_7,,,,,345.79614003499347,1201.6979217529297,377.6571273803711,1241.729227701823,0.0,1.0
62,65,39.84000015258789,296.28131103515625,73.9733657836914,308.1946105957031,sylvestris,6,8,0,720,Malva,Malva,sylvestris,Malva_sylvestris_6_8,L. ,,,,species,,166.00000063578287,1234.5054626464844,308.22235743204754,1284.1442108154297,0.0,1.0
63,66,76.77906799316406,296.28131103515625,85.76214599609375,308.1946105957031,L.,6,8,1,720,,Malva,,,,author_6_8,,,,,319.9127833048503,1234.5054626464844,357.34227498372394,1284.1442108154297,0.0,1.0
64,67,26.399999618530273,305.88128662109375,83.79080963134766,317.7945861816406,MALVACEAE,7,0,0,720,,,,,,,,,,,109.9999984105428,1274.5053609212239,349.12837346394855,1324.1441090901692,0.0,0.0
65,68,26.15999984741211,315.4533996582031,74.85083770751953,327.0318908691406,MALVALES,7,1,0,720,,,,,,,,,,,108.99999936421712,1314.389165242513,311.87849044799805,1362.6328786214192,0.0,0.0
66,69,26.15999984741211,325.081298828125,60.162559509277344,336.9945983886719,Malvella,7,2,0,720,Malvella,Malvella,,,,,,,genus,,108.99999936421712,1354.5054117838542,250.6773312886556,1404.1441599527996,0.0,0.0
67,70,39.599998474121094,336.1213073730469,84.79701232910156,348.03460693359375,sherardiana,8,0,0,720,Malvella,Malvella,sherardiana,Malvella_sherardiana_8_0,(L.) Jaub. et Spach ,,,,species,,164.99999364217123,1400.5054473876953,353.32088470458984,1450.1441955566406,0.0,1.0
68,71,88.860595703125,336.1213073730469,103.58928680419922,348.03460693359375,(L.),8,0,1,720,,Malvella,,,,author_8_0,,,,,370.2524820963542,1400.5054473876953,431.6220283508301,1450.1441955566406,0.0,1.0
69,72,106.63694763183594,336.1213073730469,128.9354705810547,348.03460693359375,Jaub.,8,0,2,720,,Malvella,,,,author_8_0,,,,,444.3206151326497,1400.5054473876953,537.2311274210612,1450.1441955566406,0.0,1.0
70,73,132.5930938720703,336.1213073730469,139.8529510498047,348.03460693359375,et,8,0,3,720,,Malvella,,,,author_8_0,,,,,552.4712244669596,1400.5054473876953,582.7206293741862,1450.1441955566406,0.0,1.0
71,74,143.1035919189453,336.1213073730469,166.55726623535156,348.03460693359375,Spach,8,0,4,720,,Malvella,,,,author_8_0,,,,,596.2649663289388,1400.5054473876953,693.9886093139648,1450.1441955566406,0.0,1.0
72,75,26.15999984741211,345.7213134765625,57.295440673828125,357.6346130371094,Maresia,9,0,0,720,Maresia,Maresia,,,,,,,genus,,108.99999936421712,1440.5054728190105,238.7310028076172,1490.1442209879558,0.0,0.0
73,76,39.599998474121094,355.3212890625,59.10383224487305,367.2345886230469,nana,10,0,0,720,Maresia,Maresia,nana,Maresia_nana_10_0,(D.C.) Bail ,,,,species,,164.99999364217123,1480.50537109375,246.26596768697104,1530.1441192626953,0.0,1.0
74,77,62.3891487121582,355.3212890625,88.18045806884766,367.2345886230469,(D.C.),10,0,1,720,,Maresia,,,,author_10_0,,,,,259.9547863006592,1480.50537109375,367.41857528686523,1530.1441192626953,0.0,1.0
75,78,91.46530151367188,355.3212890625,106.62947845458984,367.2345886230469,Bail,10,0,2,720,,Maresia,,,,author_10_0,,,,,381.1054229736328,1480.50537109375,444.289493560791,1530.1441192626953,0.0,1.0
76,79,39.599998474121094,364.9212951660156,74.72238159179688,376.8345947265625,pulchella,10,1,0,720,Maresia,Maresia,pulchella,Maresia_pulchella_10_1,(D.C.) O.E. Schulz ,,,,species,,164.99999364217123,1520.5053965250652,311.343256632487,1570.1441446940105,0.0,1.0
77,80,78.36266326904297,364.9212951660156,104.15396881103516,376.8345947265625,(D.C.),10,1,1,720,,Maresia,,,,author_10_1,,,,,326.5110969543457,1520.5053965250652,433.9748700459798,1570.1441446940105,0.0,1.0
78,81,107.98600769042969,364.9212951660156,126.51982116699219,376.8345947265625,O.E.,10,1,2,720,,Maresia,,,,author_10_1,,,,,449.9416987101237,1520.5053965250652,527.1659215291342,1570.1441446940105,0.0,1.0
79,82,129.77658081054688,364.9212951660156,155.2291717529297,376.8345947265625,Schulz,10,1,3,720,,Maresia,,,,author_10_1,,,,,540.7357533772787,1520.5053965250652,646.788215637207,1570.1441446940105,0.0,1.0
80,83,26.15999984741211,374.52130126953125,64.61274719238281,386.4346008300781,Matthiola,11,0,0,720,Matthiola,Matthiola,,,,,,,genus,,108.99999936421712,1560.5054219563801,269.2197799682617,1610.1441701253254,0.0,0.0
81,84,39.84000015258789,384.81341552734375,69.73987579345703,396.39190673828125,bicornis,12,0,0,720,Matthiola,Matthiola,bicornis,Matthiola_bicornis_12_0,(Sibth. et Smith) D.C. ,,,,species,,166.00000063578287,1603.3892313639324,290.582815806071,1651.6329447428386,0.0,1.0
82,85,72.18777465820312,384.84130859375,98.18277740478516,396.7546081542969,(Sibth.,12,0,1,720,,Matthiola,,,,author_12_0,,,,,300.7823944091797,1603.5054524739583,409.0949058532715,1653.1442006429036,0.0,1.0
83,86,100.63067626953125,384.84130859375,107.8038330078125,396.7546081542969,et,12,0,2,720,,Matthiola,,,,author_12_0,,,,,419.2944844563802,1603.5054524739583,449.18263753255206,1653.1442006429036,0.0,1.0
84,87,109.86515045166016,384.84130859375,136.18360900878906,396.7546081542969,Smith),12,0,3,720,,Matthiola,,,,author_12_0,,,,,457.77146021525067,1603.5054524739583,567.4317042032877,1653.1442006429036,0.0,1.0
85,88,138.76002502441406,384.84130859375,158.18858337402344,396.7546081542969,D.C.,12,0,4,720,,Matthiola,,,,author_12_0,,,,,578.1667709350586,1603.5054524739583,659.1190973917643,1653.1442006429036,0.0,1.0
86,89,39.599998474121094,394.4412841796875,74.78205108642578,406.3545837402344,crassifolia,12,1,0,720,Matthiola,Matthiola,crassifolia,Matthiola_crassifolia_12_1,Boiss. et GaiU. ,,,,species,,164.99999364217123,1643.505350748698,311.5918795267741,1693.1440989176433,0.0,1.0
87,90,77.7552490234375,394.4412841796875,98.62354278564453,406.3545837402344,Boiss.,12,1,1,720,,Matthiola,,,,author_12_1,,,,,323.98020426432294,1643.505350748698,410.93142827351886,1693.1440989176433,0.0,1.0
88,91,101.82522583007812,394.4412841796875,108.75969696044922,406.3545837402344,et,12,1,2,720,,Matthiola,,,,author_12_1,,,,,424.2717742919922,1643.505350748698,453.16540400187176,1693.1440989176433,0.0,1.0
89,92,111.5033950805664,394.4412841796875,134.66831970214844,406.3545837402344,GaiU.,12,1,3,720,,Matthiola,,,,author_12_1,,,,,464.59747950236004,1643.505350748698,561.1179987589518,1693.1440989176433,0.0,1.0
90,93,39.36000061035156,404.04132080078125,81.80607604980469,415.9546203613281,damascena,12,2,0,720,Matthiola,Matthiola,damascena,Matthiola_damascena_12_2,Boiss. ,,,,species,,164.0000025431315,1683.5055033365886,340.85865020751953,1733.144251505534,0.0,1.0
91,94,85.72175598144531,404.04132080078125,106.59004974365234,415.9546203613281,Boiss.,12,2,1,720,,Matthiola,,,,author_12_2,,,,,357.17398325602215,1683.5055033365886,444.1252072652181,1733.144251505534,0.0,1.0
92,95,39.36000061035156,413.64129638671875,78.3630599975586,425.5545959472656,fruticulosa,12,3,0,720,Matthiola,Matthiola,fruticulosa,Matthiola_fruticulosa_12_3,(L.) Maire ,,,,species,,164.0000025431315,1723.5054016113281,326.51274998982746,1773.1441497802734,0.0,1.0
93,96,83.29364013671875,413.64129638671875,98.02233123779297,425.5545959472656,(L.),12,3,1,720,,Matthiola,,,,author_12_3,,,,,347.0568339029948,1723.5054016113281,408.4263801574707,1773.1441497802734,0.0,1.0
94,97,103.19873046875,413.64129638671875,126.81050109863281,425.5545959472656,Maire,12,3,2,720,,Matthiola,,,,author_12_3,,,,,429.9947102864583,1723.5054016113281,528.3770879109701,1773.1441497802734,0.0,1.0
95,98,39.599998474121094,423.2413024902344,82.61593627929688,435.15460205078125,lo'ngipetala,12,4,0,720,Matthiola,Matthiola,lo'ngipetala,Matthiola_lo'ngipetala_12_4,Vent. ,,,,species,,164.99999364217123,1763.5054270426433,344.2330678304036,1813.1441752115886,0.0,1.0
96,99,85.91960906982422,423.2413024902344,107.13846588134766,435.15460205078125,Vent.,12,4,1,720,,Matthiola,,,,author_12_4,,,,,357.9983711242676,1763.5054270426433,446.41027450561523,1813.1441752115886,0.0,1.0
97,101,39.36000061035156,434.5450134277344,67.59142303466797,443.88250732421875,oxyceras,13,0,0,720,Matthiola,Matthiola,oxyceras,Matthiola_oxyceras_13_0,D.C. ,,,,species,,164.0000025431315,1810.6042226155598,281.6309293111165,1849.5104471842449,0.0,1.0
98,102,69.62408447265625,434.5675048828125,89.44050598144531,444.1750183105469,D.C.,13,0,1,720,,Matthiola,,,,author_13_0,,,,,290.10035196940106,1810.6979370117188,372.6687749226888,1850.729242960612,0.0,1.0
99,103,39.599998474121094,442.4412841796875,84.99989318847656,454.3545837402344,tricuspidata,13,1,0,720,Matthiola,Matthiola,tricuspidata,Matthiola_tricuspidata_13_1,(L.) R. Br. ,,,,species,,164.99999364217123,1843.505350748698,354.16622161865234,1893.1440989176433,0.0,1.0
100,104,89.04103088378906,442.4412841796875,103.95026397705078,454.3545837402344,(L.),13,1,1,720,,Matthiola,,,,author_13_1,,,,,371.0042953491211,1843.505350748698,433.12609990437824,1893.1440989176433,0.0,1.0
101,105,107.77924346923828,442.4412841796875,117.04798889160156,454.3545837402344,R.,13,1,2,720,,Matthiola,,,,author_13_1,,,,,449.0801811218262,1843.505350748698,487.69995371500653,1893.1440989176433,0.0,1.0
102,106,120.66378784179688,442.4412841796875,132.2692413330078,454.3545837402344,Br.,13,1,3,720,,Matthiola,,,,author_13_1,,,,,502.7657826741536,1843.505350748698,551.1218388875326,1893.1440989176433,0.0,1.0
103,107,39.36000061035156,452.013427734375,60.68207931518555,463.5919189453125,tristis,13,2,0,720,Matthiola,Matthiola,tristis,Matthiola_tristis_13_2,(L.) R. Br. ,,,,species,,164.0000025431315,1883.3892822265625,252.84199714660645,1931.6329956054688,0.0,1.0
104,108,62.790531158447266,452.04132080078125,78.16021728515625,463.9546203613281,(L.),13,2,1,720,,Matthiola,,,,author_13_2,,,,,261.62721316019696,1883.5055033365886,325.6675720214844,1933.144251505534,0.0,1.0
105,109,80.39958190917969,452.04132080078125,90.10363006591797,463.9546203613281,R.,13,2,2,720,,Matthiola,,,,author_13_2,,,,,334.99825795491535,1883.5055033365886,375.4317919413249,1933.144251505534,0.0,1.0
106,110,91.94811248779297,452.04132080078125,104.22042846679688,463.9546203613281,Br.,13,2,3,720,,Matthiola,,,,author_13_2,,,,,383.117135365804,1883.5055033365886,434.2517852783203,1933.144251505534,0.0,1.0
107,111,25.920000076293945,461.64129638671875,64.58553314208984,473.5545959472656,Medicago,14,0,0,720,Medicago,Medicago,,,,,,,genus,,108.00000031789143,1923.5054016113281,269.106388092041,1973.1441497802734,0.0,0.0
108,112,39.36000061035156,471.93341064453125,65.93013763427734,483.51190185546875,agrestis,15,0,0,720,Medicago,Medicago,agrestis,Medicago_agrestis_15_0,Ten. ,,,,species,,164.0000025431315,1966.3892110188801,274.70890680948895,2014.6329243977864,0.0,1.0
109,113,67.95431518554688,471.9613037109375,86.86493682861328,483.8746032714844,Ten.,15,0,1,720,,Medicago,,,,author_15_0,,,,,283.1429799397786,1966.5054321289062,361.9372367858887,2016.1441802978516,0.0,1.0
110,114,39.36000061035156,481.53338623046875,73.33206939697266,493.11187744140625,apiculata,15,1,0,720,Medicago,Medicago,apiculata,Medicago_apiculata_15_1,Willd. ,,,,species,,164.0000025431315,2006.3891092936199,305.55028915405273,2054.632822672526,0.0,1.0
111,115,74.88233947753906,481.561279296875,98.99146270751953,493.4745788574219,Willd.,15,1,1,720,,Medicago,,,,author_15_1,,,,,312.0097478230794,2006.5053304036458,412.46442794799805,2056.1440785725913,0.0,1.0
112,116,39.599998474121094,491.16131591796875,67.63388061523438,503.0746154785156,arabica,15,2,0,720,Medicago,Medicago,arabica,Medicago_arabica_15_2,(L.) Huds. ,,,,species,,164.99999364217123,2046.5054829915364,281.8078358968099,2096.144231160482,0.0,1.0
113,117,71.43838500976562,491.16131591796875,86.16707611083984,503.0746154785156,(L.),15,2,1,720,,Medicago,,,,author_15_2,,,,,297.6599375406901,2046.5054829915364,359.029483795166,2096.144231160482,0.0,1.0
114,118,89.97157287597656,491.16131591796875,113.78888702392578,503.0746154785156,Huds.,15,2,2,720,,Medicago,,,,author_15_2,,,,,374.88155364990234,2046.5054829915364,474.12036259969074,2096.144231160482,0.0,1.0
115,119,39.599998474121094,501.00128173828125,83.9595947265625,512.9146118164062,blancheana,15,3,0,720,Medicago,Medicago,blancheana,Medicago_blancheana_15_3,Boiss. ,,,,species,,164.99999364217123,2087.505340576172,349.83164469401044,2137.144215901693,0.0,1.0
116,120,87.88139343261719,501.00128173828125,108.74968719482422,512.9146118164062,Boiss.,15,3,1,720,,Medicago,,,,author_15_3,,,,,366.17247263590497,2087.505340576172,453.1236966451009,2137.144215901693,0.0,1.0
117,121,39.36000061035156,510.601318359375,65.70465850830078,522.5146484375,ciliaris:,15,4,0,720,Medicago,Medicago,ciliaris:,Medicago_ciliaris:_15_4,(L.) Krocker ,,,,species,,164.0000025431315,2127.5054931640625,273.76941045125324,2177.1443684895835,0.0,1.0
118,122,69.28373718261719,510.601318359375,84.1929702758789,522.5146484375,(L.),15,4,1,720,,Medicago,,,,author_15_4,,,,,288.68223826090497,2127.5054931640625,350.8040428161621,2177.1443684895835,0.0,1.0
119,123,88.36874389648438,510.601318359375,119.8763427734375,522.5146484375,Krocker,15,4,2,720,,Medicago,,,,author_15_4,,,,,368.2030995686849,2127.5054931640625,499.48476155598956,2177.1443684895835,0.0,1.0
120,124,39.119998931884766,521.9049682617188,72.17076110839844,531.2424926757812,circinnata,15,5,0,720,Medicago,Medicago,circinnata,Medicago_circinnata_15_5,L. ,,,,species,,162.99999554951987,2174.604034423828,300.71150461832684,2213.5103861490884,0.0,1.0
121,125,76.19336700439453,521.927490234375,83.91925811767578,531.5349731445312,L.,15,5,1,720,,Medicago,,,,author_15_5,,,,,317.47236251831055,2174.6978759765625,349.66357549031574,2214.7290547688804,0.0,1.0
122,126,38.880001068115234,531.5049438476562,68.54669952392578,540.8424682617188,constricta,15,6,0,720,Medicago,Medicago,constricta,Medicago_constricta_15_6,Durieu ,,,,species,,162.00000445048013,2214.603932698568,285.6112480163574,2253.510284423828,0.0,1.0
123,127,75.18026733398438,531.5274658203125,102.05216217041016,541.1349487304688,Durieu,15,6,1,720,,Medicago,,,,author_15_6,,,,,313.25111389160156,2214.6977742513022,425.217342376709,2254.7289530436196,0.0,1.0
124,128,39.36000061035156,539.4013061523438,73.52286529541016,551.3146362304688,coronata,15,7,0,720,Medicago,Medicago,coronata,Medicago_coronata_15_7,(L.) Desr. ,,,,species,,164.0000025431315,2247.505442301432,306.345272064209,2297.144317626953,0.0,1.0
125,129,76.7541275024414,539.4013061523438,91.66336059570312,551.3146362304688,(L.),15,7,1,720,,Medicago,,,,author_15_7,,,,,319.80886459350586,2247.505442301432,381.930669148763,2297.144317626953,0.0,1.0
126,130,94.89461517333984,539.4013061523438,115.23077392578125,551.3146362304688,Desr.,15,7,2,720,,Medicago,,,,author_15_7,,,,,395.394229888916,2247.505442301432,480.1282246907552,2297.144317626953,0.0,1.0
127,131,39.36000061035156,548.973388671875,76.34868621826172,560.5518798828125,cupaniana,15,8,0,720,Medicago,Medicago,cupaniana,Medicago_cupaniana_15_8,Guss. ,,,,species,,164.0000025431315,2287.389119466146,318.1195259094238,2335.6328328450522,0.0,1.0
128,132,77.8981704711914,549.0012817382812,98.84551239013672,560.9146118164062,Guss.,15,8,1,720,,Medicago,,,,author_15_8,,,,,324.57571029663086,2287.505340576172,411.85630162556964,2337.144215901693,0.0,1.0
129,133,39.36000061035156,558.5734252929688,79.95072937011719,570.1519165039062,denticulata,15,9,0,720,Medicago,Medicago,denticulata,Medicago_denticulata_15_9,Willd. ,,,,species,,164.0000025431315,2327.3892720540366,333.12803904215497,2375.632985432943,0.0,1.0
130,134,81.50054931640625,558.601318359375,105.51211547851562,570.5146484375,Willd.,15,9,1,720,,Medicago,,,,author_15_9,,,,,339.5856221516927,2327.5054931640625,439.6338144938151,2377.1443684895835,0.0,1.0
131,135,39.36000061035156,568.1734008789062,65.4483413696289,579.7518920898438,elegans,15,10,0,720,Medicago,Medicago,elegans,Medicago_elegans_15_10,Jacqu. ,,,,species,,164.0000025431315,2367.389170328776,272.7014223734538,2415.632883707682,0.0,1.0
132,136,66.99807739257812,568.2012939453125,93.88274383544922,580.1146240234375,Jacqu.,15,10,1,720,,Medicago,,,,author_15_10,,,,,279.1586558024089,2367.5053914388022,391.17809931437176,2417.1442667643228,0.0,1.0
133,137,38.880001068115234,577.80126953125,63.877445220947266,589.714599609375,falcata,15,11,0,720,Medicago,Medicago,falcata,Medicago_falcata_15_11,L. ,,,,species,,162.00000445048013,2407.5052897135415,266.15602175394696,2457.1441650390625,0.0,1.0
134,138,68.59790802001953,577.80126953125,77.06993103027344,589.714599609375,L.,15,11,1,720,,Medicago,,,,author_15_11,,,,,285.82461675008136,2407.5052897135415,321.12471262613934,2457.1441650390625,0.0,1.0
135,139,39.119998931884766,587.4013061523438,67.64920043945312,599.3146362304688,galilaea,15,12,0,720,Medicago,Medicago,galilaea,Medicago_galilaea_15_12,Boiss. ,,,,species,,162.99999554951987,2447.505442301432,281.8716684977214,2497.144317626953,0.0,1.0
136,140,73.05306243896484,587.4013061523438,94.11003875732422,599.3146362304688,Boiss.,15,12,1,720,,Medicago,,,,author_15_12,,,,,304.3877601623535,2447.505442301432,392.1251614888509,2497.144317626953,0.0,1.0
137,141,38.63999938964844,596.973388671875,69.27132415771484,608.5518798828125,gerardii,15,13,0,720,Medicago,Medicago,gerardii,Medicago_gerardii_15_13,Waldst. et Kit. ,,,,species,,160.9999974568685,2487.389119466146,288.63051732381183,2535.6328328450522,0.0,1.0
138,142,70.82081604003906,597.0012817382812,100.58104705810547,608.9146118164062,Waldst.,15,13,1,720,,Medicago,,,,author_15_13,,,,,295.0867335001628,2487.505340576172,419.08769607543945,2537.144215901693,0.0,1.0
139,143,102.13054656982422,597.0012817382812,109.59733581542969,608.9146118164062,et,15,13,2,720,,Medicago,,,,author_15_13,,,,,425.54394404093426,2487.505340576172,456.6555658976237,2537.144215901693,0.0,1.0
140,144,111.1468276977539,597.0012817382812,127.1028823852539,608.9146118164062,Kit.,15,13,3,720,,Medicago,,,,author_15_13,,,,,463.1117820739746,2487.505340576172,529.5953432718912,2537.144215901693,0.0,1.0
141,223,246.0,48.84130859375,273.52838134765625,60.754608154296875,globosa,37,0,0,720,Medicago,Medicago,globosa,Medicago_globosa_37_0,J. Presl ,,,,species,,1025.0,203.50545247395834,1139.7015889485676,253.14420064290366,1.0,2.0
142,224,277.3094177246094,48.84130859375,283.85882568359375,60.754608154296875,J.,37,0,1,720,,Medicago,,,,author_37_0,,,,,1155.4559071858723,203.50545247395834,1182.7451070149739,253.14420064290366,1.0,2.0
143,225,289.80120849609375,48.84130859375,308.227294921875,60.754608154296875,Presl,37,0,2,720,,Medicago,,,,author_37_0,,,,,1207.5050354003906,203.50545247395834,1284.2803955078125,253.14420064290366,1.0,2.0
144,226,246.0,57.4813232421875,287.9584045410156,69.39462280273438,granatensis,37,1,0,720,Medicago,Medicago,granatensis,Medicago_granatensis_37_1,Willd. ,,,,species,,1025.0,239.5055135091146,1199.8266855875652,289.1442616780599,1.0,2.0
145,227,293.162353515625,57.4813232421875,316.3485107421875,69.39462280273438,Willd.,37,1,1,720,,Medicago,,,,author_37_1,,,,,1221.5098063151042,239.5055135091146,1318.1187947591145,289.1442616780599,1.0,2.0
146,228,245.75999450683594,67.081298828125,273.1564636230469,78.99459838867188,hispida,37,2,0,720,Medicago,Medicago,hispida,Medicago_hispida_37_2,Gaertn. ,,,,species,,1023.9999771118164,279.5054117838542,1138.1519317626953,329.1441599527995,1.0,2.0
147,229,275.933837890625,67.081298828125,306.7498779296875,78.99459838867188,Gaertn.,37,2,1,720,,Medicago,,,,author_37_2,,,,,1149.7243245442708,279.5054117838542,1278.124491373698,329.1441599527995,1.0,2.0
148,230,245.52000427246094,76.65337371826172,271.5291442871094,88.23187255859375,hystrix,37,3,0,720,Medicago,Medicago,hystrix,Medicago_hystrix_37_3,Ten. ,,,,species,,1023.0000178019205,319.3890571594238,1131.3714345296223,367.63280232747394,1.0,2.0
149,231,273.07940673828125,76.6812744140625,291.82861328125,88.59457397460938,Ten.,37,3,1,720,,Medicago,,,,author_37_3,,,,,1137.8308614095051,319.50531005859375,1215.9525553385417,369.14405822753906,1.0,2.0
150,232,246.0,85.80126953125,278.99188232421875,97.71456909179688,laciniata,37,4,0,720,Medicago,Medicago,laciniata,Medicago_laciniata_37_4,AIL. ,,,,species,,1025.0,357.5052897135417,1162.4661763509114,407.144037882487,1.0,2.0
151,233,283.3612365722656,85.80126953125,301.478271484375,97.71456909179688,AIL.,37,4,1,720,,Medicago,,,,author_37_4,,,,,1180.6718190511067,357.5052897135417,1256.1594645182292,407.144037882487,1.0,2.0
152,234,246.0,95.90499877929688,273.6677551269531,105.24249267578125,lappacea,37,5,0,720,Medicago,Medicago,lappacea,Medicago_lappacea_37_5,D.C. ,,,,species,,1025.0,399.6041615804036,1140.2823130289714,438.51038614908856,1.0,2.0
153,235,277.529541015625,95.92749786376953,296.286376953125,105.53499603271484,D.C.,37,5,1,720,,Medicago,,,,author_37_5,,,,,1156.3730875651042,399.69790776570636,1234.5265706380208,439.72915013631183,1.0,2.0
154,236,245.75999450683594,105.00128173828125,273.8395080566406,116.91458129882812,litoralis,37,6,0,720,Medicago,Medicago,litoralis,Medicago_litoralis_37_6,Rohde ,,,,species,,1023.9999771118164,437.5053405761719,1140.9979502360027,487.1440887451172,1.0,2.0
155,237,277.86431884765625,105.00128173828125,304.1529846191406,116.91458129882812,Rohde,37,6,1,720,,Medicago,,,,author_37_6,,,,,1157.7679951985676,437.5053405761719,1267.3041025797527,487.1440887451172,1.0,2.0
156,238,245.75999450683594,114.12130737304688,277.7228088378906,126.03460693359375,lupulina,37,7,0,720,Medicago,Medicago,lupulina,Medicago_lupulina_37_7,L. ,,,,species,,1023.9999771118164,475.5054473876953,1157.1783701578777,525.1441955566406,1.0,2.0
157,239,281.91082763671875,114.12130737304688,290.42974853515625,126.03460693359375,L.,37,7,1,720,,Medicago,,,,author_37_7,,,,,1174.6284484863281,475.5054473876953,1210.1239522298176,525.1441955566406,1.0,2.0
158,240,245.75999450683594,123.69341278076172,278.6329040527344,135.27191162109375,maculata,37,8,0,720,Medicago,Medicago,maculata,Medicago_maculata_37_8,Sibth. ,,,,species,,1023.9999771118164,515.3892199198405,1160.9704335530598,563.6329650878906,1.0,2.0
159,241,280.1829833984375,123.7213134765625,303.4223327636719,135.63461303710938,Sibth.,37,8,1,720,,Medicago,,,,author_37_8,,,,,1167.4290974934895,515.5054728190104,1264.2597198486328,565.1442209879557,1.0,2.0
160,242,245.75999450683594,132.81341552734375,283.0899353027344,144.39190673828125,marginala,37,9,0,720,Medicago,Medicago,marginala,Medicago_marginala_37_9,Willd. ,,,,species,,1023.9999771118164,553.3892313639323,1179.5413970947266,601.6329447428385,1.0,2.0
161,243,284.6395568847656,132.84130859375,308.62420654296875,144.75460815429688,Willd.,37,9,1,720,,Medicago,,,,author_37_9,,,,,1185.9981536865234,553.5054524739584,1285.9341939290364,603.1442006429037,1.0,2.0
162,244,245.52000427246094,143.40130615234375,273.3050231933594,155.31460571289062,marina,37,10,0,720,Medicago,Medicago,marina,Medicago_marina_37_10,L. ,,,,species,,1023.0000178019205,597.5054423014323,1138.7709299723308,647.1441904703776,1.0,2.0
163,245,276.37103271484375,143.40130615234375,284.9093322753906,155.31460571289062,L.,37,10,1,720,,Medicago,,,,author_37_10,,,,,1151.5459696451824,597.5054423014323,1187.1222178141277,647.1441904703776,1.0,2.0
164,246,245.52000427246094,153.00131225585938,275.3645935058594,164.91461181640625,minima,37,11,0,720,Medicago,Medicago,minima,Medicago_minima_37_11,Lam. ,,,,species,,1023.0000178019205,637.5054677327474,1147.3524729410808,687.1442159016927,1.0,2.0
165,247,277.8583984375,153.00131225585938,298.5895690917969,164.91461181640625,Lam.,37,11,1,720,,Medicago,,,,author_37_11,,,,,1157.7433268229167,637.5054677327474,1244.1232045491536,687.1442159016927,1.0,2.0
166,248,245.52000427246094,162.12130737304688,270.03997802734375,174.03460693359375,murex,37,12,0,720,Medicago,Medicago,murex,Medicago_murex_37_12,Willd. ,,,,species,,1023.0000178019205,675.5054473876953,1125.1665751139324,725.1441955566406,1.0,2.0
167,249,275.4030456542969,162.12130737304688,298.5892028808594,174.03460693359375,Willd.,37,12,1,720,,Medicago,,,,author_37_12,,,,,1147.512690226237,675.5054473876953,1244.1216786702473,725.1441955566406,1.0,2.0
168,250,245.27999877929688,171.21340942382812,287.35418701171875,182.79190063476562,nummularia,37,13,0,720,Medicago,Medicago,nummularia,Medicago_nummularia_37_13,D.C. ,,,,species,,1021.9999949137369,713.3892059326172,1197.3091125488281,761.6329193115234,1.0,2.0
169,251,289.3572692871094,171.24130249023438,308.3525085449219,183.15460205078125,D.C.,37,13,1,720,,Medicago,,,,author_37_13,,,,,1205.655288696289,713.5054270426432,1284.8021189371746,763.1441752115885,1.0,2.0
170,252,245.27999877929688,181.3212890625,284.8832702636719,193.23458862304688,orbicularis,37,14,0,720,Medicago,Medicago,orbicularis,Medicago_orbicularis_37_14,(L.) AU. ,,,,species,,1021.9999949137369,755.50537109375,1187.0136260986328,805.1441192626953,1.0,2.0
171,253,288.9386901855469,181.3212890625,303.6673889160156,193.23458862304688,(L.),37,14,1,720,,Medicago,,,,author_37_14,,,,,1203.9112091064453,755.50537109375,1265.2807871500652,805.1441192626953,1.0,2.0
172,254,307.72296142578125,181.3212890625,322.83050537109375,193.23458862304688,AU.,37,14,2,720,,Medicago,,,,author_37_14,,,,,1282.1790059407551,755.50537109375,1345.1271057128906,805.1441192626953,1.0,2.0
173,255,244.32000732421875,191.90499877929688,283.1490173339844,201.24249267578125,polymorpha,37,15,0,720,Medicago,Medicago,polymorpha,Medicago_polymorpha_37_15,L. ,,,,species,,1018.0000305175781,799.6041615804037,1179.7875722249348,838.5103861490885,1.0,2.0
174,256,288.75091552734375,191.927490234375,296.5664367675781,201.5349884033203,L.,37,15,1,720,,Medicago,,,,author_37_15,,,,,1203.1288146972656,799.6978759765625,1235.6934865315754,839.729118347168,1.0,2.0
175,257,245.27999877929688,201.48129272460938,275.2165832519531,213.39459228515625,praecox,37,16,0,720,Medicago,Medicago,praecox,Medicago_praecox_37_16,D.C. ,,,,species,,1021.9999949137369,839.5053863525391,1146.7357635498047,889.1441345214844,1.0,2.0
176,258,278.73040771484375,201.48129272460938,298.34869384765625,213.39459228515625,D.C.,37,16,1,720,,Medicago,,,,author_37_16,,,,,1161.3766988118489,839.5053863525391,1243.1195576985676,889.1441345214844,1.0,2.0
177,259,245.27999877929688,211.081298828125,272.7655029296875,222.99459838867188,radiata,37,17,0,720,Medicago,Medicago,radiata,Medicago_radiata_37_17,L. ,,,,species,,1021.9999949137369,879.5054117838541,1136.522928873698,929.1441599527994,1.0,2.0
178,260,276.3833312988281,211.081298828125,284.9093933105469,222.99459838867188,L.,37,17,1,720,,Medicago,,,,author_37_17,,,,,1151.5972137451172,879.5054117838541,1187.1224721272786,929.1441599527994,1.0,2.0
179,261,245.27999877929688,219.21340942382812,267.07342529296875,230.79190063476562,rigida,37,18,0,720,Medicago,Medicago,rigida,Medicago_rigida_37_18,Lam. ,,,,species,,1021.9999949137369,913.3892059326172,1112.8059387207031,961.6329193115234,1.0,2.0
180,262,269.43768310546875,219.24130249023438,289.38836669921875,231.15460205078125,Lam.,37,18,1,720,,Medicago,,,,author_37_18,,,,,1122.6570129394531,913.5054270426432,1205.7848612467449,963.1441752115885,1.0,2.0
181,263,245.52000427246094,229.80130004882812,274.5858154296875,241.714599609375,rigidula,37,19,0,720,Medicago,Medicago,rigidula,Medicago_rigidula_37_19,(L.) Desr. ,,,,species,,1023.0000178019205,957.5054168701172,1144.1075642903645,1007.1441650390625,1.0,2.0
182,264,280.0313415527344,229.80130004882812,294.64739990234375,241.714599609375,(L.),37,19,1,720,,Medicago,,,,author_37_19,,,,,1166.7972564697266,957.5054168701172,1227.6974995930989,1007.1441650390625,1.0,2.0
183,265,300.09307861328125,229.80130004882812,320.4292297363281,241.714599609375,Desr.,37,19,2,720,,Medicago,,,,author_37_19,,,,,1250.3878275553386,957.5054168701172,1335.121790568034,1007.1441650390625,1.0,2.0
184,266,245.0399932861328,239.40130615234375,268.5444641113281,251.31460571289062,rotata,37,20,0,720,Medicago,Medicago,rotata,Medicago_rotata_37_20,Boiss. ,,,,species,,1020.9999720255533,997.5054423014323,1118.935267130534,1047.1441904703777,1.0,2.0
185,267,270.8704528808594,239.40130615234375,292.62091064453125,251.31460571289062,Boiss.,37,20,1,720,,Medicago,,,,author_37_20,,,,,1128.6268870035808,997.5054423014323,1219.2537943522136,1047.1441904703777,1.0,2.0
186,268,245.27999877929688,249.00131225585938,269.43902587890625,260.91461181640625,rugosa,37,21,0,720,Medicago,Medicago,rugosa,Medicago_rugosa_37_21,Desr. ,,,,species,,1021.9999949137369,1037.5054677327473,1122.6626078287761,1087.1442159016926,1.0,2.0
187,269,274.1727294921875,249.00131225585938,294.5088806152344,260.91461181640625,Desr.,37,21,1,720,,Medicago,,,,author_37_21,,,,,1142.3863728841145,1037.5054677327473,1227.1203358968098,1087.1442159016926,1.0,2.0
188,270,245.0399932861328,258.6012878417969,266.2975158691406,270.51458740234375,sativa,37,22,0,720,Medicago,Medicago,sativa,Medicago_sativa_37_22,L. ,,,,species,,1020.9999720255533,1077.505366007487,1109.572982788086,1127.1441141764324,1.0,2.0
189,271,271.69830322265625,258.6012878417969,280.1091003417969,270.51458740234375,L.,37,22,1,720,,Medicago,,,,author_37_22,,,,,1132.0762634277344,1077.505366007487,1167.1212514241536,1127.1441141764324,1.0,2.0
190,272,245.27999877929688,268.2012939453125,280.8451232910156,280.1145935058594,scutellata,37,23,0,720,Medicago,Medicago,scutellata,Medicago_scutellata_37_23,Mill. ,,,,species,,1021.9999949137369,1117.505391438802,1170.1880137125652,1167.1441396077473,1.0,2.0
191,273,285.4380798339844,268.2012939453125,304.34930419921875,280.1145935058594,Mill.,37,23,1,720,,Medicago,,,,author_37_23,,,,,1189.3253326416016,1117.505391438802,1268.1221008300781,1167.1441396077473,1.0,2.0
192,274,245.0399932861328,276.81341552734375,268.93328857421875,288.39190673828125,sessilis,37,24,0,720,Medicago,Medicago,sessilis,Medicago_sessilis_37_24,Peyron ,,,,species,,1020.9999720255533,1153.3892313639324,1120.5553690592449,1201.6329447428386,1.0,2.0
193,275,270.48358154296875,276.84130859375,298.5538330078125,288.7546081542969,Peyron,37,24,1,720,,Medicago,,,,author_37_24,,,,,1127.0149230957031,1153.5054524739583,1243.9743041992188,1203.1442006429036,1.0,2.0
194,276,245.0399932861328,286.41339111328125,296.1168212890625,297.99188232421875,sphaerocarpos,37,25,0,720,Medicago,Medicago,sphaerocarpos,Medicago_sphaerocarpos_37_25,"Bertol, ",,,,species,,1020.9999720255533,1193.3891296386719,1233.820088704427,1241.6328430175781,1.0,2.0
195,277,297.666748046875,286.4412841796875,322.9580078125,298.3545837402344,"Bertol,",37,25,1,720,,Medicago,,,,author_37_25,,,,,1240.2781168619792,1193.505350748698,1345.6583658854167,1243.1440989176433,1.0,2.0
196,278,245.27999877929688,296.0133972167969,284.0145568847656,307.5918884277344,tentaculata,37,26,0,720,Medicago,Medicago,tentaculata,Medicago_tentaculata_37_26,Gaertn. ,,,,species,,1021.9999949137369,1233.389155069987,1183.3939870198567,1281.6328684488933,1.0,2.0
197,279,285.5646667480469,296.0412902832031,316.10601806640625,307.95458984375,Gaertn.,37,26,1,720,,Medicago,,,,author_37_26,,,,,1189.852778116862,1233.505376180013,1317.1084086100261,1283.1441243489583,1.0,2.0
198,280,245.27999877929688,305.3734130859375,282.54144287109375,316.951904296875,tribuloides,37,27,0,720,Medicago,Medicago,tribuloides,Medicago_tribuloides_37_27,Desr. ,,,,species,,1021.9999949137369,1272.3892211914062,1177.2560119628906,1320.6329345703125,1.0,2.0
199,281,284.09173583984375,305.40130615234375,304.7039489746094,317.3146057128906,Desr.,37,27,1,720,,Medicago,,,,author_37_27,,,,,1183.7155659993489,1272.5054423014324,1269.5997873942058,1322.1441904703777,1.0,2.0
200,282,245.27999877929688,315.2134094238281,281.11517333984375,326.7919006347656,truncatula,37,28,0,720,Medicago,Medicago,truncatula,Medicago_truncatula_37_28,Gaertn. ,,,,species,,1021.9999949137369,1313.3892059326172,1171.3132222493489,1361.6329193115234,1.0,2.0
201,283,282.6647033691406,315.2413024902344,313.2496337890625,327.15460205078125,Gaertn.,37,28,1,720,,Medicago,,,,author_37_28,,,,,1177.7695973714192,1313.5054270426433,1305.206807454427,1363.1441752115886,1.0,2.0
202,284,245.52000427246094,325.8013000488281,289.17529296875,337.714599609375,tuberculata,37,29,0,720,Medicago,Medicago,tuberculata,Medicago_tuberculata_37_29,WiUd. ,,,,species,,1023.0000178019205,1357.5054168701172,1204.8970540364583,1407.1441650390625,1.0,2.0
203,285,292.7615051269531,325.8013000488281,317.55035400390625,337.714599609375,WiUd.,37,29,1,720,,Medicago,,,,author_37_29,,,,,1219.839604695638,1357.5054168701172,1323.1264750162761,1407.1441650390625,1.0,2.0
204,286,245.27999877929688,334.9212951660156,281.2901916503906,346.8345947265625,turbinata,37,30,0,720,Medicago,Medicago,turbinata,Medicago_turbinata_37_30,(L.) Willd. ,,,,species,,1021.9999949137369,1395.5053965250652,1172.042465209961,1445.1441446940105,1.0,2.0
205,287,285.7127990722656,334.9212951660156,300.2609558105469,346.8345947265625,(L.),37,30,1,720,,Medicago,,,,author_37_30,,,,,1190.4699961344402,1395.5053965250652,1251.0873158772786,1445.1441446940105,1.0,2.0
206,288,304.6835632324219,334.9212951660156,327.8697204589844,346.8345947265625,Willd.,37,30,2,720,,Medicago,,,,author_37_30,,,,,1269.5148468017578,1395.5053965250652,1366.1238352457683,1445.1441446940105,1.0,2.0
207,289,246.9600067138672,345.0013122558594,253.99034118652344,356.91461181640625,X,37,31,0,720,,,,,,,,,,,1029.0000279744465,1437.5054677327473,1058.293088277181,1487.1442159016926,1.0,2.0
208,290,255.8690643310547,345.0013122558594,274.6891784667969,356.91461181640625,varia,37,31,1,720,Medicago,Medicago,varia,Medicago_varia_37_31,Maftyn ,,,,hybrid-species,,1066.1211013793945,1437.5054677327473,1144.5382436116536,1487.1442159016926,1.0,2.0
209,291,278.2379150390625,345.0013122558594,306.5488586425781,356.91461181640625,Maftyn,37,31,2,720,,Medicago,,,,author_37_31,,,,,1159.3246459960938,1437.5054677327473,1277.2869110107422,1487.1442159016926,1.0,2.0
210,292,232.0800018310547,355.081298828125,280.2178649902344,366.9945983886719,Melandrium,38,0,0,720,Melandrium,Melandrium,,,,,,,genus,,967.0000076293945,1479.5054117838542,1167.5744374593098,1529.1441599527996,1.0,3.0
211,293,232.0800018310547,364.6813049316406,254.40452575683594,376.5946044921875,Melia,38,1,0,720,Melia,Melia,,,,,,,genus,,967.0000076293945,1519.5054372151692,1060.0188573201497,1569.1441853841145,1.0,3.0
212,294,245.27999877929688,374.28131103515625,284.19561767578125,386.1946105957031,azedarach,39,0,0,720,Melia,Melia,azedarach,Melia_azedarach_39_0,L. ,,,,species,,1021.9999949137369,1559.5054626464844,1184.1484069824219,1609.1442108154297,1.0,2.0
213,295,287.50640869140625,374.28131103515625,295.9488220214844,386.1946105957031,L.,39,0,1,720,,Melia,,,,author_39_0,,,,,1197.9433695475261,1559.5054626464844,1233.1200917561848,1609.1442108154297,1.0,2.0
214,296,232.0800018310547,384.3612976074219,288.15643310546875,396.27459716796875,MELIACEAE,40,0,0,720,,,,,,,,,,,967.0000076293945,1601.505406697591,1200.6518046061199,1651.1441548665364,1.0,3.0
215,297,231.83999633789062,394.4412841796875,268.0350341796875,406.3545837402344,Melilotus,40,1,0,720,Melilotus,Melilotus,,,,,,,genus,,965.9999847412109,1643.505350748698,1116.8126424153645,1693.1440989176433,1.0,3.0
216,298,245.52000427246094,404.52130126953125,265.37054443359375,416.4346008300781,albus,41,0,0,720,Melilotus,Melilotus,albus,Melilotus_albus_41_0,Desr. ,,,,species,,1023.0000178019205,1685.5054219563801,1105.7106018066406,1735.1441701253254,1.0,2.0
217,299,268.6528015136719,404.52130126953125,288.98895263671875,416.4346008300781,Desr.,41,0,1,720,,Melilotus,,,,author_41_0,,,,,1119.3866729736328,1685.5054219563801,1204.1206359863281,1735.1441701253254,1.0,2.0
218,300,245.27999877929688,414.8650207519531,277.32586669921875,424.2025146484375,compactus,41,1,0,720,Melilotus,Melilotus,compactus,Melilotus_compactus_41_1,Salzm. ,,,,species,,1021.9999949137369,1728.604253133138,1155.5244445800781,1767.510477701823,1.0,2.0
219,301,282.3443908691406,414.88751220703125,307.3268127441406,424.4950256347656,Salzm.,41,1,1,720,,Melilotus,,,,author_41_1,,,,,1176.4349619547527,1728.6979675292969,1280.5283864339192,1768.7292734781902,1.0,2.0
220,302,245.27999877929688,424.2012939453125,272.5852966308594,436.1145935058594,indicuş,41,2,0,720,Melilotus,Melilotus,indicuş,Melilotus_indicuş_41_2,(L.) AU. ,,,,species,,1021.9999949137369,1767.505391438802,1135.7720692952473,1817.1441396077473,1.0,2.0
221,303,275.71044921875,424.2012939453125,290.43914794921875,436.1145935058594,(L.),41,2,1,720,,Melilotus,,,,author_41_2,,,,,1148.7935384114583,1767.505391438802,1210.1631164550781,1817.1441396077473,1.0,2.0
222,304,293.5636901855469,424.2012939453125,308.6712341308594,436.1145935058594,AU.,41,2,2,720,,Melilotus,,,,author_41_2,,,,,1223.1820424397786,1767.505391438802,1286.130142211914,1817.1441396077473,1.0,2.0
223,305,245.52000427246094,433.3212890625,272.3678283691406,445.2345886230469,infestus,41,3,0,720,Melilotus,Melilotus,infestus,Melilotus_infestus_41_3,Guss. ,,,,species,,1023.0000178019205,1805.50537109375,1134.865951538086,1855.1441192626953,1.0,2.0
224,306,276.3171691894531,433.3212890625,297.389892578125,445.2345886230469,Guss.,41,3,1,720,,Melilotus,,,,author_41_3,,,,,1151.321538289388,1805.50537109375,1239.1245524088542,1855.1441192626953,1.0,2.0
225,307,245.27999877929688,442.9212951660156,271.90374755859375,454.8345947265625,italicus,41,4,0,720,Melilotus,Melilotus,italicus,Melilotus_italicus_41_4,(L.) Lam. ,,,,species,,1021.9999949137369,1845.5053965250652,1132.9322814941406,1895.1441446940105,1.0,2.0
226,308,276.5313720703125,442.9212951660156,291.26007080078125,454.8345947265625,(L.),41,4,1,720,,Melilotus,,,,author_41_4,,,,,1152.2140502929688,1845.5053965250652,1213.5836283365886,1895.1441446940105,1.0,2.0
227,309,295.67657470703125,442.9212951660156,316.5882873535156,454.8345947265625,Lam.,41,4,2,720,,Melilotus,,,,author_41_4,,,,,1231.9857279459636,1845.5053965250652,1319.1178639729817,1895.1441446940105,1.0,2.0
228,310,245.27999877929688,453.2649841308594,284.6320495605469,462.60247802734375,messanensis,41,5,0,720,Melilotus,Melilotus,messanensis,Melilotus_messanensis_41_5,(L.) AU. ,,,,species,,1021.9999949137369,1888.6041005452473,1185.9668731689453,1927.5103251139324,1.0,2.0
229,311,288.2301330566406,453.2874755859375,303.0439758300781,462.8949890136719,(L.),41,5,1,720,,Melilotus,,,,author_41_5,,,,,1200.9588877360027,1888.6978149414062,1262.6832326253254,1928.7291208902996,1.0,2.0
230,312,306.64251708984375,453.2874755859375,320.5190734863281,462.8949890136719,AU.,41,5,2,720,,Melilotus,,,,author_41_5,,,,,1277.6771545410156,1888.6978149414062,1335.4961395263672,1928.7291208902996,1.0,2.0
231,313,245.27999877929688,462.12127685546875,280.1012878417969,474.0345764160156,officinalis,41,6,0,720,Melilotus,Melilotus,officinalis,Melilotus_officinalis_41_6,(L.) Lam. ,,,,species,,1021.9999949137369,1925.5053202311199,1167.0886993408203,1975.1440684000652,1.0,2.0
232,314,285.1501770019531,462.12127685546875,299.6983337402344,474.0345764160156,(L.),41,6,1,720,,Melilotus,,,,author_41_6,,,,,1188.125737508138,1925.5053202311199,1248.7430572509766,1975.1440684000652,1.0,2.0
233,315,304.9767150878906,462.12127685546875,325.7078857421875,474.0345764160156,Lam.,41,6,2,720,,Melilotus,,,,author_41_6,,,,,1270.736312866211,1925.5053202311199,1357.116190592448,1975.1440684000652,1.0,2.0
234,316,244.0800018310547,472.4649963378906,279.4393005371094,481.802490234375,parviflorus,41,7,0,720,Melilotus,Melilotus,parviflorus,Melilotus_parviflorus_41_7,Desf. ,,,,species,,1017.0000076293945,1968.6041514078777,1164.3304189046223,2007.5103759765625,1.0,2.0
235,317,283.6701354980469,472.48748779296875,302.32568359375,482.0950012207031,Desf.,41,7,1,720,,Melilotus,,,,author_41_7,,,,,1181.9588979085286,1968.6978658040364,1259.6903483072917,2008.7291717529297,1.0,2.0
236,318,244.0800018310547,482.06500244140625,282.9833068847656,491.4024963378906,procumbens,41,8,0,720,Melilotus,Melilotus,procumbens,Melilotus_procumbens_41_8,Besser ,,,,species,,1017.0000076293945,2008.6041768391926,1179.0971120198567,2047.5104014078777,1.0,2.0
237,319,287.6686706542969,482.0874938964844,309.49920654296875,491.69500732421875,Besser,41,8,1,720,,Melilotus,,,,author_41_8,,,,,1198.6194610595703,2008.6978912353516,1289.5800272623699,2048.7291971842446,1.0,2.0
238,320,245.0399932861328,491.40130615234375,275.0577392578125,503.3146057128906,segetalis,41,9,0,720,Melilotus,Melilotus,segetalis,Melilotus_segetalis_41_9,(Brot.) Ser. ,,,,species,,1020.9999720255533,2047.5054423014324,1146.0739135742188,2097.1441904703775,1.0,2.0
239,321,280.2137145996094,491.40130615234375,305.5875549316406,503.3146057128906,(Brot.),41,9,1,720,,Melilotus,,,,author_41_9,,,,,1167.557144165039,2047.5054423014324,1273.281478881836,2097.1441904703775,1.0,2.0
240,322,310.9781494140625,491.40130615234375,325.7083740234375,503.3146057128906,Ser.,41,9,2,720,,Melilotus,,,,author_41_9,,,,,1295.7422892252605,2047.5054423014324,1357.1182250976562,2097.1441904703775,1.0,2.0
241,323,245.0399932861328,501.00128173828125,269.7403259277344,512.9146118164062,siculus,41,10,0,720,Melilotus,Melilotus,siculus,Melilotus_siculus_41_10,(Turra) Vitm. ,,,,species,,1020.9999720255533,2087.505340576172,1123.9180246988933,2137.144215901693,1.0,2.0
242,324,274.3761291503906,501.00128173828125,303.7362365722656,512.9146118164062,(Turra),41,10,1,720,,Melilotus,,,,author_41_10,,,,,1143.233871459961,2087.505340576172,1265.5676523844402,2137.144215901693,1.0,2.0
243,325,308.1510925292969,501.00128173828125,330.7709045410156,512.9146118164062,Vitm.,41,10,2,720,,Melilotus,,,,author_41_10,,,,,1283.962885538737,2087.505340576172,1378.2121022542317,2137.144215901693,1.0,2.0
244,326,244.8000030517578,510.601318359375,274.9225769042969,522.5146484375,sulcatus,41,11,0,720,Melilotus,Melilotus,sulcatus,Melilotus_sulcatus_41_11,Desf. ,,,,species,,1020.0000127156576,2127.5054931640625,1145.510737101237,2177.1443684895835,1.0,2.0
245,327,279.609375,510.601318359375,297.62847900390625,522.5146484375,Desf.,41,11,1,720,,Melilotus,,,,author_41_11,,,,,1165.0390625,2127.5054931640625,1240.1186625162761,2177.1443684895835,1.0,2.0
246,328,231.36000061035156,521.1849975585938,271.6001892089844,530.5225219726562,Metiocarpus,42,0,0,720,Metiocarpus,Metiocarpus,,,,,,,genus,,964.0000025431315,2171.6041564941406,1131.6674550374348,2210.510508219401,1.0,3.0
247,329,244.8000030517578,530.7849731445312,263.3818359375,540.1224975585938,alatus,43,0,0,720,Metiocarpus,Metiocarpus,alatus,Metiocarpus_alatus_43_0,Boiss. ,,,,species,,1020.0000127156576,2211.6040547688804,1097.42431640625,2250.5104064941406,1.0,2.0
248,330,269.0137634277344,530.8074951171875,289.324462890625,540.4149780273438,Boiss.,43,0,1,720,,Metiocarpus,,,,author_43_0,,,,,1120.8906809488933,2211.6978963216147,1205.5185953776042,2251.729075113932,1.0,2.0
249,331,244.8000030517578,540.3849487304688,279.4775085449219,549.7224731445312,anisopterus,43,1,0,720,Metiocarpus,Metiocarpus,anisopterus,Metiocarpus_anisopterus_43_1,Boiss. ,,,,species,,1020.0000127156576,2251.6039530436196,1164.4896189371746,2290.5103047688804,1.0,2.0
250,332,286.2457275390625,540.407470703125,306.3626403808594,550.0149536132812,Boiss.,43,1,1,720,,Metiocarpus,,,,author_43_1,,,,,1192.6905314127605,2251.697794596354,1276.511001586914,2291.728973388672,1.0,2.0
251,333,243.83999633789062,549.9849853515625,283.1992492675781,559.322509765625,peduncularis,43,2,0,720,Metiocarpus,Metiocarpus,peduncularis,Metiocarpus_peduncularis_43_2,,,,,species,,1015.9999847412109,2291.6041056315103,1179.9968719482422,2330.510457356771,1.0,2.0
252,334,291.5260314941406,550.0075073242188,311.6429443359375,559.614990234375,Boiss.,43,3,0,720,,,,,,,,,,True,1214.6917978922527,2291.6979471842446,1298.5122680664062,2331.7291259765625,1.0,4.0
253,335,231.36000061035156,560.5449829101562,261.02667236328125,569.8825073242188,Meniocus,44,0,0,720,Meniocus,Meniocus,,,,,,,genus,,964.0000025431315,2335.6040954589844,1087.6111348470051,2374.5104471842446,1.0,3.0
254,336,244.8000030517578,569.9049682617188,265.3631896972656,579.2424926757812,aureus,45,0,0,720,Meniocus,Meniocus,aureus,Meniocus_aureus_45_0,Fenzl ,,,,species,,1020.0000127156576,2374.604034423828,1105.6799570719402,2413.5103861490884,1.0,2.0
255,337,270.60400390625,569.927490234375,290.69183349609375,579.5349731445312,Fenzl,45,0,1,720,,Meniocus,,,,author_45_0,,,,,1127.5166829427083,2374.6978759765625,1211.2159729003906,2414.7290547688804,1.0,2.0
256,338,242.63999938964844,578.7333984375,273.6907043457031,590.3118896484375,filifolius,45,1,0,720,Meniocus,Meniocus,filifolius,Meniocus_filifolius_45_1,Jaub. et Spach ,,,,species,,1010.9999974568685,2411.38916015625,1140.377934773763,2459.6328735351562,1.0,2.0
257,339,276.0539245605469,578.7612915039062,298.3524475097656,590.6746215820312,Jaub.,45,1,1,720,,Meniocus,,,,author_45_1,,,,,1150.2246856689453,2411.505381266276,1243.1351979573567,2461.144256591797,1.0,2.0
258,340,300.94415283203125,578.7612915039062,308.3488464355469,590.6746215820312,et,45,1,2,720,,Meniocus,,,,author_45_1,,,,,1253.9339701334636,2411.505381266276,1284.786860148112,2461.144256591797,1.0,2.0
259,341,310.4825744628906,578.7612915039062,334.31976318359375,590.6746215820312,Spach,45,1,3,720,,Meniocus,,,,author_45_1,,,,,1293.6773935953777,2411.505381266276,1392.9990132649739,2461.144256591797,1.0,2.0
260,342,244.8000030517578,588.8134155273438,277.7890625,600.3919067382812,linifolius,45,2,0,720,Meniocus,Meniocus,linifolius,Meniocus_linifolius_45_2,(Steph.) D.C. ,,,,species,,1020.0000127156576,2453.389231363932,1157.4544270833333,2501.6329447428384,1.0,2.0
261,343,279.7589416503906,588.84130859375,310.8206481933594,600.754638671875,(Steph.),45,2,1,720,,Meniocus,,,,author_45_2,,,,,1165.6622568766277,2453.5054524739585,1295.0860341389973,2503.144327799479,1.0,2.0
262,344,312.9971618652344,588.84130859375,332.6700439453125,600.754638671875,D.C.,45,2,2,720,,Meniocus,,,,author_45_2,,,,,1304.1548411051433,2453.5054524739585,1386.1251831054688,2503.144327799479,1.0,2.0
263,345,244.32000732421875,598.4649658203125,282.6923828125,607.802490234375,serpyllifolius,45,3,0,720,Meniocus,Meniocus,serpyllifolius,Meniocus_serpyllifolius_45_3,,,,,species,,1018.0000305175781,2493.6040242513022,1177.8849283854167,2532.5103759765625,1.0,2.0
264,346,291.8657531738281,598.4874877929688,311.8837585449219,608.094970703125,Desv.,45,4,0,720,,,,,,,,,,True,1216.1073048909504,2493.6978658040366,1299.515660603841,2533.729044596354,1.0,4.0
0,3,28.559999465942383,48.37917709350586,72.07745361328125,57.8123779296875,Mercunalis,1,0,0,721,Mercunalis,Mercunalis,,,,,,,genus,,118.99999777475993,201.5799045562744,300.3227233886719,240.8849080403646,0.0,0.0
1,4,42.0,56.53921127319336,65.30181121826172,65.972412109375,annua,2,0,0,721,Mercunalis,Mercunalis,annua,Mercunalis_annua_2_0,L. ,,,,species,,175.0,235.580046971639,272.0908800760905,274.8850504557292,0.0,1.0
2,5,70.58431243896484,56.53921127319336,78.67057800292969,65.972412109375,L.,2,0,1,721,,Mercunalis,,,,author_2_0,,,,,294.1013018290202,235.580046971639,327.79407501220703,274.8850504557292,0.0,1.0
3,6,41.7599983215332,66.61923217773438,61.86748123168945,76.05242919921875,ovata,2,1,0,721,Mercunalis,Mercunalis,ovata,Mercunalis_ovata_2_1,Sternb. et Hoppe ,,,,species,,173.99999300638834,277.58013407389325,257.78117179870605,316.88512166341144,0.0,1.0
4,7,65.96424102783203,66.61923217773438,93.83902740478516,76.05242919921875,Sternb.,2,1,1,721,,Mercunalis,,,,author_2_1,,,,,274.8510042826335,277.58013407389325,390.99594751993817,316.88512166341144,0.0,1.0
5,8,98.17717742919922,66.61923217773438,105.0330581665039,76.05242919921875,et,2,1,2,721,,Mercunalis,,,,author_2_1,,,,,409.0715726216634,277.58013407389325,437.6377423604329,316.88512166341144,0.0,1.0
6,9,108.88944244384766,66.61923217773438,134.9195556640625,76.05242919921875,Hoppe,2,1,3,721,,Mercunalis,,,,author_2_1,,,,,453.70601018269855,277.58013407389325,562.1648152669271,316.88512166341144,0.0,1.0
7,10,40.79999923706055,75.73922729492188,68.15230560302734,85.17242431640625,perennis,2,2,0,721,Mercunalis,Mercunalis,perennis,Mercunalis_perennis_2_2,L. ,,,,species,,169.9999968210856,315.5801137288411,283.96794001261395,354.8851013183594,0.0,1.0
8,11,73.28734588623047,75.73922729492188,81.30997467041016,85.17242431640625,L.,2,2,1,721,,Mercunalis,,,,author_2_2,,,,,305.36394119262695,315.5801137288411,338.791561126709,354.8851013183594,0.0,1.0
9,12,28.079999923706055,85.09921264648438,58.232139587402344,94.53240966796875,Mespilus,3,0,0,721,Mespilus,Mespilus,,,,,,,genus,,116.99999968210857,354.5800526936849,242.63391494750977,393.8850402832031,0.0,0.0
10,13,41.52000045776367,94.93917846679688,81.21773529052734,104.37237548828125,amelanchier,4,0,0,721,Mespilus,Mespilus,amelanchier,Mespilus_amelanchier_4_0,L. ,,,,species,,173.00000190734863,395.5799102783203,338.40723037719727,434.88489786783856,0.0,1.0
11,14,85.25109100341797,94.93917846679688,92.78903198242188,104.37237548828125,L.,4,0,1,721,,Mespilus,,,,author_4_0,,,,,355.2128791809082,395.5799102783203,386.6209665934245,434.88489786783856,0.0,1.0
12,15,41.040000915527344,104.53921508789062,76.58796691894531,113.972412109375,germanica,4,1,0,721,Mespilus,Mespilus,germanica,Mespilus_germanica_4_1,L. ,,,,species,,171.00000381469727,435.58006286621094,319.1165288289388,474.8850504557292,0.0,1.0
13,16,78.56675720214844,104.53921508789062,86.58938598632812,113.972412109375,L.,4,1,1,721,,Mespilus,,,,author_4_1,,,,,327.36148834228516,435.58006286621094,360.7891082763672,474.8850504557292,0.0,1.0
14,17,40.31999969482422,114.13919067382812,76.92105102539062,123.5723876953125,pyracantha,4,2,0,721,Mespilus,Mespilus,pyracantha,Mespilus_pyracantha_4_2,L. ,,,,species,,167.99999872843424,475.5799611409505,320.50437927246094,514.8849487304688,0.0,1.0
15,18,80.72592163085938,114.13919067382812,88.74855041503906,123.5723876953125,L.,4,2,1,721,,Mespilus,,,,author_4_2,,,,,336.3580067952474,475.5799611409505,369.7856267293294,514.8849487304688,0.0,1.0
16,19,27.84000015258789,123.49920654296875,53.77580261230469,132.93240356445312,Mimosa,5,0,0,721,Mimosa,Mimosa,,,,,,,genus,,116.00000063578288,514.5800272623698,224.0658442179362,553.8850148518881,0.0,0.0
17,20,39.36000061035156,133.33920288085938,59.045249938964844,142.77239990234375,farda,6,0,0,721,Mimosa,Mimosa,farda,Mimosa_farda_6_0,Banks et Sol. ,,,,species,,164.0000025431315,555.5800120035807,246.02187474568686,594.884999593099,0.0,1.0
18,21,63.13797378540039,133.33920288085938,84.80166625976562,142.77239990234375,Banks,6,0,1,721,,Mimosa,,,,author_6_0,,,,,263.07489077250165,555.5800120035807,353.34027608235675,594.884999593099,0.0,1.0
19,22,89.18728637695312,133.33920288085938,95.79268646240234,142.77239990234375,et,6,0,2,721,,Mimosa,,,,author_6_0,,,,,371.6136932373047,555.5800120035807,399.1361935933431,594.884999593099,0.0,1.0
20,23,99.8860855102539,133.33920288085938,114.20291900634766,142.77239990234375,Sol.,6,0,3,721,,Mimosa,,,,author_6_0,,,,,416.1920229593913,555.5800120035807,475.8454958597819,594.884999593099,0.0,1.0
21,24,39.36000061035156,142.939208984375,75.51033020019531,152.37240600585938,farnesiana,6,1,0,721,Mimosa,Mimosa,farnesiana,Mimosa_farnesiana_6_1,L. ,,,,species,,164.0000025431315,595.5800374348959,314.62637583414715,634.8850250244141,0.0,1.0
22,25,79.70304107666016,142.939208984375,87.79031372070312,152.37240600585938,L.,6,1,1,721,,Mimosa,,,,author_6_1,,,,,332.096004486084,595.5800374348959,365.792973836263,634.8850250244141,0.0,1.0
23,26,28.079999923706055,152.53921508789062,79.42273712158203,161.972412109375,Monocaryum,7,0,0,721,Monocaryum,Monocaryum,,,,,,,genus,,116.99999968210857,635.5800628662109,330.9280713399251,674.8850504557291,0.0,0.0
24,27,41.040000915527344,162.61920166015625,79.1670913696289,172.05239868164062,fasciculare,8,0,0,721,Monocaryum,Monocaryum,fasciculare,Monocaryum_fasciculare_8_0,(L.) Roem. et Sch. ,,,,species,,171.00000381469727,677.5800069173177,329.8628807067871,716.8849945068359,0.0,1.0
25,28,83.97388458251953,162.61920166015625,98.17367553710938,172.05239868164062,(L.),8,0,1,721,,Monocaryum,,,,author_8_0,,,,,349.89118576049805,677.5800069173177,409.0569814046224,716.8849945068359,0.0,1.0
26,29,102.72796630859375,162.61920166015625,128.29470825195312,172.05239868164062,Roem.,8,0,2,721,,Monocaryum,,,,author_8_0,,,,,428.03319295247394,677.5800069173177,534.5612843831381,716.8849945068359,0.0,1.0
27,30,132.8489990234375,162.61920166015625,139.58973693847656,172.05239868164062,et,8,0,3,721,,Monocaryum,,,,author_8_0,,,,,553.5374959309896,677.5800069173177,581.623903910319,716.8849945068359,0.0,1.0
28,31,143.38450622558594,162.61920166015625,159.5489501953125,172.05239868164062,Sch.,8,0,4,721,,Monocaryum,,,,author_8_0,,,,,597.435442606608,677.5800069173177,664.7872924804688,716.8849945068359,0.0,1.0
29,32,27.600000381469727,171.49920654296875,54.1124267578125,180.93240356445312,Muscari,9,0,0,721,Muscari,Muscari,,,,,,,genus,,115.0000015894572,714.5800272623698,225.46844482421875,753.8850148518881,0.0,0.0
30,34,41.040000915527344,181.33920288085938,78.56473541259766,190.77239990234375,maritimum,10,0,0,721,Muscari,Muscari,maritimum,Muscari_maritimum_10_0,Desf. ,,,,species,,171.00000381469727,755.5800120035807,327.3530642191569,794.884999593099,0.0,1.0
31,35,80.9182357788086,181.33920288085938,100.02986145019531,190.77239990234375,Desf.,10,0,1,721,,Muscari,,,,author_10_0,,,,,337.1593157450358,755.5800120035807,416.7910893758138,794.884999593099,0.0,1.0
32,36,27.84000015258789,190.69918823242188,64.90901947021484,200.13238525390625,Myagrûm,11,0,0,721,Myagrûm,Myagrûm,,,,,,,genus,,116.00000063578288,794.5799509684244,270.45424779256183,833.8849385579427,0.0,0.0
33,37,41.040000915527344,200.53921508789062,73.92536926269531,209.972412109375,irregulare,12,0,0,721,Myagrûm,Myagrûm,irregulare,Myagrûm_irregulare_12_0,Asso ,,,,species,,171.00000381469727,835.5800628662109,308.02237192789715,874.8850504557291,0.0,1.0
34,38,76.36875915527344,200.53921508789062,93.87913513183594,209.972412109375,Asso,12,0,1,721,,Myagrûm,,,,author_12_0,,,,,318.20316314697266,835.5800628662109,391.1630630493164,874.8850504557291,0.0,1.0
35,39,40.79999923706055,210.13919067382812,84.40457916259766,219.5723876953125,perfoliatum,12,1,0,721,Myagrûm,Myagrûm,perfoliatum,Myagrûm_perfoliatum_12_1,"L, ",,,,species,,169.9999968210856,875.5799611409506,351.68574651082355,914.8849487304688,0.0,1.0
36,40,89.77595520019531,210.13919067382812,97.87090301513672,219.5723876953125,"L,",12,1,1,721,,Myagrûm,,,,author_12_1,,,,,374.0664800008138,875.5799611409506,407.7954292297363,914.8849487304688,0.0,1.0
37,41,27.600000381469727,219.73919677734375,63.908695220947266,229.17239379882812,Myosurus,13,0,0,721,Myosurus,Myosurus,,,,,,,genus,,115.0000015894572,915.5799865722656,266.2862300872803,954.8849741617838,0.0,0.0
38,42,40.08000183105469,229.8192138671875,73.508056640625,239.25241088867188,minimus,14,0,0,721,Myosurus,Myosurus,minimus,Myosurus_minimus_14_0,L. ,,,,species,,167.00000762939453,957.5800577799479,306.2835693359375,996.8850453694662,0.0,1.0
39,43,77.84519958496094,229.8192138671875,85.8698501586914,239.25241088867188,L.,14,0,1,721,,Myosurus,,,,author_14_0,,,,,324.3549982706706,957.5800577799479,357.79104232788086,996.8850453694662,0.0,1.0
40,44,27.360000610351562,239.419189453125,82.80764770507812,248.85238647460938,Myriophylluni,15,0,0,721,Myriophylluni,Myriophylluni,,,,,,,genus,,114.00000254313152,997.5799560546875,345.0318654378255,1036.8849436442058,0.0,0.0
41,45,40.31999969482422,249.01919555664062,74.38890838623047,258.452392578125,spicatum,16,0,0,721,Myriophylluni,Myriophylluni,spicatum,Myriophylluni_spicatum_16_0,L. ,,,,species,,167.99999872843424,1037.5799814860027,309.95378494262695,1076.8849690755208,0.0,1.0
42,46,79.1431884765625,249.01919555664062,87.06986999511719,258.452392578125,L.,16,0,1,721,,Myriophylluni,,,,author_16_0,,,,,329.76328531901044,1037.5799814860027,362.79112497965497,1076.8849690755208,0.0,1.0
43,47,40.560001373291016,258.1391906738281,88.32249450683594,267.5723876953125,verticillatum,16,1,0,721,Myriophylluni,Myriophylluni,verticillatum,Myriophylluni_verticillatum_16_1,L. ,,,,species,,169.0000057220459,1075.5799611409504,368.0103937784831,1114.8849487304688,0.0,1.0
44,48,93.98576354980469,258.1391906738281,101.94981384277344,267.5723876953125,L.,16,1,1,721,,Myriophylluni,,,,author_16_1,,,,,391.6073481241862,1075.5799611409504,424.79089101155597,1114.8849487304688,0.0,1.0
45,49,27.360000610351562,267.73919677734375,85.41925048828125,277.1723937988281,MYRTACEAE,17,0,0,721,,,,,,,,,,,114.00000254313152,1115.5799865722656,355.9135437011719,1154.884974161784,0.0,0.0
46,50,26.8799991607666,276.48101806640625,76.18421936035156,286.970947265625,MYRTALES,17,1,0,721,,,,,,,,,,,111.99999650319417,1152.0042419433594,317.43424733479816,1195.7122802734375,0.0,0.0
47,51,26.8799991607666,286.4591979980469,54.22190856933594,295.89239501953125,Myrtus,17,2,0,721,Myrtus,Myrtus,,,,,,,genus,,111.99999650319417,1193.5799916585286,225.92461903889975,1232.8849792480469,0.0,0.0
48,52,40.31999969482422,297.49920654296875,79.27852630615234,306.9324035644531,communis,18,0,0,721,Myrtus,Myrtus,communis,Myrtus_communis_18_0,L. ,,,,species,,167.99999872843424,1239.5800272623699,330.32719294230145,1278.885014851888,0.0,1.0
49,53,83.48739624023438,297.49920654296875,91.38882446289062,306.9324035644531,L.,18,0,1,721,,Myrtus,,,,author_18_0,,,,,347.86415100097656,1239.5800272623699,380.7867685953776,1278.885014851888,0.0,1.0
50,55,26.399999618530273,338.7792053222656,62.99290466308594,348.21240234375,Nardurus,20,0,0,721,Nardurus,Nardurus,,,,,,,genus,,109.9999984105428,1411.5800221761067,262.4704360961914,1450.885009765625,0.0,0.0
51,56,39.84000015258789,348.37921142578125,71.41744232177734,357.8124084472656,orientalis,21,0,0,721,Nardurus,Nardurus,orientalis,Nardurus_orientalis_21_0,Boiss. ,,,,species,,166.00000063578287,1451.5800476074219,297.57267634073895,1490.8850351969402,0.0,1.0
52,57,74.6238784790039,348.37921142578125,95.42524719238281,357.8124084472656,Boiss.,21,0,1,721,,Nardurus,,,,author_21_0,,,,,310.9328269958496,1451.5800476074219,397.6051966349284,1490.8850351969402,0.0,1.0
53,58,39.84000015258789,357.9792175292969,74.85710144042969,367.41241455078125,subulatus,21,1,0,721,Nardurus,Nardurus,subulatus,Nardurus_subulatus_21_1,(Banks et Sol.) Bor ,,,,species,,166.00000063578287,1491.580073038737,311.9045893351237,1530.8850606282551,0.0,1.0
54,59,79.40533447265625,357.9792175292969,104.10710906982422,367.41241455078125,(Banks,21,1,1,721,,Nardurus,,,,author_21_1,,,,,330.8555603027344,1491.580073038737,433.7796211242676,1530.8850606282551,0.0,1.0
55,60,108.15034484863281,357.9792175292969,114.7708969116211,367.41241455078125,et,21,1,2,721,,Nardurus,,,,author_21_1,,,,,450.6264368693034,1491.580073038737,478.2120704650879,1530.8850606282551,0.0,1.0
56,61,118.56082916259766,357.9792175292969,135.9840087890625,367.41241455078125,Sol.),21,1,3,721,,Nardurus,,,,author_21_1,,,,,494.0034548441569,1491.580073038737,566.6000366210938,1530.8850606282551,0.0,1.0
57,62,140.7847442626953,357.9792175292969,153.9705047607422,367.41241455078125,Bor,21,1,4,721,,Nardurus,,,,author_21_1,,,,,586.6031010945638,1491.580073038737,641.5437698364258,1530.8850606282551,0.0,1.0
58,63,26.15999984741211,367.5791931152344,70.52525329589844,377.01239013671875,Nasturtium,22,0,0,721,Nasturtium,Nasturtium,,,,,,,genus,,108.99999936421712,1531.5799713134766,293.85522206624347,1570.8849589029949,0.0,0.0
59,64,39.84000015258789,377.17919921875,80.3556137084961,386.6123962402344,amphibium,23,0,0,721,Nasturtium,Nasturtium,amphibium,Nasturtium_amphibium_23_0,(L.) R. Br. ,,,,species,,166.00000063578287,1571.5799967447917,334.8150571187337,1610.8849843343098,0.0,1.0
60,65,82.646484375,377.17919921875,97.6324691772461,386.6123962402344,(L.),23,0,1,721,,Nasturtium,,,,author_23_0,,,,,344.3603515625,1571.5799967447917,406.8019549051921,1610.8849843343098,0.0,1.0
61,66,99.92334747314453,377.17919921875,108.99539184570312,386.6123962402344,R.,23,0,2,721,,Nasturtium,,,,author_23_0,,,,,416.34728113810223,1571.5799967447917,454.147466023763,1610.8849843343098,0.0,1.0
62,67,111.01658630371094,377.17919921875,122.86663818359375,386.6123962402344,Br.,23,0,3,721,,Nasturtium,,,,author_23_0,,,,,462.5691095987956,1571.5799967447917,511.94432576497394,1610.8849843343098,0.0,1.0
63,68,37.439998626708984,387.2591857910156,71.45535278320312,396.6923828125,fontanum,23,1,0,721,Nasturtium,Nasturtium,fontanum,Nasturtium_fontanum_23_1,(Lam.) Auch. ,,,,species,,155.9999942779541,1613.5799407958984,297.7306365966797,1652.8849283854167,0.0,1.0
64,69,75.81976318359375,387.2591857910156,101.9642105102539,396.6923828125,(Lam.),23,1,1,721,,Nasturtium,,,,author_23_1,,,,,315.9156799316406,1613.5799407958984,424.8508771260579,1652.8849283854167,0.0,1.0
65,70,106.32862091064453,387.2591857910156,128.3518829345703,396.6923828125,Auch.,23,1,2,721,,Nasturtium,,,,author_23_1,,,,,443.03592046101886,1613.5799407958984,534.7995122273763,1652.8849283854167,0.0,1.0
66,71,39.599998474121094,396.8592224121094,92.78255462646484,406.29241943359375,macrocarpum,23,2,0,721,Nasturtium,Nasturtium,macrocarpum,Nasturtium_macrocarpum_23_2,Boiss. ,,,,species,,164.99999364217123,1653.580093383789,386.5939776102702,1692.8850809733074,0.0,1.0
67,72,98.46906280517578,396.8592224121094,118.75066375732422,406.29241943359375,Boiss.,23,2,1,721,,Nasturtium,,,,author_23_2,,,,,410.2877616882324,1653.580093383789,494.79443232218426,1692.8850809733074,0.0,1.0
68,73,39.599998474121094,406.4591979980469,93.31866455078125,415.89239501953125,microphyllum,23,3,0,721,Nasturtium,Nasturtium,microphyllum,Nasturtium_microphyllum_23_3,"Bonn, ex Reichb. ",,,,species,,164.99999364217123,1693.5799916585286,388.82776896158856,1732.8849792480469,0.0,1.0
69,74,96.44276428222656,406.4591979980469,118.85457611083984,415.89239501953125,"Bonn,",23,3,1,721,,Nasturtium,,,,author_23_3,,,,,401.84485117594403,1693.5799916585286,495.2274004618327,1732.8849792480469,0.0,1.0
70,75,122.69984436035156,406.4591979980469,130.7598419189453,415.89239501953125,ex,23,3,2,721,,Nasturtium,,,,author_23_3,,,,,511.24935150146484,1693.5799916585286,544.8326746622721,1732.8849792480469,0.0,1.0
71,76,133.8839874267578,406.4591979980469,163.63131713867188,415.89239501953125,Reichb.,23,3,3,721,,Nasturtium,,,,author_23_3,,,,,557.8499476114908,1693.5799916585286,681.7971547444662,1732.8849792480469,0.0,1.0
72,77,39.599998474121094,416.0592041015625,71.65497589111328,425.4924011230469,officinale,23,4,0,721,Nasturtium,Nasturtium,officinale,Nasturtium_officinale_23_4,R. BK ,,,,species,,164.99999364217123,1733.5800170898438,298.56239954630536,1772.885004679362,0.0,1.0
73,78,76.1011962890625,416.0592041015625,84.31047821044922,425.4924011230469,R.,23,4,1,721,,Nasturtium,,,,author_23_4,,,,,317.08831787109375,1733.5800170898438,351.2936592102051,1772.885004679362,0.0,1.0
74,79,89.34923553466797,416.0592041015625,100.86727142333984,425.4924011230469,BK,23,4,2,721,,Nasturtium,,,,author_23_4,,,,,372.2884813944499,1733.5800170898438,420.28029759724933,1772.885004679362,0.0,1.0
75,80,38.880001068115234,425.8992004394531,69.44441223144531,435.3323974609375,sylvestre,23,5,0,721,Nasturtium,Nasturtium,sylvestre,Nasturtium_sylvestre_23_5,(L.) R. Br^-^__ ,,,,species,,162.00000445048013,1774.5800018310547,289.35171763102215,1813.884989420573,0.0,1.0
76,81,71.92329406738281,425.8992004394531,87.10765075683594,435.3323974609375,(L.),23,5,1,721,,Nasturtium,,,,author_23_5,,,,,299.6803919474284,1774.5800018310547,362.9485448201497,1813.884989420573,0.0,1.0
77,82,89.58653259277344,425.8992004394531,98.8143081665039,435.3323974609375,R.,23,5,2,721,,Nasturtium,,,,author_23_5,,,,,373.27721913655597,1774.5800018310547,411.7262840270996,1813.884989420573,0.0,1.0
78,83,101.14714050292969,425.8992004394531,134.40011596679688,435.3323974609375,Br^-^__,23,5,3,721,,Nasturtium,,,,author_23_5,,,,,421.44641876220703,1774.5800018310547,560.0004831949869,1813.884989420573,0.0,1.0
79,84,25.68000030517578,435.2591857910156,48.79364776611328,444.6923828125,Neslia,24,0,0,721,Neslia,Neslia,,,,,,,genus,,107.00000127156575,1813.5799407958984,203.30686569213867,1852.8849283854167,0.0,0.0
80,85,39.599998474121094,444.3791809082031,74.32823944091797,453.8123779296875,apiculata,25,0,0,721,Neslia,Neslia,apiculata,Neslia_apiculata_25_0,(F. et M.) Avé-Lall. ,,,,species,,164.99999364217123,1851.5799204508464,309.7009976704915,1890.8849080403645,0.0,1.0
81,86,78.43711853027344,444.3791809082031,90.101806640625,453.8123779296875,(F.,25,0,1,721,,Neslia,,,,author_25_0,,,,,326.82132720947266,1851.5799204508464,375.4241943359375,1890.8849080403645,0.0,1.0
82,87,93.98343658447266,444.3791809082031,100.75347137451172,453.8123779296875,et,25,0,2,721,,Neslia,,,,author_25_0,,,,,391.59765243530273,1851.5799204508464,419.80613072713214,1890.8849080403645,0.0,1.0
83,88,104.40583038330078,444.3791809082031,118.32281494140625,453.8123779296875,M.),25,0,3,721,,Neslia,,,,author_25_0,,,,,435.02429326375324,1851.5799204508464,493.01172892252606,1890.8849080403645,0.0,1.0
84,89,122.20451354980469,444.3791809082031,158.63507080078125,453.8123779296875,Avé-Lall.,25,0,4,721,,Neslia,,,,author_25_0,,,,,509.1854731241862,1851.5799204508464,660.9794616699219,1890.8849080403645,0.0,1.0
85,90,25.440000534057617,453.9792175292969,59.35418701171875,463.41241455078125,Neurada,26,0,0,721,Neurada,Neurada,,,,,,,genus,,106.00000222524007,1891.580073038737,247.30911254882812,1930.8850606282551,0.0,0.0
86,91,39.119998931884766,463.3392028808594,85.13600158691406,472.77239990234375,procumbens,27,0,0,721,Neurada,Neurada,procumbens,Neurada_procumbens_27_0,L. ,,,,species,,162.99999554951987,1930.5800120035808,354.7333399454753,1969.8849995930989,0.0,1.0
87,92,89.89128112792969,463.3392028808594,97.8704833984375,472.77239990234375,L.,27,0,1,721,,Neurada,,,,author_27_0,,,,,374.54700469970703,1930.5800120035808,407.79368082682294,1969.8849995930989,0.0,1.0
88,93,25.440000534057617,473.6592102050781,52.19611358642578,483.0924072265625,Nigella,28,0,0,721,Nigella,Nigella,,,,,,,genus,,106.00000222524007,1973.580042521159,217.48380661010742,2012.885030110677,0.0,0.0
89,94,39.36000061035156,483.2591857910156,67.90299224853516,492.6923828125,arvensis,29,0,0,721,Nigella,Nigella,arvensis,Nigella_arvensis_29_0,L. ,,,,species,,164.0000025431315,2013.5799407958984,282.9291343688965,2052.8849283854165,0.0,1.0
90,95,73.95915985107422,483.2591857910156,81.7898941040039,492.6923828125,L.,29,0,1,721,,Nigella,,,,author_29_0,,,,,308.1631660461426,2013.5799407958984,340.7912254333496,2052.8849283854165,0.0,1.0
91,96,52.31999969482422,492.3791809082031,66.46646118164062,501.8123779296875,var.,30,0,0,721,,,,,,,,,,,217.99999872843424,2051.579920450846,276.94358825683594,2090.8849080403647,0.0,2.0
92,97,70.46929168701172,492.3791809082031,100.66991424560547,501.8123779296875,caudata,30,0,1,721,Nigella,Nigella,arvensis,Nigella_arvensis_29_0,Boiss. ,,caudata,caudata_30_0,var.,,293.62204869588214,2051.579920450846,419.45797602335614,2090.8849080403647,0.0,2.0
93,98,103.74960327148438,492.3791809082031,124.03120422363281,501.8123779296875,Boiss.,30,0,2,721,,Nigella,,,,author_30_0,,,,,432.2900136311849,2051.579920450846,516.7966842651367,2090.8849080403647,0.0,2.0
94,99,52.31999969482422,501.9792175292969,66.46646118164062,511.41241455078125,var.,30,1,0,721,,,,,,,,,,,217.99999872843424,2091.580073038737,276.94358825683594,2130.8850606282554,0.0,2.0
95,100,72.39334106445312,501.9792175292969,115.42662811279297,511.41241455078125,microcarpa,30,1,1,721,Nigella,Nigella,arvensis,Nigella_arvensis_29_0,Boiss. ,,microcarpa,microcarpa_30_1,var.,,301.638921101888,2091.580073038737,480.944283803304,2130.8850606282554,0.0,2.0
96,101,120.78992462158203,501.9792175292969,141.071533203125,511.41241455078125,Boiss.,30,1,2,721,,Nigella,,,,author_30_1,,,,,503.2913525899251,2091.580073038737,587.7980550130209,2130.8850606282554,0.0,2.0
97,102,52.560001373291016,511.5791931152344,66.36710357666016,521.0123901367188,var.,30,2,0,721,,,,,,,,,,,219.0000057220459,2131.5799713134766,276.529598236084,2170.8849589029946,0.0,2.0
98,103,71.22944641113281,511.5791931152344,97.47793579101562,521.0123901367188,mutica,30,2,1,721,Nigella,Nigella,arvensis,Nigella_arvensis_29_0,(Bornm.) Mout. ,,mutica,mutica_30_2,var.,,296.7893600463867,2131.5799713134766,406.15806579589844,2170.8849589029946,0.0,2.0
99,104,102.09686279296875,511.5791931152344,136.39060974121094,521.0123901367188,(Bornm.),30,2,2,721,,Nigella,,,,author_30_2,,,,,425.4035949707031,2131.5799713134766,568.2942072550455,2170.8849589029946,0.0,2.0
100,105,141.7384490966797,511.5791931152344,165.0536651611328,521.0123901367188,Mout.,30,2,3,721,,Nigella,,,,author_30_2,,,,,590.5768712361654,2131.5799713134766,687.7236048380533,2170.8849589029946,0.0,2.0
101,106,38.880001068115234,521.6591796875,71.07354736328125,531.0924072265625,assyriaca,31,0,0,721,Nigella,Nigella,assyriaca,Nigella_assyriaca_31_0,Boiss. ,,,,species,,162.00000445048013,2173.5799153645835,296.13978068033856,2212.8850301106772,0.0,1.0
102,107,78.78913879394531,521.6591796875,99.07073974609375,531.0924072265625,Boiss.,31,0,1,721,,Nigella,,,,author_31_0,,,,,328.28807830810547,2173.5799153645835,412.7947489420573,2212.8850301106772,0.0,1.0
103,108,38.63999938964844,530.7791748046875,63.13330841064453,540.21240234375,ciliaris,31,1,0,721,Nigella,Nigella,ciliaris,Nigella_ciliaris_31_1,D.C. ,,,,species,,160.9999974568685,2211.5798950195312,263.05545171101886,2250.885009765625,0.0,1.0
104,109,67.3926773071289,530.7791748046875,86.34957122802734,540.21240234375,D.C.,31,1,1,721,,Nigella,,,,author_31_1,,,,,280.8028221130371,2211.5798950195312,359.7898801167806,2250.885009765625,0.0,1.0
105,110,38.63999938964844,540.379150390625,69.62455749511719,549.8123779296875,cretensis,31,2,0,721,Nigella,Nigella,cretensis,Nigella_cretensis_31_2,Stev. ,,,,species,,160.9999974568685,2251.579793294271,290.1023228963216,2290.8849080403647,0.0,1.0
106,111,71.02447509765625,540.379150390625,90.13243103027344,549.8123779296875,Stev.,31,2,1,721,,Nigella,,,,author_31_2,,,,,295.93531290690106,2251.579793294271,375.55179595947266,2290.8849080403647,0.0,1.0
107,112,38.63999938964844,549.9791870117188,62.76380920410156,559.4124145507812,eretica,31,3,0,721,Nigella,Nigella,eretica,Nigella_eretica_31_3,Mill. ,,,,species,,160.9999974568685,2291.5799458821616,261.51587168375653,2330.8850606282554,0.0,1.0
108,113,64.1637954711914,549.9791870117188,83.68323516845703,559.4124145507812,Mill.,31,3,1,721,,Nigella,,,,author_31_3,,,,,267.34914779663086,2291.5799458821616,348.6801465352376,2330.8850606282554,0.0,1.0
109,114,38.880001068115234,559.5791625976562,79.44893646240234,569.0123901367188,damascena,31,4,0,721,Nigella,Nigella,damascena,Nigella_damascena_31_4,L. ,,,,species,,162.00000445048013,2331.579844156901,331.03723526000977,2370.8849589029946,0.0,1.0
110,115,80.84919738769531,559.5791625976562,89.09794616699219,569.0123901367188,L.,31,4,1,721,,Nigella,,,,author_31_4,,,,,336.8716557820638,2331.579844156901,371.24144236246747,2370.8849589029946,0.0,1.0
111,116,38.400001525878906,568.9391479492188,74.58405303955078,578.3723754882812,divaricata,31,5,0,721,Nigella,Nigella,divaricata,Nigella_divaricata_31_5,Beaupré ,,,,species,,160.00000635782877,2370.5797831217446,310.7668876647949,2409.8848978678384,0.0,1.0
112,117,75.98429870605469,568.9391479492188,108.35789489746094,578.3723754882812,Beaupré,31,5,1,721,,Nigella,,,,author_31_5,,,,,316.6012446085612,2370.5797831217446,451.4912287394206,2409.8848978678384,0.0,1.0
113,118,37.91999816894531,578.7791748046875,62.040531158447266,588.21240234375,glauca,31,6,0,721,Nigella,Nigella,glauca,Nigella_glauca_31_6,Boiss. ,,,,species,,157.99999237060547,2411.5798950195312,258.50221316019696,2450.885009765625,0.0,1.0
114,119,63.44123840332031,578.7791748046875,85.43119812011719,588.21240234375,Boiss.,31,6,1,721,,Nigella,,,,author_31_6,,,,,264.33849334716797,2411.5798950195312,355.9633255004883,2450.885009765625,0.0,1.0
115,120,38.400001525878906,588.379150390625,68.79938507080078,597.8123779296875,latisecta,31,7,0,721,Nigella,Nigella,latisecta,Nigella_latisecta_31_7,Davis ,,,,species,,160.00000635782877,2451.579793294271,286.6641044616699,2490.8849080403647,0.0,1.0
116,121,72.46588897705078,588.379150390625,93.19149780273438,597.8123779296875,Davis,31,7,1,721,,Nigella,,,,author_31_7,,,,,301.9412040710449,2451.579793294271,388.29790751139325,2490.8849080403647,0.0,1.0
117,122,159.9171142578125,588.379150390625,167.98770141601562,597.8123779296875,"""S",31,8,0,721,,,,,,,,,,,666.3213094075521,2451.579793294271,699.9487559000651,2490.8849080403647,0.0,3.0
118,123,38.400001525878906,597.9791870117188,64.92565155029297,607.4124145507812,noêana,32,0,0,721,Nigella,Nigella,noêana,Nigella_noêana_32_0,Boiss. ,,,,species,,160.00000635782877,2491.5799458821616,270.5235481262207,2530.8850606282554,0.0,1.0
119,124,66.32579040527344,597.9791870117188,87.71968078613281,607.4124145507812,Boiss.,32,0,1,721,,Nigella,,,,author_32_0,,,,,276.35746002197266,2491.5799458821616,365.49866994222003,2530.8850606282554,0.0,1.0
120,187,246.9600067138672,48.37917709350586,281.5231628417969,57.8123779296875,orientalis,55,0,0,721,Nigella,Nigella,orientalis,Nigella_orientalis_55_0,L. ,,,,species,,1029.0000279744465,201.5799045562744,1173.013178507487,240.8849080403646,1.0,4.0
121,188,285.7663879394531,48.37917709350586,293.7102355957031,57.8123779296875,L.,55,0,1,721,,Nigella,,,,author_55_0,,,,,1190.6932830810547,201.5799045562744,1223.7926483154297,240.8849080403646,1.0,4.0
122,189,246.9600067138672,56.77920150756836,282.3467712402344,66.21240234375,oxypetala,55,1,0,721,Nigella,Nigella,oxypetala,Nigella_oxypetala_55_1,Boiss. ,,,,species,,1029.0000279744465,236.58000628153482,1176.4448801676433,275.885009765625,1.0,4.0
123,190,288.11810302734375,56.77920150756836,308.5915832519531,66.21240234375,Boiss.,55,1,1,721,,Nigella,,,,author_55_1,,,,,1200.4920959472656,236.58000628153482,1285.7982635498047,275.885009765625,1.0,4.0
124,191,246.0,66.13919067382812,269.9588317871094,75.5723876953125,persica,55,2,0,721,Nigella,Nigella,persica,Nigella_persica_55_2,Boiss. ,,,,species,,1025.0,275.5799611409505,1124.8284657796223,314.88494873046875,1.0,4.0
125,192,271.3992919921875,66.13919067382812,293.7109680175781,75.5723876953125,Boiss.,55,2,1,721,,Nigella,,,,author_55_2,,,,,1130.8303833007812,275.5799611409505,1223.7957000732422,314.88494873046875,1.0,4.0
126,193,246.9600067138672,76.21920776367188,267.5302734375,85.65240478515625,sativa,55,3,0,721,Nigella,Nigella,sativa,Nigella_sativa_55_3,L. ,,,,species,,1029.0000279744465,317.5800323486328,1114.70947265625,356.88501993815106,1.0,4.0
127,194,272.59259033203125,76.21920776367188,280.5091857910156,85.65240478515625,L.,55,3,1,721,,Nigella,,,,author_55_3,,,,,1135.8024597167969,317.5800323486328,1168.7882741292317,356.88501993815106,1.0,4.0
128,195,246.72000122070312,85.33920288085938,274.154052734375,94.77239990234375,stellaris,55,4,0,721,Nigella,Nigella,stellaris,Nigella_stellaris_55_4,Boiss. ,,,,species,,1028.000005086263,355.58001200358075,1142.3085530598958,394.88499959309894,1.0,4.0
129,196,281.5888671875,85.33920288085938,301.8704833984375,94.77239990234375,Boiss.,55,4,1,721,,Nigella,,,,author_55_4,,,,,1173.2869466145833,355.58001200358075,1257.793680826823,394.88499959309894,1.0,4.0
130,197,246.9600067138672,95.17922973632812,282.58660888671875,104.6124267578125,tuberculata,55,5,0,721,Nigella,Nigella,tuberculata,Nigella_tuberculata_55_5,Griseb. ,,,,species,,1029.0000279744465,396.5801239013672,1177.4442036946614,435.88511149088544,1.0,4.0
131,198,287.0495300292969,95.17922973632812,315.0184020996094,104.6124267578125,Griseb.,55,5,1,721,,Nigella,,,,author_55_5,,,,,1196.0397084554036,396.5801239013672,1312.576675415039,435.88511149088544,1.0,4.0
132,199,246.72000122070312,104.77920532226562,292.6650695800781,114.21240234375,unguicularis,55,6,0,721,Nigella,Nigella,unguicularis,Nigella_unguicularis_55_6,(Lam.) Spenn ,,,,species,,1028.000005086263,436.58002217610675,1219.4377899169922,475.885009765625,1.0,4.0
133,200,299.6676025390625,104.77920532226562,325.61004638671875,114.21240234375,(Lam.),55,6,1,721,,Nigella,,,,author_55_6,,,,,1248.615010579427,436.58002217610675,1356.7085266113281,475.885009765625,1.0,4.0
134,201,332.8620300292969,104.77920532226562,356.4002380371094,114.21240234375,Spenn,55,6,2,721,,Nigella,,,,author_55_6,,,,,1386.9251251220703,436.58002217610675,1485.000991821289,475.885009765625,1.0,4.0
135,202,233.27999877929688,114.61920166015625,264.32720947265625,124.05239868164062,Nitraria,56,0,0,721,Nitraria,Nitraria,,,,,,,genus,,971.9999949137369,477.5800069173177,1101.3633728027344,516.8849945068359,1.0,5.0
136,203,246.72000122070312,124.21920776367188,269.4990234375,133.65240478515625,retuşa,57,0,0,721,Nitraria,Nitraria,retuşa,Nitraria_retuşa_57_0,(Forssk.) Asch. ,,,,species,,1028.000005086263,517.5800323486328,1122.91259765625,556.885019938151,1.0,4.0
137,204,273.9735107421875,124.21920776367188,305.9695129394531,133.65240478515625,(Forssk.),57,0,1,721,,Nitraria,,,,author_57_0,,,,,1141.5562947591145,517.5800323486328,1274.8729705810547,556.885019938151,1.0,4.0
138,205,310.1632385253906,124.21920776367188,330.1899108886719,133.65240478515625,Asch.,57,0,2,721,,Nitraria,,,,author_57_0,,,,,1292.3468271891277,517.5800323486328,1375.791295369466,556.885019938151,1.0,4.0
139,206,246.72000122070312,133.33920288085938,278.89111328125,142.77239990234375,tridetttata,57,1,0,721,Nitraria,Nitraria,tridetttata,Nitraria_tridetttata_57_1,Desf. ,,,,species,,1028.000005086263,555.5800120035807,1162.0463053385417,594.884999593099,1.0,4.0
140,207,282.5606384277344,133.33920288085938,301.8702087402344,142.77239990234375,Desf.,57,1,1,721,,Nitraria,,,,author_57_1,,,,,1177.3359934488933,555.5800120035807,1257.7925364176433,594.884999593099,1.0,4.0
141,208,233.0399932861328,142.939208984375,265.2372131347656,152.37240600585938,Noccaea,58,0,0,721,Noccaea,Noccaea,,,,,,,genus,,970.9999720255533,595.5800374348959,1105.1550547281902,634.8850250244141,1.0,5.0
142,209,246.47999572753906,152.53921508789062,292.4960021972656,161.972412109375,procumbens,59,0,0,721,Noccaea,Noccaea,procumbens,Noccaea_procumbens_59_0,(L.) Reichb. ,,,,species,,1026.9999821980794,635.5800628662109,1218.7333424886067,674.8850504557291,1.0,4.0
143,210,297.03515625,152.53921508789062,311.05615234375,161.972412109375,(L.),59,0,1,721,,Noccaea,,,,author_59_0,,,,,1237.646484375,635.5800628662109,1296.0673014322917,674.8850504557291,1.0,4.0
144,211,315.35693359375,152.53921508789062,345.3102722167969,161.972412109375,Reichb.,59,0,2,721,,Noccaea,,,,author_59_0,,,,,1313.9872233072917,635.5800628662109,1438.7928009033203,674.8850504557291,1.0,4.0
145,212,233.27999877929688,162.13919067382812,270.7742919921875,171.5723876953125,Notholaena,60,0,0,721,Notholaena,Notholaena,,,,,,,genus,,971.9999949137369,675.5799611409506,1128.2262166341145,714.8849487304688,1.0,5.0
146,213,246.24000549316406,171.73919677734375,278.9712829589844,181.17239379882812,marantae,61,0,0,721,Notholaena,Notholaena,marantae,Notholaena_marantae_61_0,(L.) R.Br. ,,,,species,,1026.0000228881836,715.5799865722656,1162.3803456624348,754.8849741617838,1.0,4.0
147,214,282.6246337890625,171.73919677734375,296.8244323730469,181.17239379882812,(L.),61,0,1,721,,Notholaena,,,,author_61_0,,,,,1177.6026407877605,715.5799865722656,1236.7684682210286,754.8849741617838,1.0,4.0
148,215,300.6697082519531,171.73919677734375,320.83050537109375,181.17239379882812,R.Br.,61,0,2,721,,Notholaena,,,,author_61_0,,,,,1252.7904510498047,715.5799865722656,1336.7937723795574,754.8849741617838,1.0,4.0
149,216,246.24000549316406,181.33920288085938,267.382080078125,190.77239990234375,vellea,61,1,0,721,Notholaena,Notholaena,vellea,Notholaena_vellea_61_1,(Ait.) R.Br. ,,,,species,,1026.0000228881836,755.5800120035807,1114.0920003255208,794.884999593099,1.0,4.0
150,217,269.8584289550781,181.33920288085938,290.3184814453125,190.77239990234375,(Ait.),61,1,1,721,,Notholaena,,,,author_61_1,,,,,1124.410120646159,755.5800120035807,1209.6603393554688,794.884999593099,1.0,4.0
151,218,292.9247131347656,181.33920288085938,314.1517639160156,190.77239990234375,R.Br.,61,1,2,721,,Notholaena,,,,author_61_1,,,,,1220.5196380615234,755.5800120035807,1308.9656829833984,794.884999593099,1.0,4.0
152,219,232.8000030517578,190.939208984375,270.48175048828125,200.37240600585938,Notoceras,62,0,0,721,Notoceras,Notoceras,,,,,,,genus,,970.0000127156576,795.5800374348959,1127.0072937011719,834.8850250244141,1.0,5.0
153,220,246.0,200.53921508789062,274.19476318359375,209.972412109375,bicorne,63,0,0,721,Notoceras,Notoceras,bicorne,Notoceras_bicorne_63_0,(Ait.) Caruel. ,,,,species,,1025.0,835.5800628662109,1142.4781799316406,874.8850504557291,1.0,4.0
154,221,278.6793518066406,200.53921508789062,298.31634521484375,209.972412109375,(Ait.),63,0,1,721,,Notoceras,,,,author_63_0,,,,,1161.1639658610027,835.5800628662109,1242.9847717285156,874.8850504557291,1.0,4.0
155,222,302.8005676269531,200.53921508789062,330.6675720214844,209.972412109375,Caruel.,63,0,2,721,,Notoceras,,,,author_63_0,,,,,1261.6690317789714,835.5800628662109,1377.7815500895183,874.8850504557291,1.0,4.0
156,223,245.75999450683594,210.13919067382812,280.8570251464844,219.5723876953125,canariênse,63,1,0,721,Notoceras,Notoceras,canariênse,Notoceras_canariênse_63_1,R.Br. ,,,,species,,1023.9999771118164,875.5799611409506,1170.2376047770183,914.8849487304688,1.0,4.0
157,224,283.3128356933594,210.13919067382812,304.23974609375,219.5723876953125,R.Br.,63,1,1,721,,Notoceras,,,,author_63_1,,,,,1180.4701487223308,875.5799611409506,1267.6656087239583,914.8849487304688,1.0,4.0
158,225,246.24000549316406,219.73919677734375,299.59326171875,229.17239379882812,cardaminifolium,63,2,0,721,Notoceras,Notoceras,cardaminifolium,Notoceras_cardaminifolium_63_2,D.C. ,,,,species,,1026.0000228881836,915.5799865722656,1248.3052571614583,954.8849741617838,1.0,4.0
159,226,304.5765380859375,219.73919677734375,324.15380859375,229.17239379882812,D.C.,63,2,1,721,,Notoceras,,,,author_63_2,,,,,1269.0689086914062,915.5799865722656,1350.640869140625,954.8849741617838,1.0,4.0
160,227,232.32000732421875,229.8192138671875,261.5223083496094,239.25241088867188,Nuphar,64,0,0,721,Nuphar,Nuphar,,,,,,,genus,,968.0000305175781,957.5800577799479,1089.676284790039,996.8850453694662,1.0,5.0
161,228,245.52000427246094,239.419189453125,272.22821044921875,248.85238647460938,luteum,65,0,0,721,Nuphar,Nuphar,luteum,Nuphar_luteum_65_0,(L.) Sm. ,,,,species,,1023.0000178019205,997.5799560546875,1134.2842102050781,1036.8849436442058,1.0,4.0
162,229,276.4289855957031,239.419189453125,290.6287841796875,248.85238647460938,(L.),65,0,1,721,,Nuphar,,,,author_65_0,,,,,1151.7874399820964,997.5799560546875,1210.9532674153645,1036.8849436442058,1.0,4.0
163,230,295.06365966796875,239.419189453125,309.5517272949219,248.85238647460938,Sm.,65,0,2,721,,Nuphar,,,,author_65_0,,,,,1229.4319152832031,997.5799560546875,1289.798863728841,1036.8849436442058,1.0,4.0
164,231,232.0800018310547,249.01919555664062,273.4889221191406,258.452392578125,Nymphaea,66,0,0,721,Nymphaea,Nymphaea,,,,,,,genus,,967.0000076293945,1037.5799814860027,1139.5371754964192,1076.8849690755208,1.0,5.0
165,232,245.75999450683594,258.1391906738281,261.0596923828125,267.5723876953125,alba,67,0,0,721,Nymphaea,Nymphaea,alba,Nymphaea_alba_67_0,L. ,,,,species,,1023.9999771118164,1075.5799611409504,1087.7487182617188,1114.8849487304688,1.0,4.0
166,233,266.3472595214844,258.1391906738281,274.2709045410156,267.5723876953125,L.,67,0,1,721,,Nymphaea,,,,author_67_0,,,,,1109.7802480061848,1075.5799611409504,1142.7954355875652,1114.8849487304688,1.0,4.0
167,234,232.0800018310547,267.73919677734375,309.86248779296875,277.1723937988281,NYMPHAEACEAE,68,0,0,721,,,,,,,,,,,967.0000076293945,1115.5799865722656,1291.0936991373699,1154.884974161784,1.0,5.0
168,236,231.83999633789062,310.2192077636719,279.97076416015625,319.65240478515625,Ochthodium,70,0,0,721,Ochthodium,Ochthodium,,,,,,,genus,,965.9999847412109,1292.5800323486328,1166.5448506673176,1331.8850199381511,1.0,5.0
169,238,246.0223388671875,319.5791931152344,294.383056640625,329.01239013671875,aegyptiacum,70,2,0,721,Ochthodium,Ochthodium,aegyptiacum,Ochthodium_aegyptiacum_70_2,(L.) D.C. ,,,,species,,1025.0930786132812,1331.5799713134766,1226.5960693359375,1370.8849589029949,1.0,4.0
170,239,298.3343811035156,319.5791931152344,312.5341796875,329.01239013671875,(L.),70,2,1,721,,Ochthodium,,,,author_70_2,,,,,1243.0599212646484,1331.5799713134766,1302.2257486979167,1370.8849589029949,1.0,4.0
171,240,316.7046813964844,319.5791931152344,335.66156005859375,329.01239013671875,D.C.,70,2,2,721,,Ochthodium,,,,author_70_2,,,,,1319.6028391520183,1331.5799713134766,1398.5898335774739,1370.8849589029949,1.0,4.0
172,241,231.83999633789062,329.6592102050781,269.3636474609375,339.0924072265625,Oenanthe,71,0,0,721,Oenanthe,Oenanthe,,,,,,,genus,,965.9999847412109,1373.580042521159,1122.3485310872395,1412.885030110677,1.0,5.0
173,242,245.27999877929688,338.7792053222656,274.783203125,348.21240234375,angulosa,72,0,0,721,Oenanthe,Oenanthe,angulosa,Oenanthe_angulosa_72_0,Griseb. ,,,,species,,1021.9999949137369,1411.5800221761067,1144.9300130208333,1450.885009765625,1.0,4.0
174,243,278.40771484375,338.7792053222656,306.6227722167969,348.21240234375,Griseb.,72,0,1,721,,Oenanthe,,,,author_72_0,,,,,1160.0321451822917,1411.5800221761067,1277.5948842366536,1450.885009765625,1.0,4.0
175,244,245.0399932861328,348.37921142578125,276.7218933105469,357.8124084472656,aquatica,72,1,0,721,Oenanthe,Oenanthe,aquatica,Oenanthe_aquatica_72_1,(L.) Poiret ,,,,species,,1020.9999720255533,1451.5800476074219,1153.0078887939453,1490.8850351969402,1.0,4.0
176,245,280.1308288574219,348.37921142578125,294.33062744140625,357.8124084472656,(L.),72,1,1,721,,Oenanthe,,,,author_72_1,,,,,1167.2117869059246,1451.5800476074219,1226.3776143391926,1490.8850351969402,1.0,4.0
177,246,297.59716796875,348.37921142578125,320.459716796875,357.8124084472656,Poiret,72,1,2,721,,Oenanthe,,,,author_72_1,,,,,1239.9881998697917,1451.5800476074219,1335.2488199869792,1490.8850351969402,1.0,4.0
178,247,245.27999877929688,357.9792175292969,275.1969909667969,367.41241455078125,fistulosa,72,2,0,721,Oenanthe,Oenanthe,fistulosa,Oenanthe_fistulosa_72_2,L. ,,,,species,,1021.9999949137369,1491.580073038737,1146.6541290283203,1530.8850606282551,1.0,4.0
179,248,279.3846435546875,357.9792175292969,287.23052978515625,367.41241455078125,L.,72,2,1,721,,Oenanthe,,,,author_72_2,,,,,1164.1026814778645,1491.580073038737,1196.7938741048176,1530.8850606282551,1.0,4.0
180,249,245.0399932861328,367.5791931152344,267.9500427246094,377.01239013671875,media,72,3,0,721,Oenanthe,Oenanthe,media,Oenanthe_media_72_3,Griseb. ,,,,species,,1020.9999720255533,1531.5799713134766,1116.458511352539,1570.8849589029949,1.0,4.0
181,250,272.6952209472656,367.5791931152344,299.95068359375,377.01239013671875,Griseb.,72,3,1,721,,Oenanthe,,,,author_72_3,,,,,1136.2300872802734,1531.5799713134766,1249.7945149739583,1570.8849589029949,1.0,4.0
182,251,243.83999633789062,377.17919921875,289.4160461425781,386.6123962402344,phellandrium,72,4,0,721,Oenanthe,Oenanthe,phellandrium,Oenanthe_phellandrium_72_4,Lam. ,,,,species,,1015.9999847412109,1571.5799967447917,1205.9001922607422,1610.8849843343098,1.0,4.0
183,252,291.5160217285156,377.17919921875,313.39019775390625,386.6123962402344,Lam.,72,4,1,721,,Oenanthe,,,,author_72_4,,,,,1214.6500905354817,1571.5799967447917,1305.7924906412761,1610.8849843343098,1.0,4.0
184,253,244.8000030517578,387.2591857910156,300.2577209472656,396.6923828125,pimpinelloides,72,5,0,721,Oenanthe,Oenanthe,pimpinelloides,Oenanthe_pimpinelloides_72_5,L. ,,,,species,,1020.0000127156576,1613.5799407958984,1251.0738372802734,1652.8849283854167,1.0,4.0
185,254,304.3150939941406,387.2591857910156,312.1902770996094,396.6923828125,L.,72,5,1,721,,Oenanthe,,,,author_72_5,,,,,1267.9795583089192,1613.5799407958984,1300.7928212483723,1652.8849283854167,1.0,4.0
186,255,244.8000030517578,396.8592224121094,275.6728515625,406.29241943359375,prolifera,72,6,0,721,Oenanthe,Oenanthe,prolifera,Oenanthe_prolifera_72_6,L. ,,,,species,,1020.0000127156576,1653.580093383789,1148.6368815104167,1692.8850809733074,1.0,4.0
187,256,281.73406982421875,396.8592224121094,289.62945556640625,406.29241943359375,L.,72,6,1,721,,Oenanthe,,,,author_72_6,,,,,1173.8919576009114,1653.580093383789,1206.7893981933594,1692.8850809733074,1.0,4.0
188,257,231.83999633789062,405.9792175292969,266.2218933105469,415.41241455078125,Oenothera,73,0,0,721,Oenothera,Oenothera,,,,,,,genus,,965.9999847412109,1691.580073038737,1109.2578887939453,1730.8850606282551,1.0,5.0
189,258,245.27999877929688,415.5791931152344,269.4424133300781,425.01239013671875,biennis,74,0,0,721,Oenothera,Oenothera,biennis,Oenothera_biennis_74_0,L. ,,,,species,,1021.9999949137369,1731.5799713134766,1122.676722208659,1770.8849589029949,1.0,4.0
190,259,272.1564636230469,415.5791931152344,280.0871887207031,425.01239013671875,L.,74,0,1,721,,Oenothera,,,,author_74_0,,,,,1133.9852650960286,1731.5799713134766,1167.0299530029297,1770.8849589029949,1.0,4.0
191,261,231.36000061035156,425.17919921875,261.0526123046875,434.6123962402344,Oliveria,75,0,0,721,Oliveria,Oliveria,,,,,,,genus,,964.0000025431315,1771.5799967447917,1087.719217936198,1810.8849843343098,1.0,5.0
192,262,244.8000030517578,435.2591857910156,286.6499328613281,444.6923828125,decumbens,76,0,0,721,Oliveria,Oliveria,decumbens,Oliveria_decumbens_76_0,Vent. ,,,,species,,1020.0000127156576,1813.5799407958984,1194.374720255534,1852.8849283854167,1.0,4.0
193,263,292.03948974609375,435.2591857910156,312.19061279296875,444.6923828125,Vent.,76,0,1,721,,Oliveria,,,,author_76_0,,,,,1216.8312072753906,1813.5799407958984,1300.7942199707031,1852.8849283854167,1.0,4.0
194,264,244.8000030517578,444.1391906738281,275.27191162109375,453.5723876953125,orientalis,76,1,0,721,Oliveria,Oliveria,orientalis,Oliveria_orientalis_76_1,D.C. ,,,,species,,1020.0000127156576,1850.5799611409504,1146.9662984212239,1889.8849487304688,1.0,4.0
195,265,277.7515869140625,444.1391906738281,297.5272216796875,453.5723876953125,D.C.,76,1,1,721,,Oliveria,,,,author_76_1,,,,,1157.2982788085938,1850.5799611409504,1239.696756998698,1889.8849487304688,1.0,4.0
196,266,231.36000061035156,453.9792175292969,296.48260498046875,463.41241455078125,ONAGRACEAE,77,0,0,721,,,,,,,,,,,964.0000025431315,1891.580073038737,1235.3441874186199,1930.8850606282551,1.0,5.0
197,267,231.36000061035156,463.5791931152344,274.61322021484375,473.01239013671875,Onobrychis,77,1,0,721,Onobrychis,Onobrychis,,,,,,,genus,,964.0000025431315,1931.5799713134766,1144.2217508951824,1970.8849589029949,1.0,5.0
198,268,244.8000030517578,473.6592102050781,289.2392272949219,483.0924072265625,aequidentata,78,0,0,721,Onobrychis,Onobrychis,aequidentata,Onobrychis_aequidentata_78_0,(Sibth. et Smith) ,,,,species,,1020.0000127156576,1973.580042521159,1205.1634470621746,2012.885030110677,1.0,4.0
199,269,294.4803161621094,473.6592102050781,319.86810302734375,483.0924072265625,(Sibth.,78,0,1,721,,Onobrychis,,,,author_78_0,,,,,1227.0013173421223,1973.580042521159,1332.7837626139324,2012.885030110677,1.0,4.0
200,270,324.7213439941406,473.6592102050781,331.41259765625,483.0924072265625,et,78,0,2,721,,Onobrychis,,,,author_78_0,,,,,1353.005599975586,1973.580042521159,1380.8858235677083,2012.885030110677,1.0,4.0
201,271,335.87701416015625,473.6592102050781,361.5221252441406,483.0924072265625,Smith),78,0,3,721,,Onobrychis,,,,author_78_0,,,,,1399.4875590006511,1973.580042521159,1506.3421885172527,2012.885030110677,1.0,4.0
202,272,244.8000030517578,492.3791809082031,285.423828125,501.8123779296875,aurantiaca,79,0,0,721,Onobrychis,Onobrychis,aurantiaca,Onobrychis_aurantiaca_79_0,Boiss. ,,,,species,,1020.0000127156576,2051.579920450846,1189.2659505208333,2090.8849080403647,1.0,4.0
203,273,289.74884033203125,492.3791809082031,310.03045654296875,501.8123779296875,Boiss.,79,0,1,721,,Onobrychis,,,,author_79_0,,,,,1207.2868347167969,2051.579920450846,1291.7935689290364,2090.8849080403647,1.0,4.0
204,274,244.55999755859375,501.9792175292969,273.5326843261719,511.41241455078125,cadmea,79,1,0,721,Onobrychis,Onobrychis,cadmea,Onobrychis_cadmea_79_1,Boiss. ,,,,species,,1018.999989827474,2091.580073038737,1139.719518025716,2130.8850606282554,1.0,4.0
205,275,278.46875,501.9792175292969,298.7503662109375,511.41241455078125,Boiss.,79,1,1,721,,Onobrychis,,,,author_79_1,,,,,1160.2864583333333,2091.580073038737,1244.793192545573,2130.8850606282554,1.0,4.0
206,276,244.8000030517578,511.5791931152344,285.7084045410156,521.0123901367188,caput-galli,79,2,0,721,Onobrychis,Onobrychis,caput-galli,Onobrychis_caput-galli_79_2,(L.) Lam. ,,,,species,,1020.0000127156576,2131.5799713134766,1190.4516855875652,2170.8849589029946,1.0,4.0
207,277,290.74951171875,511.5791931152344,304.9493103027344,521.0123901367188,(L.),79,2,1,721,,Onobrychis,,,,author_79_2,,,,,1211.456298828125,2131.5799713134766,1270.6221262613933,2170.8849589029946,1.0,4.0
208,278,309.99041748046875,511.5791931152344,330.1920471191406,521.0123901367188,Lam.,79,2,2,721,,Onobrychis,,,,author_79_2,,,,,1291.6267395019531,2131.5799713134766,1375.8001963297527,2170.8849589029946,1.0,4.0
209,279,244.55999755859375,521.6591796875,274.0091857910156,531.0924072265625,cornuta,79,3,0,721,Onobrychis,Onobrychis,cornuta,Onobrychis_cornuta_79_3,(L.) Desv. ,,,,species,,1018.999989827474,2173.5799153645835,1141.7049407958984,2212.8850301106772,1.0,4.0
210,280,278.7604064941406,521.6591796875,292.960205078125,531.0924072265625,(L.),79,3,1,721,,Onobrychis,,,,author_79_3,,,,,1161.501693725586,2173.5799153645835,1220.6675211588542,2212.8850301106772,1.0,4.0
211,281,297.94879150390625,521.6591796875,318.1896057128906,531.0924072265625,Desv.,79,3,2,721,,Onobrychis,,,,author_79_3,,,,,1241.4532979329426,2173.5799153645835,1325.790023803711,2212.8850301106772,1.0,4.0
212,282,244.32000732421875,530.7791748046875,284.81280517578125,540.21240234375,crista-galli,79,4,0,721,Onobrychis,Onobrychis,crista-galli,Onobrychis_crista-galli_79_4,(L.) Lam. ,,,,species,,1018.0000305175781,2211.5798950195312,1186.7200215657551,2250.885009765625,1.0,4.0
213,283,289.7912902832031,530.7791748046875,304.1728820800781,540.21240234375,(L.),79,4,1,721,,Onobrychis,,,,author_79_4,,,,,1207.4637095133464,2211.5798950195312,1267.3870086669922,2250.885009765625,1.0,4.0
214,284,309.1513671875,530.7791748046875,328.9924011230469,540.21240234375,Lam.,79,4,2,721,,Onobrychis,,,,author_79_4,,,,,1288.1306966145833,2211.5798950195312,1370.8016713460286,2250.885009765625,1.0,4.0
215,285,243.83999633789062,540.379150390625,285.04339599609375,549.8123779296875,gaertneriana,79,5,0,721,Onobrychis,Onobrychis,gaertneriana,Onobrychis_gaertneriana_79_5,Boiss. ,,,,species,,1015.9999847412109,2251.579793294271,1187.6808166503906,2290.8849080403647,1.0,4.0
216,286,289.0561218261719,540.379150390625,310.236572265625,549.8123779296875,Boiss.,79,5,1,721,,Onobrychis,,,,author_79_5,,,,,1204.4005076090496,2251.579793294271,1292.6523844401042,2290.8849080403647,1.0,4.0
217,287,243.83999633789062,549.9791870117188,284.7444152832031,559.4124145507812,gaillardotii,79,6,0,721,Onobrychis,Onobrychis,gaillardotii,Onobrychis_gaillardotii_79_6,Boiss. ,,,,species,,1015.9999847412109,2291.5799458821616,1186.435063680013,2330.8850606282554,1.0,4.0
218,288,290.70965576171875,549.9791870117188,310.99127197265625,559.4124145507812,Boiss.,79,6,1,721,,Onobrychis,,,,author_79_6,,,,,1211.2902323404949,2291.5799458821616,1295.7969665527344,2330.8850606282554,1.0,4.0
219,289,243.83999633789062,559.5791625976562,268.2230224609375,569.0123901367188,gracilis,79,7,0,721,Onobrychis,Onobrychis,gracilis,Onobrychis_gracilis_79_7,Boiss. ,,,,species,,1015.9999847412109,2331.579844156901,1117.595926920573,2370.8849589029946,1.0,4.0
220,290,271.1593017578125,559.5791625976562,293.4709777832031,569.0123901367188,Boiss.,79,7,1,721,,Onobrychis,,,,author_79_7,,,,,1129.8304239908855,2331.579844156901,1222.7957407633464,2370.8849589029946,1.0,4.0
221,291,244.0800018310547,569.17919921875,282.3189392089844,578.6124267578125,hemicycla,79,8,0,721,Onobrychis,Onobrychis,hemicycla,Onobrychis_hemicycla_79_8,Blanche ,,,,species,,1017.0000076293945,2371.5799967447915,1176.3289133707683,2410.8851114908853,1.0,4.0
222,292,286.9651184082031,569.17919921875,317.0809326171875,578.6124267578125,Blanche,79,8,1,721,,Onobrychis,,,,author_79_8,,,,,1195.687993367513,2371.5799967447915,1321.1705525716145,2410.8851114908853,1.0,4.0
223,293,244.32000732421875,578.7791748046875,285.7225341796875,588.21240234375,kotschyana,79,9,0,721,Onobrychis,Onobrychis,kotschyana,Onobrychis_kotschyana_79_9,Fenzl ,,,,species,,1018.0000305175781,2411.5798950195312,1190.5105590820312,2450.885009765625,1.0,4.0
224,294,291.04315185546875,578.7791748046875,311.57940673828125,588.21240234375,Fenzl,79,9,1,721,,Onobrychis,,,,author_79_9,,,,,1212.6797993977864,2411.5798950195312,1298.2475280761719,2450.885009765625,1.0,4.0
225,295,244.32000732421875,588.379150390625,267.80877685546875,597.8123779296875,lanata,79,10,0,721,Onobrychis,Onobrychis,lanata,Onobrychis_lanata_79_10,Boiss. ,,,,species,,1018.0000305175781,2451.579793294271,1115.8699035644531,2490.8849080403647,1.0,4.0
226,296,272.4691162109375,588.379150390625,292.750732421875,597.8123779296875,Boiss.,79,10,1,721,,Onobrychis,,,,author_79_10,,,,,1135.2879842122395,2451.579793294271,1219.7947184244792,2490.8849080403647,1.0,4.0
227,297,244.32000732421875,597.9791870117188,292.4210510253906,607.4124145507812,megataphros,79,11,0,721,Onobrychis,Onobrychis,megataphros,Onobrychis_megataphros_79_11,Boiss. ,,,,species,,1018.0000305175781,2491.5799458821616,1218.4210459391277,2530.8850606282554,1.0,4.0
228,298,297.9095764160156,597.9791870117188,318.1911926269531,607.4124145507812,Boiss.,79,11,1,721,,Onobrychis,,,,author_79_11,,,,,1241.2899017333984,2491.5799458821616,1325.796635945638,2530.8850606282554,1.0,4.0
229,347,367.44000244140625,473.6592102050781,391.6541442871094,483.0924072265625,d'Urv.,93,0,0,721,,,,,,,,,,True,1531.0000101725261,1973.580042521159,1631.8922678629558,2012.885030110677,1.0,6.0
0,3,42.720001220703125,43.57918930053711,73.6819076538086,53.01239013671875,nisibena,1,0,0,722,Onobrychis,Onobrychis,nisibena,Onobrychis_nisibena_1_0,Moût. ,,,,species,,178.00000508626303,181.57995541890463,307.0079485575358,220.88495890299478,0.0,0.0
1,4,76.94434356689453,43.57918930053711,100.80023193359375,53.01239013671875,Moût.,1,0,1,722,,Onobrychis,,,,author_1_0,,,,,320.60143152872723,181.57995541890463,420.00096638997394,220.88495890299478,0.0,0.0
2,7,42.47999954223633,53.17922592163086,70.54785919189453,62.6124267578125,olivieri',2,0,0,722,Onobrychis,Onobrychis,olivieri',Onobrychis_olivieri'_2_0,Boiss. ,,,,species,,176.99999809265137,221.58010800679526,293.94941329956055,260.88511149088544,0.0,0.0
3,8,73.5066146850586,53.17922592163086,95.18889617919922,62.6124267578125,Boiss.,2,0,1,722,,Onobrychis,,,,author_2_0,,,,,306.27756118774414,221.58010800679526,396.6204007466634,260.88511149088544,0.0,0.0
4,12,42.2400016784668,62.77920150756836,72.2425537109375,72.21240234375,pinnata,3,0,0,722,Onobrychis,Onobrychis,pinnata,Onobrychis_pinnata_3_0,(Bertol.) Hand.-Mazz.) ,,,,species,,176.00000699361166,261.58000628153485,301.01064046223956,300.885009765625,0.0,0.0
5,13,76.7787857055664,62.77920150756836,107.92878723144531,72.21240234375,(Bertol.),3,0,1,722,,Onobrychis,,,,author_3_0,,,,,319.9116071065267,261.58000628153485,449.70328013102215,300.885009765625,0.0,0.0
6,14,112.46501922607422,62.77920150756836,168.2397003173828,72.21240234375,Hand.-Mazz.),3,0,2,722,,Onobrychis,,,,author_3_0,,,,,468.60424677530926,261.58000628153485,700.9987513224283,300.885009765625,0.0,0.0
7,17,42.2400016784668,72.37918090820312,63.23027420043945,81.8123779296875,sativa,3,1,0,722,Onobrychis,Onobrychis,sativa,Onobrychis_sativa_3_1,Lam. ,,,,species,,176.00000699361166,301.5799204508464,263.45947583516437,340.88490804036456,0.0,0.0
8,18,65.06922149658203,72.37918090820312,85.19943237304688,81.8123779296875,Lam.,3,1,1,722,,Onobrychis,,,,author_3_1,,,,,271.1217562357585,301.5799204508464,354.9976348876953,340.88490804036456,0.0,0.0
9,20,42.2400016784668,81.97921752929688,77.75443267822266,91.41241455078125,squarrosa,4,0,0,722,Onobrychis,Onobrychis,squarrosa,Onobrychis_squarrosa_4_0,Viv. ,,,,species,,176.00000699361166,341.580073038737,323.97680282592773,380.8850606282552,0.0,0.0
10,21,85.11148071289062,81.97921752929688,99.35914611816406,91.41241455078125,Viv.,4,0,1,722,,Onobrychis,,,,author_4_0,,,,,354.63116963704425,341.580073038737,413.9964421590169,380.8850606282552,0.0,0.0
11,24,42.2400016784668,91.57919311523438,66.6438217163086,101.01239013671875,supina,5,0,0,722,Onobrychis,Onobrychis,supina,Onobrychis_supina_5_0,(Chaix) Lam. ,,,,species,,176.00000699361166,381.57997131347656,277.68259048461914,420.8849589029948,0.0,0.0
12,25,71.28700256347656,91.57919311523438,100.00343322753906,101.01239013671875,(Chaix),5,0,1,722,,Onobrychis,,,,author_5_0,,,,,297.02917734781903,381.57997131347656,416.6809717814128,420.8849589029948,0.0,0.0
13,26,104.29613494873047,91.57919311523438,124.31898498535156,101.01239013671875,Lam.,5,0,2,722,,Onobrychis,,,,author_5_0,,,,,434.56722895304364,381.57997131347656,517.9957707722982,420.8849589029948,0.0,0.0
14,29,42.2400016784668,101.17922973632812,97.47681427001953,110.6124267578125,tragacanthoides,6,0,0,722,Onobrychis,Onobrychis,tragacanthoides,Onobrychis_tragacanthoides_6_0,D.C. ,,,,species,,176.00000699361166,421.5801239013672,406.15339279174805,460.88511149088544,0.0,0.0
15,30,100.38217163085938,101.17922973632812,118.42575073242188,110.6124267578125,D.C.,6,0,1,722,,Onobrychis,,,,author_6_0,,,,,418.25904846191406,421.5801239013672,493.4406280517578,460.88511149088544,0.0,0.0
16,32,28.799999237060547,111.73922729492188,55.906986236572266,121.17242431640625,Ononis,7,0,0,722,Ononis,Ononis,,,,,,,genus,,119.99999682108562,465.5801137288411,232.94577598571777,504.8851013183594,0.0,1.0
17,35,42.0,121.33920288085938,87.27259063720703,130.77239990234375,adenotricha,8,0,0,722,Ononis,Ononis,adenotricha,Ononis_adenotricha_8_0,Boiss. ,,,,species,,175.0,505.58001200358075,363.635794321696,544.884999593099,0.0,0.0
18,36,91.36531066894531,121.33920288085938,111.83882141113281,130.77239990234375,Boiss.,8,0,1,722,,Ononis,,,,author_8_0,,,,,380.6887944539388,505.58001200358075,465.9950892130534,544.884999593099,0.0,0.0
19,39,42.0,130.939208984375,93.36697387695312,140.37240600585938,alopecuroides,9,0,0,722,Ononis,Ononis,alopecuroides,Ononis_alopecuroides_9_0,L. ,,,,species,,175.0,545.5800374348959,389.029057820638,584.8850250244141,0.0,0.0
20,40,97.97277069091797,130.939208984375,105.83985900878906,140.37240600585938,L.,9,0,1,722,,Ononis,,,,author_9_0,,,,,408.2198778788249,545.5800374348959,440.9994125366211,584.8850250244141,0.0,0.0
21,43,41.52000045776367,140.53921508789062,81.00453186035156,149.972412109375,antiquorum,10,0,0,722,Ononis,Ononis,antiquorum,Ononis_antiquorum_10_0,Auct. ,,,,species,,173.00000190734863,585.5800628662109,337.51888275146484,624.8850504557291,0.0,0.0
22,44,84.20037841796875,140.53921508789062,104.39916229248047,149.972412109375,Auct.,10,0,1,722,,Ononis,,,,author_10_0,,,,,350.8349100748698,585.5800628662109,434.99650955200195,624.8850504557291,0.0,0.0
23,46,41.52000045776367,150.13919067382812,66.1007308959961,159.5723876953125,biflora,11,0,0,722,Ononis,Ononis,biflora,Ononis_biflora_11_0,Desf. ,,,,species,,173.00000190734863,625.5799611409506,275.4197120666504,664.8849487304688,0.0,0.0
24,47,69.88066864013672,150.13919067382812,88.56027221679688,159.5723876953125,Desf.,11,0,1,722,,Ononis,,,,author_11_0,,,,,291.1694526672363,625.5799611409506,369.0011342366536,664.8849487304688,0.0,0.0
25,49,41.52000045776367,159.73919677734375,76.99665832519531,169.17239379882812,breviflora,12,0,0,722,Ononis,Ononis,breviflora,Ononis_breviflora_12_0,Desf. ,,,,species,,173.00000190734863,665.5799865722656,320.8194096883138,704.8849741617838,0.0,0.0
26,50,79.24842071533203,159.73919677734375,98.50438690185547,169.17239379882812,Desf.,12,0,1,722,,Ononis,,,,author_12_0,,,,,330.2017529805501,665.5799865722656,410.43494542439777,704.8849741617838,0.0,0.0
27,52,41.279998779296875,169.33920288085938,68.98511505126953,178.77239990234375,cherleri,13,0,0,722,Ononis,Ononis,cherleri,Ononis_cherleri_13_0,L. ,,,,species,,171.99999491373697,705.5800120035807,287.43797938028973,744.884999593099,0.0,0.0
28,53,71.41698455810547,169.33920288085938,79.69827270507812,178.77239990234375,L.,13,0,1,722,,Ononis,,,,author_13_0,,,,,297.57076899210614,705.5800120035807,332.0761362711589,744.884999593099,0.0,0.0
29,55,41.279998779296875,178.939208984375,75.62332153320312,188.37240600585938,columnae,14,0,0,722,Ononis,Ononis,columnae,Ononis_columnae_14_0,AU. ,,,,species,,171.99999491373697,745.5800374348959,315.097173055013,784.8850250244141,0.0,0.0
30,56,77.67176055908203,178.939208984375,92.3244400024414,188.37240600585938,AU.,14,0,1,722,,Ononis,,,,author_14_0,,,,,323.6323356628418,745.5800374348959,384.6851666768392,784.8850250244141,0.0,0.0
31,58,41.279998779296875,188.53921508789062,63.898338317871094,197.972412109375,diffusa,15,0,0,722,Ononis,Ononis,diffusa,Ononis_diffusa_15_0,Turra ,,,,species,,171.99999491373697,785.5800628662109,266.2430763244629,824.8850504557291,0.0,0.0
32,59,71.76239776611328,188.53921508789062,94.32095336914062,197.972412109375,Turra,15,0,1,722,,Ononis,,,,author_15_0,,,,,299.0099906921387,785.5800628662109,393.00397237141925,824.8850504557291,0.0,0.0
33,62,41.040000915527344,198.13919067382812,68.83358001708984,207.5723876953125,ervoides,16,0,0,722,Ononis,Ononis,ervoides,Ononis_ervoides_16_0,Sieb. ,,,,species,,171.00000381469727,825.5799611409506,286.806583404541,864.8849487304688,0.0,0.0
34,63,70.64774322509766,198.13919067382812,89.04105377197266,207.5723876953125,Sieb.,16,0,1,722,,Ononis,,,,author_16_0,,,,,294.36559677124023,825.5799611409506,371.00439071655273,864.8849487304688,0.0,0.0
35,65,41.040000915527344,207.73919677734375,59.290706634521484,217.17239379882812,hirta,17,0,0,722,Ononis,Ononis,hirta,Ononis_hirta_17_0,Def. ,,,,species,,171.00000381469727,865.5799865722656,247.04461097717285,904.8849741617838,0.0,0.0
36,66,63.35414123535156,207.73919677734375,78.40596771240234,217.17239379882812,Def.,17,0,1,722,,Ononis,,,,author_17_0,,,,,263.97558848063153,865.5799865722656,326.69153213500977,904.8849741617838,0.0,0.0
37,70,41.040000915527344,217.33920288085938,79.39590454101562,226.77239990234375,leiosperma,18,0,0,722,Ononis,Ononis,leiosperma,Ononis_leiosperma_18_0,Boiss. ,,,,species,,171.00000381469727,905.5800120035807,330.81626892089844,944.884999593099,0.0,0.0
38,71,82.45401000976562,217.33920288085938,103.93965148925781,226.77239990234375,Boiss.,18,0,1,722,,Ononis,,,,author_18_0,,,,,343.5583750406901,905.5800120035807,433.0818812052409,944.884999593099,0.0,0.0
39,74,41.040000915527344,226.939208984375,76.92744445800781,236.37240600585938,mitissima,19,0,0,722,Ononis,Ononis,mitissima,Ononis_mitissima_19_0,L. ,,,,species,,171.00000381469727,945.5800374348959,320.53101857503253,984.8850250244141,0.0,0.0
40,75,81.4463882446289,226.939208984375,89.2801513671875,236.37240600585938,L.,19,0,1,722,,Ononis,,,,author_19_0,,,,,339.3599510192871,945.5800374348959,372.00063069661456,984.8850250244141,0.0,0.0
41,78,40.560001373291016,236.53921508789062,63.087642669677734,245.972412109375,natrix,20,0,0,722,Ononis,Ononis,natrix,Ononis_natrix_20_0,L. ,,,,species,,169.0000057220459,985.5800628662109,262.8651777903239,1024.8850504557292,0.0,0.0
42,79,66.83928680419922,236.53921508789062,75.12057495117188,245.972412109375,L.,20,0,1,722,,Ononis,,,,author_20_0,,,,,278.4970283508301,985.5800628662109,313.0023956298828,1024.8850504557292,0.0,0.0
43,82,40.560001373291016,246.13919067382812,104.79053497314453,255.5723876953125,ornithopodioides,21,0,0,722,Ononis,Ononis,ornithopodioides,Ononis_ornithopodioides_21_0,L. ,,,,species,,169.0000057220459,1025.5799611409504,436.62722905476886,1064.8849487304688,0.0,0.0
44,83,109.02364349365234,246.13919067382812,116.87962341308594,255.5723876953125,L.,21,0,1,722,,Ononis,,,,author_21_0,,,,,454.26518122355145,1025.5799611409504,486.9984308878581,1064.8849487304688,0.0,0.0
45,86,40.31999969482422,255.73919677734375,93.10986328125,265.1723937988281,phyllocephala,22,0,0,722,Ononis,Ononis,phyllocephala,Ononis_phyllocephala_22_0,Boiss. ,,,,species,,167.99999872843424,1065.5799865722656,387.957763671875,1104.884974161784,0.0,0.0
46,87,98.08633422851562,255.73919677734375,118.55984497070312,265.1723937988281,Boiss.,22,0,1,722,,Ononis,,,,author_22_0,,,,,408.69305928548175,1065.5799865722656,493.9993540445964,1104.884974161784,0.0,0.0
47,90,40.560001373291016,265.3392028808594,77.87828826904297,274.77239990234375,pubescens,23,0,0,722,Ononis,Ononis,pubescens,Ononis_pubescens_23_0,L. ,,,,species,,169.0000057220459,1105.5800120035808,324.492867787679,1144.8849995930989,0.0,0.0
48,91,82.63761138916016,265.3392028808594,90.48046112060547,274.77239990234375,L.,23,0,1,722,,Ononis,,,,author_23_0,,,,,344.3233807881673,1105.5800120035808,377.00192133585614,1144.8849995930989,0.0,0.0
49,94,40.31999969482422,274.939208984375,64.37940979003906,284.3724060058594,pusilla,24,0,0,722,Ononis,Ononis,pusilla,Ononis_pusilla_24_0,L. ,,,,species,,167.99999872843424,1145.5800374348958,268.2475407918294,1184.885025024414,0.0,0.0
50,95,69.60636138916016,274.939208984375,77.52091979980469,284.3724060058594,L.,24,0,1,722,,Ononis,,,,author_24_0,,,,,290.0265057881673,1145.5800374348958,323.0038324991862,1184.885025024414,0.0,0.0
51,98,40.31999969482422,284.5392150878906,73.54536437988281,293.972412109375,reclinata,25,0,0,722,Ononis,Ononis,reclinata,Ononis_reclinata_25_0,L. ,,,,species,,167.99999872843424,1185.580062866211,306.4390182495117,1224.8850504557292,0.0,0.0
52,99,78.0178451538086,284.5392150878906,85.92129516601562,293.972412109375,L.,25,0,1,722,,Ononis,,,,author_25_0,,,,,325.0743548075358,1185.580062866211,358.0053965250651,1224.8850504557292,0.0,0.0
53,102,40.08000183105469,294.1391906738281,64.92606353759766,303.5723876953125,serrata,26,0,0,722,Ononis,Ononis,serrata,Ononis_serrata_26_0,Forssk. ,,,,species,,167.00000762939453,1225.5799611409504,270.52526473999023,1264.8849487304688,0.0,0.0
54,103,66.9925537109375,294.1391906738281,94.0963134765625,303.5723876953125,Forssk.,26,0,1,722,,Ononis,,,,author_26_0,,,,,279.13564046223956,1225.5799611409504,392.06797281901044,1264.8849487304688,0.0,0.0
55,106,40.08000183105469,303.73919677734375,60.82278060913086,313.1723937988281,sicula,27,0,0,722,Ononis,Ononis,sicula,Ononis_sicula_27_0,Guss. ,,,,species,,167.00000762939453,1265.5799865722656,253.42825253804526,1304.884974161784,0.0,0.0
56,107,64.20143127441406,303.73919677734375,84.84017944335938,313.1723937988281,Guss.,27,0,1,722,,Ononis,,,,author_27_0,,,,,267.5059636433919,1265.5799865722656,353.50074768066406,1304.884974161784,0.0,0.0
57,111,40.08000183105469,313.3392028808594,66.85308074951172,322.77239990234375,spinosa,28,0,0,722,Ononis,Ononis,spinosa,Ononis_spinosa_28_0,L. ,,,,species,,167.00000762939453,1305.5800120035808,278.5545031229655,1344.8849995930989,0.0,0.0
58,112,71.33161926269531,313.3392028808594,79.20072937011719,322.77239990234375,L.,28,0,1,722,,Ononis,,,,author_28_0,,,,,297.21508026123047,1305.5800120035808,330.00303904215497,1344.8849995930989,0.0,0.0
59,115,40.08000183105469,322.939208984375,73.74226379394531,332.3724060058594,vaginalis,29,0,0,722,Ononis,Ononis,vaginalis,Ononis_vaginalis_29_0,Vahl ,,,,species,,167.00000762939453,1345.5800374348958,307.25943247477215,1384.885025024414,0.0,0.0
60,116,77.99164581298828,322.939208984375,96.2412338256836,332.3724060058594,Vahl,29,0,1,722,,Ononis,,,,author_29_0,,,,,324.9651908874512,1345.5800374348958,401.0051409403483,1384.885025024414,0.0,0.0
61,119,39.84000015258789,332.5392150878906,73.89437866210938,341.972412109375,variegata,30,0,0,722,Ononis,Ononis,variegata,Ononis_variegata_30_0,L. ,,,,species,,166.00000063578287,1385.580062866211,307.89324442545575,1424.8850504557292,0.0,0.0
62,120,79.22334289550781,332.5392150878906,87.12073516845703,341.972412109375,L.,30,0,1,722,,Ononis,,,,author_30_0,,,,,330.0972620646159,1385.580062866211,363.0030632019043,1424.8850504557292,0.0,0.0
63,123,39.84000015258789,342.1391906738281,65.84184265136719,351.5723876953125,viscosa,31,0,0,722,Ononis,Ononis,viscosa,Ononis_viscosa_31_0,L. ,,,,species,,166.00000063578287,1425.5799611409504,274.3410110473633,1464.8849487304688,0.0,0.0
64,124,68.51649475097656,342.1391906738281,76.80199432373047,351.5723876953125,L.,31,0,1,722,,Ononis,,,,author_31_0,,,,,285.48539479573566,1425.5799611409504,320.00830968221027,1464.8849487304688,0.0,0.0
65,127,26.639999389648438,351.9792175292969,66.5331802368164,361.41241455078125,Opopanax,32,0,0,722,Opopanax,Opopanax,,,,,,,genus,,110.99999745686848,1466.580073038737,277.22158432006836,1505.8850606282551,0.0,1.0
66,129,39.599998474121094,361.5791931152344,69.81575775146484,371.01239013671875,hispidus,33,0,0,722,Opopanax,Opopanax,hispidus,Opopanax_hispidus_33_0,(Friv.) Griseb. ,,,,species,,164.99999364217123,1506.5799713134766,290.8989906311035,1545.8849589029949,0.0,0.0
67,130,75.59719848632812,361.5791931152344,99.36087799072266,371.01239013671875,(Friv.),33,0,1,722,,Opopanax,,,,author_33_0,,,,,314.9883270263672,1506.5799713134766,414.00365829467773,1545.8849589029949,0.0,0.0
68,131,104.6763687133789,361.5791931152344,132.0010986328125,371.01239013671875,Griseb.,33,0,2,722,,Opopanax,,,,author_33_0,,,,,436.1515363057454,1506.5799713134766,550.0045776367188,1545.8849589029949,0.0,0.0
69,133,38.880001068115234,371.17919921875,70.76658630371094,380.6123962402344,prientale,34,0,0,722,Opopanax,Opopanax,prientale,Opopanax_prientale_34_0,Boiss. ,,,,species,,162.00000445048013,1546.5799967447917,294.8607762654622,1585.8849843343098,0.0,0.0
70,134,72.8326644897461,371.17919921875,94.64344024658203,380.6123962402344,Boiss.,34,0,1,722,,Opopanax,,,,author_34_0,,,,,303.4694353739421,1546.5799967447917,394.3476676940918,1585.8849843343098,0.0,0.0
71,136,38.880001068115234,380.7792053222656,70.9740219116211,390.21240234375,syriacum,35,0,0,722,Opopanax,Opopanax,syriacum,Opopanax_syriacum_35_0,Boiss. ,,,,species,,162.00000445048013,1586.5800221761067,295.7250912984212,1625.885009765625,0.0,0.0
72,137,74.12083435058594,380.7792053222656,95.43903350830078,390.21240234375,Boiss.,35,0,1,722,,Opopanax,,,,author_35_0,,,,,308.8368097941081,1586.5800221761067,397.6626396179199,1625.885009765625,0.0,0.0
73,140,26.15999984741211,391.0992126464844,58.36162567138672,400.53240966796875,Opuntia,36,0,0,722,Opuntia,Opuntia,,,,,,,genus,,108.99999936421712,1629.5800526936848,243.17344029744467,1668.8850402832031,0.0,1.0
74,142,39.36000061035156,400.6991882324219,82.44842529296875,410.13238525390625,ficus-indica,37,0,0,722,Opuntia,Opuntia,ficus-indica,Opuntia_ficus-indica_37_0,(L.) Mill. ,,,,species,,164.0000025431315,1669.5799509684246,343.5351053873698,1708.8849385579426,0.0,0.0
75,143,86.78153228759766,400.6991882324219,100.9813232421875,410.13238525390625,(L.),37,0,1,722,,Opuntia,,,,author_37_0,,,,,361.58971786499023,1669.5799509684246,420.75551350911456,1708.8849385579426,0.0,0.0
76,144,107.65459442138672,400.6991882324219,125.99942779541016,410.13238525390625,Mill.,37,0,2,722,,Opuntia,,,,author_37_0,,,,,448.5608100891113,1669.5799509684246,524.997615814209,1708.8849385579426,0.0,0.0
77,146,39.36000061035156,410.2992248535156,87.59941864013672,419.732421875,monacantha,38,0,0,722,Opuntia,Opuntia,monacantha,Opuntia_monacantha_38_0,How. ,,,,species,,164.0000025431315,1709.5801035563152,364.9975776672363,1748.8850911458333,0.0,0.0
78,147,91.9840316772461,410.2992248535156,112.46986389160156,419.732421875,How.,38,0,1,722,,Opuntia,,,,author_38_0,,,,,383.2667986551921,1709.5801035563152,468.62443288167316,1748.8850911458333,0.0,0.0
79,151,40.78127670288086,419.8992004394531,68.96936798095703,429.3323974609375,vulgaris,39,0,0,722,Opuntia,Opuntia,vulgaris,Opuntia_vulgaris_39_0,Mill. ,,,,species,,169.92198626200357,1749.5800018310547,287.372366587321,1788.884989420573,0.0,0.0
80,152,73.33781433105469,419.8992004394531,91.87252807617188,429.3323974609375,Mill.,39,0,1,722,,Opuntia,,,,author_39_0,,,,,305.57422637939453,1749.5800018310547,382.8022003173828,1788.884989420573,0.0,0.0
81,155,25.440000534057617,429.49920654296875,52.34041213989258,438.9324035644531,Orlaya,40,0,0,722,Orlaya,Orlaya,,,,,,,genus,,106.00000222524007,1789.5800272623699,218.08505058288574,1828.885014851888,0.0,1.0
82,158,38.63999938964844,439.0992126464844,82.32623291015625,448.53240966796875,platycarpos,41,0,0,722,Orlaya,Orlaya,platycarpos,Orlaya_platycarpos_41_0,(L.) Koch ,,,,species,,160.9999974568685,1829.5800526936848,343.0259704589844,1868.8850402832031,0.0,0.0
83,159,87.0754165649414,439.0992126464844,101.76628875732422,448.53240966796875,(L.),41,0,1,722,,Orlaya,,,,author_41_0,,,,,362.81423568725586,1829.5800526936848,424.0262031555176,1868.8850402832031,0.0,0.0
84,160,105.79568481445312,439.0992126464844,127.19972229003906,448.53240966796875,Koch,41,0,2,722,,Orlaya,,,,author_41_0,,,,,440.8153533935547,1829.5800526936848,529.9988428751627,1868.8850402832031,0.0,0.0
85,162,38.880001068115234,448.6991882324219,73.72854614257812,458.13238525390625,maritima,42,0,0,722,Orlaya,Orlaya,maritima,Orlaya_maritima_42_0,(Gou.) Koch ,,,,species,,162.00000445048013,1869.5799509684246,307.2022755940755,1908.8849385579426,0.0,0.0
86,163,77.89320373535156,448.6991882324219,104.0842056274414,458.13238525390625,(Gou.),42,0,1,722,,Orlaya,,,,author_42_0,,,,,324.55501556396484,1869.5799509684246,433.6841901143392,1908.8849385579426,0.0,0.0
87,164,107.91385650634766,448.6991882324219,129.16123962402344,458.13238525390625,Koch,42,0,2,722,,Orlaya,,,,author_42_0,,,,,449.64106877644855,1869.5799509684246,538.1718317667643,1908.8849385579426,0.0,0.0
88,166,25.440000534057617,458.7792053222656,80.71017456054688,468.21240234375,Ornithogalum,43,0,0,722,Ornithogalum,Ornithogalum,,,,,,,genus,,106.00000222524007,1911.5800221761067,336.2923940022786,1950.885009765625,0.0,1.0
89,168,38.880001068115234,468.3791809082031,76.03841400146484,477.8123779296875,billardieri,44,0,0,722,Ornithogalum,Ornithogalum,billardieri,Ornithogalum_billardieri_44_0,Moût. ,,,,species,,162.00000445048013,1951.5799204508464,316.8267250061035,1990.8849080403645,0.0,0.0
90,169,80.3050308227539,468.3791809082031,104.16091918945312,477.8123779296875,Moût.,44,0,1,722,,Ornithogalum,,,,author_44_0,,,,,334.6042950948079,1951.5799204508464,434.0038299560547,1990.8849080403645,0.0,0.0
91,171,38.63999938964844,478.2192077636719,82.47604370117188,487.65240478515625,lanceolatum,45,0,0,722,Ornithogalum,Ornithogalum,lanceolatum,Ornithogalum_lanceolatum_45_0,Auct. ,,,,species,,160.9999974568685,1992.5800323486328,343.6501820882161,2031.8850199381511,0.0,0.0
92,172,87.050537109375,478.2192077636719,107.24932098388672,487.65240478515625,Auct.,45,0,1,722,,Ornithogalum,,,,author_45_0,,,,,362.7105712890625,1992.5800323486328,446.87217076619464,2031.8850199381511,0.0,0.0
93,174,38.63999938964844,487.8191833496094,76.58501434326172,497.25238037109375,montanum,46,0,0,722,Ornithogalum,Ornithogalum,montanum,Ornithogalum_montanum_46_0,Cyrillo ,,,,species,,160.9999974568685,2032.5799306233723,319.10422643025714,2071.8849182128906,0.0,0.0
94,175,81.6251220703125,487.8191833496094,107.15831756591797,497.25238037109375,Cyrillo,46,0,1,722,,Ornithogalum,,,,author_46_0,,,,,340.10467529296875,2032.5799306233723,446.4929898579915,2071.8849182128906,0.0,0.0
95,177,25.200000762939453,497.4192199707031,68.9151382446289,506.8524169921875,Ornithopus,47,0,0,722,Ornithopus,Ornithopus,,,,,,,genus,,105.00000317891438,2072.580083211263,287.1464093526204,2111.8850708007812,0.0,1.0
96,179,38.63999938964844,507.0191955566406,81.2087631225586,516.452392578125,compressus,48,0,0,722,Ornithopus,Ornithopus,compressus,Ornithopus_compressus_48_0,L. ,,,,species,,160.9999974568685,2112.5799814860025,338.36984634399414,2151.884969075521,0.0,0.0
97,180,85.54691314697266,507.0191955566406,93.3604736328125,516.452392578125,L.,48,0,1,722,,Ornithopus,,,,author_48_0,,,,,356.4454714457194,2112.5799814860025,389.00197347005206,2151.884969075521,0.0,0.0
98,182,38.400001525878906,516.6192016601562,85.60990142822266,526.0524291992188,ebracteolatus,49,0,0,722,Ornithopus,Ornithopus,ebracteolatus,Ornithopus_ebracteolatus_49_0,Brot. ,,,,species,,160.00000635782877,2152.580006917318,356.7079226175944,2191.8851216634116,0.0,0.0
99,183,89.06531524658203,516.6192016601562,107.7547607421875,526.0524291992188,Brot.,49,0,1,722,,Ornithopus,,,,author_49_0,,,,,371.1054801940918,2152.580006917318,448.97816975911456,2191.8851216634116,0.0,0.0
100,185,38.15999984741211,526.2191772460938,71.3239517211914,535.6524047851562,pinnatus,50,0,0,722,Ornithopus,Ornithopus,pinnatus,Ornithopus_pinnatus_50_0,(Mill.) Druce ,,,,species,,158.99999936421713,2192.579905192057,297.18313217163086,2231.885019938151,0.0,0.0
101,186,76.24183654785156,526.2191772460938,100.91935729980469,535.6524047851562,(Mill.),50,0,1,722,,Ornithopus,,,,author_50_0,,,,,317.67431894938153,2192.579905192057,420.49732208251953,2231.885019938151,0.0,0.0
102,187,105.73220825195312,526.2191772460938,129.3605499267578,535.6524047851562,Druce,50,0,2,722,,Ornithopus,,,,author_50_0,,,,,440.5508677164714,2192.579905192057,539.0022913614908,2231.885019938151,0.0,0.0
103,190,38.15999984741211,535.8191528320312,78.08451080322266,545.2523803710938,scorpioides,51,0,0,722,Ornithopus,Ornithopus,scorpioides,Ornithopus_scorpioides_51_0,L. ,,,,species,,158.99999936421713,2232.579803466797,325.35212834676105,2271.8849182128906,0.0,0.0
104,191,80.19449615478516,535.8191528320312,88.4822998046875,545.2523803710938,L.,51,0,1,722,,Ornithopus,,,,author_51_0,,,,,334.1437339782715,2232.579803466797,368.67624918619794,2271.8849182128906,0.0,0.0
105,193,25.200000762939453,545.899169921875,51.97494888305664,555.3323974609375,Orobus,52,0,0,722,Orobus,Orobus,,,,,,,genus,,105.00000317891438,2274.579874674479,216.562287012736,2313.8849894205728,0.0,1.0
106,195,37.91999816894531,555.4992065429688,65.22855377197266,564.9324340820312,croceus,53,0,0,722,Orobus,Orobus,croceus,Orobus_croceus_53_0,Desf. ,,,,species,,157.99999237060547,2314.5800272623696,271.78564071655273,2353.8851420084634,0.0,0.0
107,196,67.97267150878906,555.4992065429688,87.00372314453125,564.9324340820312,Desf.,53,0,1,722,,Orobus,,,,author_53_0,,,,,283.2194646199544,2314.5800272623696,362.51551310221356,2353.8851420084634,0.0,0.0
108,198,38.15999984741211,565.0991821289062,67.00559997558594,574.5324096679688,digitatus,54,0,0,722,Orobus,Orobus,digitatus,Orobus_digitatus_54_0,Bieb. ,,,,species,,158.99999936421713,2354.5799255371094,279.1899998982747,2393.885040283203,0.0,0.0
109,199,70.98722076416016,565.0991821289062,90.23944091796875,574.5324096679688,Bieb.,54,0,1,722,,Orobus,,,,author_54_0,,,,,295.780086517334,2354.5799255371094,375.99767049153644,2393.885040283203,0.0,0.0
110,201,38.15999984741211,574.6991577148438,70.06832122802734,584.1323852539062,elongatus,55,0,0,722,Orobus,Orobus,elongatus,Orobus_elongatus_55_0,Bornm. ,,,,species,,158.99999936421713,2394.579823811849,291.95133845011395,2433.884938557943,0.0,0.0
111,202,73.52676391601562,574.6991577148438,102.20289611816406,584.1323852539062,Bornm.,55,0,1,722,,Orobus,,,,author_55_0,,,,,306.36151631673175,2394.579823811849,425.8454004923503,2433.884938557943,0.0,0.0
112,205,37.439998626708984,584.2991943359375,81.11660766601562,593.732421875,grandiflorus,56,0,0,722,Orobus,Orobus,grandiflorus,Orobus_grandiflorus_56_0,Boiss. ,,,,species,,155.9999942779541,2434.5799763997397,337.9858652750651,2473.8850911458335,0.0,0.0
113,206,83.75809478759766,584.2991943359375,105.59359741210938,593.732421875,Boiss.,56,0,1,722,,Orobus,,,,author_56_0,,,,,348.99206161499023,2434.5799763997397,439.97332255045575,2473.8850911458335,0.0,0.0
114,208,37.91999816894531,594.13916015625,56.08567428588867,603.5723876953125,niger,57,0,0,722,Orobus,Orobus,niger,Orobus_niger_57_0,L. ,,,,species,,157.99999237060547,2475.579833984375,233.69030952453613,2514.8849487304688,0.0,0.0
115,209,58.1143913269043,594.13916015625,66.47946166992188,603.5723876953125,L.,57,0,1,722,,Orobus,,,,author_57_0,,,,,242.14329719543457,2475.579833984375,276.9977569580078,2514.8849487304688,0.0,0.0
116,211,248.16000366210938,45.49917221069336,290.9459228515625,54.932373046875,sessiltflorus,58,0,0,722,Orobus,Orobus,sessiltflorus,Orobus_sessiltflorus_58_0,Sibth. et Smith ,,,,species,,1034.000015258789,189.57988421122232,1212.274678548177,228.8848876953125,1.0,2.0
117,212,293.3388977050781,45.49917221069336,315.8106689453125,54.932373046875,Sibth.,58,0,1,722,,Orobus,,,,author_58_0,,,,,1222.2454071044922,189.57988421122232,1315.8777872721355,228.8848876953125,1.0,2.0
118,213,318.4863586425781,45.49917221069336,325.2543640136719,54.932373046875,et,58,0,2,722,,Orobus,,,,author_58_0,,,,,1327.0264943440754,189.57988421122232,1355.2265167236328,228.8848876953125,1.0,2.0
119,214,327.50787353515625,45.49917221069336,350.4017028808594,54.932373046875,Smith,58,0,3,722,,Orobus,,,,author_58_0,,,,,1364.6161397298176,189.57988421122232,1460.007095336914,228.8848876953125,1.0,2.0
120,215,248.16000366210938,53.17922592163086,281.9360656738281,62.6124267578125,variabilis,58,1,0,722,Orobus,Orobus,variabilis,Orobus_variabilis_58_1,Boiss. ,,,,species,,1034.000015258789,221.58010800679526,1174.733606974284,260.88511149088544,1.0,2.0
121,216,283.439697265625,53.17922592163086,305.0347595214844,62.6124267578125,Boiss.,58,1,1,722,,Orobus,,,,author_58_1,,,,,1180.9987386067708,221.58010800679526,1270.9781646728516,260.88511149088544,1.0,2.0
122,217,234.72000122070312,63.73922348022461,304.3292541503906,73.17242431640625,OXALIDACEAE,59,0,0,722,,,,,,,,,,,978.0000050862631,265.5800978342692,1268.038558959961,304.8851013183594,1.0,3.0
123,218,234.47999572753906,73.33920288085938,259.1750183105469,82.77239990234375,Oxalis,59,1,0,722,Oxalis,Oxalis,,,,,,,genus,,976.9999821980795,305.58001200358075,1079.8959096272786,344.88499959309894,1.0,3.0
124,219,247.67999267578125,82.93917846679688,272.8875732421875,92.37237548828125,cemua,60,0,0,722,Oxalis,Oxalis,cemua,Oxalis_cemua_60_0,Thunb. ,,,,species,,1031.9999694824219,345.5799102783203,1137.0315551757812,384.88489786783856,1.0,2.0
125,220,274.2882080078125,82.93917846679688,304.6232604980469,92.37237548828125,Thunb.,60,0,1,722,,Oxalis,,,,author_60_0,,,,,1142.8675333658855,345.5799102783203,1269.2635854085286,384.88489786783856,1.0,2.0
126,221,247.9199981689453,92.53921508789062,291.0083923339844,101.972412109375,corniculata,60,1,0,722,Oxalis,Oxalis,corniculata,Oxalis_corniculata_60_1,L. ,,,,species,,1032.9999923706055,385.58006286621094,1212.5349680582683,424.8850504557292,1.0,2.0
127,222,295.244873046875,92.53921508789062,303.6235046386719,101.972412109375,L.,60,1,1,722,,Oxalis,,,,author_60_1,,,,,1230.1869710286458,385.58006286621094,1265.097935994466,424.8850504557292,1.0,2.0
128,223,247.9199981689453,101.17922973632812,270.10137939453125,110.6124267578125,libyca,60,2,0,722,Oxalis,Oxalis,libyca,Oxalis_libyca_60_2,Viv. ,,,,species,,1032.9999923706055,421.5801239013672,1125.4224141438801,460.88511149088544,1.0,2.0
129,224,272.7093200683594,101.17922973632812,288.0076904296875,110.6124267578125,Viv.,60,2,1,722,,Oxalis,,,,author_60_2,,,,,1136.288833618164,421.5801239013672,1200.0320434570312,460.88511149088544,1.0,2.0
130,225,247.67999267578125,112.69918823242188,289.4712829589844,122.13238525390625,pes-caprae,60,3,0,722,Oxalis,Oxalis,pes-caprae,Oxalis_pes-caprae_60_3,L. ,,,,species,,1031.9999694824219,469.5799509684245,1206.1303456624348,508.8849385579427,1.0,2.0
131,226,292.7157897949219,112.69918823242188,301.2393493652344,122.13238525390625,L.,60,3,1,722,,Oxalis,,,,author_60_3,,,,,1219.6491241455078,469.5799509684245,1255.1639556884766,508.8849385579427,1.0,2.0
132,228,234.0,153.01919555664062,264.23236083984375,162.452392578125,Paeonia,62,0,0,722,Paeonia,Paeonia,,,,,,,genus,,975.0,637.5799814860026,1100.9681701660156,676.8849690755209,1.0,3.0
133,229,247.1999969482422,162.61920166015625,277.6575622558594,172.05239868164062,corallina,63,0,0,722,Paeonia,Paeonia,corallina,Paeonia_corallina_63_0,Retz ,,,,species,,1029.9999872843425,677.5800069173177,1156.906509399414,716.8849945068359,1.0,2.0
134,230,281.7816162109375,162.61920166015625,299.2095642089844,172.05239868164062,Retz,63,0,1,722,,Paeonia,,,,author_63_0,,,,,1174.090067545573,677.5800069173177,1246.7065175374348,716.8849945068359,1.0,2.0
135,231,247.1999969482422,173.17919921875,298.38226318359375,182.61239624023438,kesrouanensis,63,1,0,722,Paeonia,Paeonia,kesrouanensis,Paeonia_kesrouanensis_63_1,Thiéb. ,,,,species,,1029.9999872843425,721.5799967447916,1243.2594299316406,760.8849843343099,1.0,2.0
136,232,302.2973327636719,173.17919921875,327.9757995605469,182.61239624023438,Thiéb.,63,1,1,722,,Paeonia,,,,author_63_1,,,,,1259.5722198486328,721.5799967447916,1366.5658315022786,760.8849843343099,1.0,2.0
137,234,247.1999969482422,182.77920532226562,278.2091369628906,192.21240234375,mascula,64,0,0,722,Paeonia,Paeonia,mascula,Paeonia_mascula_64_0,(L.) Mill. ,,,,species,,1029.9999872843425,761.5800221761068,1159.2047373453777,800.885009765625,1.0,2.0
138,235,282.6773681640625,182.77920532226562,297.49371337890625,192.21240234375,(L.),64,0,1,722,,Paeonia,,,,author_64_0,,,,,1177.8223673502605,761.5800221761068,1239.5571390787761,800.885009765625,1.0,2.0
139,236,302.36749267578125,182.77920532226562,321.392822265625,192.21240234375,Mill.,64,0,2,722,,Paeonia,,,,author_64_0,,,,,1259.8645528157551,761.5800221761068,1339.1367594401042,800.885009765625,1.0,2.0
140,237,233.75999450683594,192.37921142578125,265.192626953125,201.81240844726562,Paliurus,65,0,0,722,Paliurus,Paliurus,,,,,,,genus,,973.9999771118164,801.5800476074219,1104.9692789713542,840.8850351969401,1.0,3.0
141,239,246.9600067138672,201.01919555664062,277.0940246582031,210.452392578125,aculeata,66,0,0,722,Paliurus,Paliurus,aculeata,Paliurus_aculeata_66_0,Lam. ,,,,species,,1029.0000279744465,837.5799814860026,1154.5584360758464,876.8849690755209,1.0,2.0
142,240,278.494384765625,201.01919555664062,299.1623229980469,210.452392578125,Lam.,66,0,1,722,,Paliurus,,,,author_66_0,,,,,1160.3932698567708,837.5799814860026,1246.5096791585286,876.8849690755209,1.0,2.0
143,241,246.9600067138672,211.57919311523438,294.1231689453125,221.01239013671875,spina-christi,66,1,0,722,Paliurus,Paliurus,spina-christi,Paliurus_spina-christi_66_1,Mill. ,,,,species,,1029.0000279744465,881.5799713134766,1225.513203938802,920.8849589029948,1.0,2.0
144,242,298.0827941894531,211.57919311523438,317.07159423828125,221.01239013671875,Mill.,66,1,1,722,,Paliurus,,,,author_66_1,,,,,1242.0116424560547,881.5799713134766,1321.1316426595051,920.8849589029948,1.0,2.0
145,243,233.52000427246094,221.65921020507812,264.8468933105469,231.0924072265625,Papaver,67,0,0,722,Papaver,Papaver,,,,,,,genus,,973.0000178019205,923.5800425211588,1103.5287221272786,962.8850301106771,1.0,3.0
146,244,246.9600067138672,231.73919677734375,284.84210205078125,241.17239379882812,argemone,68,0,0,722,Papaver,Papaver,argemone,Papaver_argemone_68_0,L. ,,,,species,,1029.0000279744465,965.5799865722656,1186.8420918782551,1004.8849741617838,1.0,2.0
147,245,288.46807861328125,231.73919677734375,296.911376953125,241.17239379882812,L.,68,0,1,722,,Papaver,,,,author_68_0,,,,,1201.9503275553386,965.5799865722656,1237.1307373046875,1004.8849741617838,1.0,2.0
148,247,243.77548217773438,239.89920043945312,277.353759765625,249.3323974609375,belangeri,69,0,0,722,Papaver,Papaver,belangeri,Papaver_belangeri_69_0,Boiss. ,,,,species,,1015.7311757405599,999.5800018310547,1155.6406656901042,1038.884989420573,1.0,2.0
149,248,279.1100158691406,239.89920043945312,301.0696105957031,249.3323974609375,Boiss.,69,0,1,722,,Papaver,,,,author_69_0,,,,,1162.9583994547527,999.5800018310547,1254.4567108154297,1038.884989420573,1.0,2.0
150,249,246.47999572753906,249.01919555664062,273.8023986816406,258.452392578125,carmeti,70,0,0,722,Papaver,Papaver,carmeti,Papaver_carmeti_70_0,Feinb. ,,,,species,,1026.9999821980794,1037.5799814860027,1140.8433278401692,1076.8849690755208,1.0,2.0
151,250,275.26708984375,249.01919555664062,299.9512939453125,258.452392578125,Feinb.,70,0,1,722,,Papaver,,,,author_70_0,,,,,1146.9462076822917,1037.5799814860027,1249.7970581054688,1076.8849690755208,1.0,2.0
152,251,246.47999572753906,258.61920166015625,277.7350769042969,268.0523986816406,clavatum,70,1,0,722,Papaver,Papaver,clavatum,Papaver_clavatum_70_1,Boiss. et Hausskn. ,,,,species,,1026.9999821980794,1077.5800069173176,1157.229487101237,1116.884994506836,1.0,2.0
153,252,281.5248107910156,258.61920166015625,301.998291015625,268.0523986816406,Boiss.,70,1,1,722,,Papaver,,,,author_70_1,,,,,1173.0200449625652,1077.5800069173176,1258.3262125651042,1116.884994506836,1.0,2.0
154,253,306.4576416015625,258.61920166015625,313.0791931152344,268.0523986816406,et,70,1,2,722,,Papaver,,,,author_70_1,,,,,1276.9068400065105,1077.5800069173176,1304.4966379801433,1116.884994506836,1.0,2.0
155,254,317.0921325683594,258.61920166015625,351.5484924316406,268.0523986816406,Hausskn.,70,1,3,722,,Papaver,,,,author_70_1,,,,,1321.2172190348308,1077.5800069173176,1464.785385131836,1116.884994506836,1.0,2.0
156,255,246.72000122070312,268.2192077636719,276.0517578125,277.65240478515625,dubium,70,2,0,722,Papaver,Papaver,dubium,Papaver_dubium_70_2,L. ,,,,species,,1028.000005086263,1117.5800323486328,1150.2156575520833,1156.8850199381511,1.0,2.0
157,256,280.9272155761719,268.2192077636719,288.91046142578125,277.65240478515625,L.,70,2,1,722,,Papaver,,,,author_70_2,,,,,1170.530064900716,1117.5800323486328,1203.7935892740886,1156.8850199381511,1.0,2.0
158,257,246.47999572753906,277.8192138671875,278.50830078125,287.2524108886719,glaucum,70,3,0,722,Papaver,Papaver,glaucum,Papaver_glaucum_70_3,Boiss. et Huet ,,,,species,,1026.9999821980794,1157.580057779948,1160.4512532552083,1196.885045369466,1.0,2.0
159,258,282.8565368652344,277.8192138671875,303.1381530761719,287.2524108886719,Boiss.,70,3,1,722,,Papaver,,,,author_70_3,,,,,1178.5689036051433,1157.580057779948,1263.0756378173828,1196.885045369466,1.0,2.0
160,259,308.02978515625,277.8192138671875,314.7957763671875,287.2524108886719,et,70,3,2,722,,Papaver,,,,author_70_3,,,,,1283.4574381510417,1157.580057779948,1311.6490681966145,1196.885045369466,1.0,2.0
161,260,319.14434814453125,277.8192138671875,337.9800109863281,287.2524108886719,Huet,70,3,3,722,,Papaver,,,,author_70_3,,,,,1329.7681172688801,1157.580057779948,1408.2500457763672,1196.885045369466,1.0,2.0
162,261,246.47999572753906,287.8992004394531,285.9943542480469,297.3323974609375,humifusum,70,4,0,722,Papaver,Papaver,humifusum,Papaver_humifusum_70_4,Fedde ,,,,species,,1026.9999821980794,1199.5800018310547,1191.6431427001953,1238.884989420573,1.0,2.0
163,262,287.4519958496094,287.8992004394531,310.8403625488281,297.3323974609375,Fedde,70,4,1,722,,Papaver,,,,author_70_4,,,,,1197.7166493733723,1199.5800018310547,1295.168177286784,1238.884989420573,1.0,2.0
164,263,246.72000122070312,297.49920654296875,286.7398376464844,306.9324035644531,laevigatum,70,5,0,722,Papaver,Papaver,laevigatum,Papaver_laevigatum_70_5,M. Bieb. ,,,,species,,1028.000005086263,1239.5800272623699,1194.7493235270183,1278.885014851888,1.0,2.0
165,264,289.0569763183594,297.49920654296875,299.7449951171875,306.9324035644531,M.,70,5,1,722,,Papaver,,,,author_70_5,,,,,1204.404067993164,1239.5800272623699,1248.937479654948,1278.885014851888,1.0,2.0
166,265,302.1903991699219,297.49920654296875,321.0709228515625,306.9324035644531,Bieb.,70,5,2,722,,Papaver,,,,author_70_5,,,,,1259.1266632080078,1239.5800272623699,1337.7955118815105,1278.885014851888,1.0,2.0
167,266,246.47999572753906,307.0992126464844,292.13885498046875,316.53240966796875,libanoticum,70,6,0,722,Papaver,Papaver,libanoticum,Papaver_libanoticum_70_6,Boiss; ,,,,species,,1026.9999821980794,1279.5800526936848,1217.2452290852864,1318.8850402832031,1.0,2.0
168,267,299.1100769042969,307.0992126464844,319.6296691894531,316.53240966796875,Boiss;,70,6,1,722,,Papaver,,,,author_70_6,,,,,1246.291987101237,1279.5800526936848,1331.790288289388,1318.8850402832031,1.0,2.0
169,268,246.47999572753906,316.2192077636719,292.9452209472656,325.65240478515625,polytrichum,70,7,0,722,Papaver,Papaver,polytrichum,Papaver_polytrichum_70_7,Boiss. et Ky ,,,,species,,1026.9999821980794,1317.5800323486328,1220.6050872802734,1356.8850199381511,1.0,2.0
170,269,297.4045715332031,316.2192077636719,317.6861877441406,325.65240478515625,Boiss.,70,7,1,722,,Papaver,,,,author_70_7,,,,,1239.1857147216797,1317.5800323486328,1323.6924489339192,1356.8850199381511,1.0,2.0
171,270,322.93133544921875,316.2192077636719,329.6326904296875,325.65240478515625,et,70,7,2,722,,Papaver,,,,author_70_7,,,,,1345.5472310384114,1317.5800323486328,1373.4695434570312,1356.8850199381511,1.0,2.0
172,271,334.3536376953125,316.2192077636719,345.48687744140625,325.65240478515625,Ky,70,7,3,722,,Papaver,,,,author_70_7,,,,,1393.140157063802,1317.5800323486328,1439.5286560058594,1356.8850199381511,1.0,2.0
173,272,246.24000549316406,326.2991943359375,266.44158935546875,335.7323913574219,postii,70,8,0,722,Papaver,Papaver,postii,Papaver_postii_70_8,Fedde ,,,,species,,1026.0000228881836,1359.5799763997395,1110.1732889811199,1398.8849639892578,1.0,2.0
174,273,270.4111022949219,326.2991943359375,293.7994689941406,335.7323913574219,Fedde,70,8,1,722,,Papaver,,,,author_70_8,,,,,1126.712926228841,1359.5799763997395,1224.1644541422527,1398.8849639892578,1.0,2.0
175,274,246.24000549316406,335.419189453125,280.6933288574219,344.8523864746094,rapiferum,70,9,0,722,Papaver,Papaver,rapiferum,Papaver_rapiferum_70_9,Fedde ,,,,species,,1026.0000228881836,1397.5799560546875,1169.5555369059246,1436.8849436442058,1.0,2.0
176,275,282.0934143066406,335.419189453125,306.2489929199219,344.8523864746094,Fedde,70,9,1,722,,Papaver,,,,author_70_9,,,,,1175.3892262776692,1397.5799560546875,1276.0374704996746,1436.8849436442058,1.0,2.0
177,276,246.24000549316406,345.49920654296875,270.2969665527344,354.9324035644531,rhoeas,70,10,0,722,Papaver,Papaver,rhoeas,Papaver_rhoeas_70_10,L. ,,,,species,,1026.0000228881836,1439.5800272623699,1126.2373606363933,1478.885014851888,1.0,2.0
178,277,274.7876281738281,345.49920654296875,282.6708679199219,354.9324035644531,L.,70,10,1,722,,Papaver,,,,author_70_10,,,,,1144.948450724284,1439.5800272623699,1177.7952829996746,1478.885014851888,1.0,2.0
179,278,246.0,354.61920166015625,272.8956604003906,364.0523986816406,rogersii,70,11,0,722,Papaver,Papaver,rogersii,Papaver_rogersii_70_11,Exelm. ,,,,species,,1025.0,1477.5800069173176,1137.0652516682942,1516.884994506836,1.0,2.0
180,279,278.5727233886719,354.61920166015625,305.2437744140625,364.0523986816406,Exelm.,70,11,1,722,,Papaver,,,,author_70_11,,,,,1160.7196807861328,1477.5800069173176,1271.8490600585938,1516.884994506836,1.0,2.0
181,280,246.24000549316406,364.6991882324219,289.8641662597656,374.13238525390625,somniferum,70,12,0,722,Papaver,Papaver,somniferum,Papaver_somniferum_70_12,L. ,,,,species,,1026.0000228881836,1519.5799509684246,1207.7673594156902,1558.8849385579426,1.0,2.0
182,281,294.75982666015625,364.6991882324219,302.5905456542969,374.13238525390625,L.,70,12,1,722,,Papaver,,,,author_70_12,,,,,1228.1659444173176,1519.5799509684246,1260.793940226237,1558.8849385579426,1.0,2.0
183,282,245.75999450683594,373.8191833496094,279.5184020996094,383.25238037109375,strîgosum,70,13,0,722,Papaver,Papaver,strîgosum,Papaver_strîgosum_70_13,Bônningh ,,,,species,,1023.9999771118164,1557.5799306233723,1164.6600087483723,1596.8849182128906,1.0,2.0
184,283,282.1581115722656,373.8191833496094,318.7215576171875,383.25238037109375,Bônningh,70,13,1,722,,Papaver,,,,author_70_13,,,,,1175.6587982177734,1557.5799306233723,1328.0064900716145,1596.8849182128906,1.0,2.0
185,284,245.75999450683594,383.8992004394531,274.49530029296875,393.3323974609375,stylatum,70,14,0,722,Papaver,Papaver,stylatum,Papaver_stylatum_70_14,Boiss. et Hausskn. ,,,,species,,1023.9999771118164,1599.5800018310547,1143.7304178873699,1638.884989420573,1.0,2.0
186,285,278.20318603515625,383.8992004394531,298.48480224609375,393.3323974609375,Boiss.,70,14,1,722,,Papaver,,,,author_70_14,,,,,1159.1799418131511,1599.5800018310547,1243.6866760253906,1638.884989420573,1.0,2.0
187,286,302.9340515136719,383.8992004394531,309.5455017089844,393.3323974609375,et,70,14,2,722,,Papaver,,,,author_70_14,,,,,1262.2252146402996,1599.5800018310547,1289.7729237874348,1638.884989420573,1.0,2.0
188,287,313.25341796875,383.8992004394531,347.70977783203125,393.3323974609375,Hausskn.,70,14,3,722,,Papaver,,,,author_70_14,,,,,1305.2225748697917,1599.5800018310547,1448.7907409667969,1638.884989420573,1.0,2.0
189,288,246.0,393.0191955566406,292.7357177734375,402.452392578125,subpiriforme,70,15,0,722,Papaver,Papaver,subpiriforme,Papaver_subpiriforme_70_15,Fedde ,,,,species,,1025.0,1637.5799814860027,1219.732157389323,1676.8849690755208,1.0,2.0
190,289,296.235595703125,393.0191955566406,319.8179016113281,402.452392578125,Fedde,70,15,1,722,,Papaver,,,,author_70_15,,,,,1234.3149820963542,1637.5799814860027,1332.5745900472004,1676.8849690755208,1.0,2.0
191,291,246.0,403.0992126464844,279.277099609375,412.53240966796875,syriacum,72,0,0,722,Papaver,Papaver,syriacum,Papaver_syriacum_72_0,Boiss. et Bl. ,,,,species,,1025.0,1679.5800526936848,1163.6545817057292,1718.8850402832031,1.0,2.0
192,292,282.84259033203125,403.0992126464844,303.12420654296875,412.53240966796875,Boiss.,72,0,1,722,,Papaver,,,,author_72_0,,,,,1178.5107930501301,1679.5800526936848,1263.0175272623699,1718.8850402832031,1.0,2.0
193,293,307.51287841796875,403.0992126464844,314.1273498535156,412.53240966796875,et,72,0,2,722,,Papaver,,,,author_72_0,,,,,1281.3036600748699,1679.5800526936848,1308.8639577229817,1718.8850402832031,1.0,2.0
194,294,317.6927185058594,403.0992126464844,328.29705810546875,412.53240966796875,Bl.,72,0,3,722,,Papaver,,,,author_72_0,,,,,1323.7196604410808,1679.5800526936848,1367.9044087727864,1718.8850402832031,1.0,2.0
195,295,245.75999450683594,412.6991882324219,292.87042236328125,422.13238525390625,umbonatum,72,1,0,722,Papaver,Papaver,umbonatum,Papaver_umbonatum_72_1,Boiss. ,,,,species,,1023.9999771118164,1719.5799509684246,1220.2934265136719,1758.8849385579426,1.0,2.0
196,296,297.66912841796875,412.6991882324219,317.95074462890625,422.13238525390625,Boiss.,72,1,1,722,,Papaver,,,,author_72_1,,,,,1240.2880350748699,1719.5799509684246,1324.7947692871094,1758.8849385579426,1.0,2.0
197,297,232.55999755859375,421.5791931152344,306.3710021972656,431.01239013671875,PAPAVERACEAE,73,0,0,722,,,,,,,,,,,968.999989827474,1756.5799713134766,1276.5458424886067,1795.8849589029949,1.0,3.0
198,299,231.83999633789062,432.2646484375,277.63848876953125,440.6568298339844,Pappopharum,73,1,0,722,Pappopharum,Pappopharum,,,,,,,genus,,965.9999847412109,1801.1027018229167,1156.8270365397136,1836.0701243082683,1.0,3.0
199,300,245.27999877929688,441.49920654296875,288.3103332519531,450.9324035644531,squarrosum,74,0,0,722,Pappopharum,Pappopharum,squarrosum,Pappopharum_squarrosum_74_0,Banks et Sol. ,,,,species,,1021.9999949137369,1839.5800272623699,1201.2930552164714,1878.885014851888,1.0,2.0
200,301,290.0126037597656,441.49920654296875,313.1268310546875,450.9324035644531,Banks,74,0,1,722,,Pappopharum,,,,author_74_0,,,,,1208.3858489990234,1839.5800272623699,1304.6951293945312,1878.885014851888,1.0,2.0
201,302,314.8291015625,441.49920654296875,321.8617248535156,450.9324035644531,et,74,0,2,722,,Pappopharum,,,,author_74_0,,,,,1311.7879231770833,1839.5800272623699,1341.0905202229817,1878.885014851888,1.0,2.0
202,303,323.56427001953125,441.49920654296875,337.8811340332031,450.9324035644531,Sol.,74,0,3,722,,Pappopharum,,,,author_74_0,,,,,1348.1844584147136,1839.5800272623699,1407.8380584716797,1878.885014851888,1.0,2.0
203,304,232.0800018310547,450.61920166015625,308.6275939941406,460.0523986816406,PAPILIÔNAGEAE,75,0,0,722,,,,,,,,,,,967.0000076293945,1877.5800069173176,1285.9483083089192,1916.884994506836,1.0,3.0
204,305,231.60000610351562,460.6991882324219,289.9560546875,470.13238525390625,PARIETALES',75,1,0,722,,,,,,,,,,,965.0000254313151,1919.5799509684246,1208.1502278645833,1958.8849385579426,1.0,3.0
205,306,231.83999633789062,470.7792053222656,269.5849609375,480.21240234375,Parietaria,75,2,0,722,Parietaria,Parietaria,,,,,,,genus,,965.9999847412109,1961.5800221761067,1123.2706705729167,2000.885009765625,1.0,3.0
206,307,245.27999877929688,479.8992004394531,280.1002197265625,489.3323974609375,officinalis,76,0,0,722,Parietaria,Parietaria,officinalis,Parietaria_officinalis_76_0,,,,,species,,1021.9999949137369,1999.5800018310547,1167.084248860677,2038.884989420573,1.0,2.0
207,308,319.72393798828125,479.8992004394531,328.2774963378906,489.3323974609375,L.,76,1,0,722,,,,,,,,,,True,1332.1830749511719,1999.5800018310547,1367.8229014078777,2038.884989420573,1.0,4.0
208,310,231.83999633789062,489.49920654296875,275.1867370605469,498.9324035644531,Paronychia,77,0,0,722,Paronychia,Paronychia,,,,,,,genus,,965.9999847412109,2039.5800272623699,1146.6114044189453,2078.885014851888,1.0,3.0
209,311,245.0399932861328,498.61920166015625,275.2449951171875,508.0523986816406,echinata,78,0,0,722,Paronychia,Paronychia,echinata,Paronychia_echinata_78_0,Lam. ,,,,species,,1020.9999720255533,2077.580006917318,1146.8541463216145,2116.884994506836,1.0,2.0
210,312,276.6448669433594,498.61920166015625,297.4437561035156,508.0523986816406,Lam.,78,0,1,722,,Paronychia,,,,author_78_0,,,,,1152.6869455973308,2077.580006917318,1239.3489837646484,2116.884994506836,1.0,2.0
211,313,245.0399932861328,508.6991882324219,284.6576843261719,518.1323852539062,echinulata,78,1,0,722,Paronychia,Paronychia,echinulata,Paronychia_echinulata_78_1,Chater ,,,,species,,1020.9999720255533,2119.5799509684243,1186.0736846923828,2158.884938557943,1.0,2.0
212,314,288.8783874511719,508.6991882324219,315.2407531738281,518.1323852539062,Chater,78,1,1,722,,Paronychia,,,,author_78_1,,,,,1203.659947713216,2119.5799509684243,1313.503138224284,2158.884938557943,1.0,2.0
213,315,231.60000610351562,518.2991943359375,269.0015563964844,527.732421875,Paspalum,79,0,0,722,Paspalum,Paspalum,,,,,,,genus,,965.0000254313151,2159.5799763997397,1120.8398183186848,2198.8850911458335,1.0,3.0
214,316,244.8000030517578,527.419189453125,279.264892578125,536.8524169921875,distichum,80,0,0,722,Paspalum,Paspalum,distichum,Paspalum_distichum_80_0,Auct. ,,,,species,,1020.0000127156576,2197.5799560546875,1163.6037190755208,2236.8850708007812,1.0,2.0
215,317,280.66485595703125,527.419189453125,301.6248779296875,536.8524169921875,Auct.,80,0,1,722,,Paspalum,,,,author_80_0,,,,,1169.4368998209636,2197.5799560546875,1256.7703247070312,2236.8850708007812,1.0,2.0
216,318,244.55999755859375,537.4992065429688,287.85406494140625,546.9324340820312,paspaloides,80,1,0,722,Paspalum,Paspalum,paspaloides,Paspalum_paspaloides_80_1,(Michaux) Şcribner ,,,,species,,1018.999989827474,2239.5800272623696,1199.3919372558594,2278.8851420084634,1.0,2.0
217,319,292.4920654296875,537.4992065429688,333.38238525390625,546.9324340820312,(Michaux),80,1,1,722,,Paspalum,,,,author_80_1,,,,,1218.7169392903645,2239.5800272623696,1389.0932718912761,2278.8851420084634,1.0,2.0
218,320,338.2321472167969,537.4992065429688,370.438720703125,546.9324340820312,Şcribner,80,1,2,722,,Paspalum,,,,author_80_1,,,,,1409.3006134033203,2239.5800272623696,1543.4946695963542,2278.8851420084634,1.0,2.0
219,321,230.8800048828125,547.465576171875,263.0458679199219,555.8566284179688,Passerina,81,0,0,722,Passerina,Passerina,,,,,,,genus,,962.0000203450521,2281.1065673828125,1096.024449666341,2316.0692850748696,1.0,3.0
220,322,244.55999755859375,555.7391967773438,267.4664001464844,565.1724243164062,annua,82,0,0,722,Passerina,Passerina,annua,Passerina_annua_82_0,Wickstr. ,,,,species,,1018.999989827474,2315.5799865722656,1114.4433339436848,2354.8851013183594,1.0,2.0
221,323,268.86663818359375,555.7391967773438,300.4477844238281,565.1724243164062,Wickstr.,82,0,1,722,,Passerina,,,,author_82_0,,,,,1120.2776590983074,2315.5799865722656,1251.8657684326172,2354.8851013183594,1.0,2.0
222,324,244.55999755859375,565.5791625976562,273.1709899902344,575.0123901367188,arvensis,82,1,0,722,Passerina,Passerina,arvensis,Passerina_arvensis_82_1,Lam. ,,,,species,,1018.999989827474,2356.579844156901,1138.2124582926433,2395.8849589029946,1.0,2.0
223,325,274.57159423828125,565.5791625976562,295.367431640625,575.0123901367188,Lam.,82,1,1,722,,Passerina,,,,author_82_1,,,,,1144.0483093261719,2356.579844156901,1230.6976318359375,2395.8849589029946,1.0,2.0
224,326,244.32000732421875,575.17919921875,270.0104675292969,584.6124267578125,hirsuta,82,2,0,722,Passerina,Passerina,hirsuta,Passerina_hirsuta_82_2,L. ,,,,species,,1018.0000305175781,2396.5799967447915,1125.0436147054036,2435.8851114908853,1.0,2.0
225,327,273.76318359375,575.17919921875,282.1649169921875,584.6124267578125,L.,82,2,1,722,,Passerina,,,,author_82_2,,,,,1140.679931640625,2396.5799967447915,1175.6871541341145,2435.8851114908853,1.0,2.0
226,330,244.8000030517578,584.7791748046875,272.47772216796875,594.21240234375,lessertii,83,0,0,722,Passerina,Passerina,lessertii,Passerina_lessertii_83_0,Wickstr. ,,,,species,,1020.0000127156576,2436.5798950195312,1135.3238423665364,2475.885009765625,1.0,2.0
227,331,273.87786865234375,584.7791748046875,306.32952880859375,594.21240234375,Wickstr.,83,0,1,722,,Passerina,,,,author_83_0,,,,,1141.1577860514324,2436.5798950195312,1276.3730367024739,2475.885009765625,1.0,2.0
228,332,243.60000610351562,594.379150390625,278.76251220703125,603.8123779296875,pubescens,83,1,0,722,Passerina,Passerina,pubescens,Passerina_pubescens_83_1,Guss. ,,,,species,,1015.0000254313151,2476.579793294271,1161.5104675292969,2515.8849080403647,1.0,2.0
229,333,280.16259765625,594.379150390625,301.60626220703125,603.8123779296875,Guss.,83,1,1,722,,Passerina,,,,author_83_1,,,,,1167.3441569010417,2476.579793294271,1256.6927591959636,2515.8849080403647,1.0,2.0
0,3,27.84000015258789,47.32299041748047,63.63300323486328,59.32898712158203,Pastinaca,1,0,0,723,Pastinaca,Pastinaca,,,,,,,genus,,116.00000063578288,197.17912673950195,265.137513478597,247.2041130065918,0.0,0.0
1,4,40.560001373291016,56.881004333496094,79.6863021850586,67.87000274658203,graveolens,2,0,0,723,Pastinaca,Pastinaca,graveolens,Pastinaca_graveolens_2_0,Bieb. ,,,,species,,169.0000057220459,237.0041847229004,332.0262591044108,282.7916781107585,0.0,1.0
2,5,81.18598937988281,55.96300506591797,100.6338119506836,67.96900177001953,Bieb.,2,0,1,723,,Pastinaca,,,,author_2_0,,,,,338.2749557495117,233.1791877746582,419.30754979451496,283.20417404174805,0.0,1.0
3,6,40.79999923706055,66.4809799194336,76.26583099365234,77.46997833251953,opopanax,2,1,0,723,Pastinaca,Pastinaca,opopanax,Pastinaca_opopanax_2_1,L. ,,,,species,,169.9999968210856,277.00408299763996,317.77429580688477,322.79157638549805,0.0,1.0
4,7,77.76555633544922,65.56298065185547,85.65384674072266,77.56897735595703,L.,2,1,1,723,,Pastinaca,,,,author_2_1,,,,,324.0231513977051,273.17908604939777,356.8910280863444,323.2040723164876,0.0,1.0
5,8,40.79999923706055,76.08101654052734,65.54307556152344,87.07001495361328,second,2,2,0,723,Pastinaca,Pastinaca,second,Pastinaca_second_2_2,Banks et Sol. ,,,,species,,169.9999968210856,317.0042355855306,273.09614817301434,362.7917289733887,0.0,1.0
6,9,68.13489532470703,75.16301727294922,90.51681518554688,87.16901397705078,Banks,2,2,1,723,,Pastinaca,,,,author_2_2,,,,,283.8953971862793,313.1792386372884,377.1533966064453,363.20422490437824,0.0,1.0
7,10,93.50760650634766,75.16301727294922,99.97428894042969,87.16901397705078,et,2,2,2,723,,Pastinaca,,,,author_2_2,,,,,389.6150271097819,313.1792386372884,416.55953725179035,363.20422490437824,0.0,1.0
8,11,102.96576690673828,75.16301727294922,117.02874755859375,87.16901397705078,Sol.,2,2,3,723,,Pastinaca,,,,author_2_2,,,,,429.0240287780762,313.1792386372884,487.6197814941406,363.20422490437824,0.0,1.0
9,12,41.040000915527344,85.68099212646484,83.20354461669922,96.66999053955078,teretiuscula,2,3,0,723,Pastinaca,Pastinaca,teretiuscula,Pastinaca_teretiuscula_2_3,Boiss. ,,,,species,,171.00000381469727,357.0041338602702,346.6814359029134,402.79162724812824,0.0,1.0
10,13,84.70364379882812,84.76299285888672,106.04634857177734,96.76898956298828,Boiss.,2,3,1,723,,Pastinaca,,,,author_2_3,,,,,352.9318491617839,353.179136912028,441.85978571573895,403.20412317911786,0.0,1.0
11,14,40.79999923706055,94.12297821044922,61.27000045776367,106.12897491455078,urens,2,4,0,723,Pastinaca,Pastinaca,urens,Pastinaca_urens_2_4,Rcqu. ,,,,species,,169.9999968210856,392.17907587687176,255.2916685740153,442.2040621439616,0.0,1.0
12,15,66.44056701660156,94.12297821044922,89.4387435913086,106.12897491455078,Rcqu.,2,4,1,723,,Pastinaca,,,,author_2_4,,,,,276.83569590250653,392.17907587687176,372.66143163045246,442.2040621439616,0.0,1.0
13,16,27.600000381469727,103.96300506591797,63.08400344848633,115.96900177001953,Peganum,3,0,0,723,Peganum,Peganum,,,,,,,genus,,115.0000015894572,433.1791877746582,262.85001436869305,483.20417404174805,0.0,0.0
14,17,40.79999923706055,113.56298065185547,72.31500244140625,125.56897735595703,harmala,4,0,0,723,Peganum,Peganum,harmala,Peganum_harmala_4_0,L. ,,,,species,,169.9999968210856,473.17908604939777,301.31251017252606,523.2040723164877,0.0,1.0
15,18,76.60863494873047,113.56298065185547,84.63258361816406,125.56897735595703,L.,4,0,1,723,,Peganum,,,,author_4_0,,,,,319.20264561971027,473.17908604939777,352.6357650756836,523.2040723164877,0.0,1.0
16,19,26.8799991607666,124.08101654052734,73.87799835205078,135.07000732421875,Pelargonium,5,0,0,723,Pelargonium,Pelargonium,,,,,,,genus,,111.99999650319417,517.0042355855306,307.8249931335449,562.7916971842448,0.0,0.0
17,20,40.560001373291016,133.6809844970703,97.0530014038086,144.66998291015625,endlicherianum,6,0,0,723,Pelargonium,Pelargonium,endlicherianum,Pelargonium_endlicherianum_6_0,Fenzl ,,,,species,,169.0000057220459,557.0041020711263,404.38750584920246,602.7915954589844,0.0,1.0
18,21,98.5530014038086,132.7629852294922,119.01499938964844,144.7689971923828,Fenzl,6,0,1,723,,Pelargonium,,,,author_6_0,,,,,410.63750584920246,553.1791051228842,495.89583079020184,603.2041549682617,0.0,1.0
19,22,27.360000610351562,142.6029815673828,56.55509948730469,154.60899353027344,Peltaria,7,0,0,723,Peltaria,Peltaria,,,,,,,genus,,114.00000254313152,594.1790898640951,235.64624786376953,644.2041397094727,0.0,0.0
20,23,40.79999923706055,152.20298767089844,83.84800720214844,164.20899963378906,angustifolia,8,0,0,723,Peltaria,Peltaria,angustifolia,Peltaria_angustifolia_8_0,D.C. ,,,,species,,169.9999968210856,634.1791152954102,349.36669667561847,684.2041651407877,0.0,1.0
21,24,89.56822967529297,152.20298767089844,107.43278503417969,164.20899963378906,D.C.,8,0,1,723,,Peltaria,,,,author_8_0,,,,,373.2009569803874,634.1791152954102,447.63660430908203,684.2041651407877,0.0,1.0
22,25,39.84000015258789,162.9609832763672,76.35299682617188,173.94998168945312,glastifolia,8,1,0,723,Peltaria,Peltaria,glastifolia,Peltaria_glastifolia_8_1,D.C. ,,,,species,,166.00000063578287,679.0040969848633,318.1374867757161,724.7915903727213,0.0,1.0
23,26,79.0081787109375,162.04298400878906,96.87273406982422,174.0489959716797,D.C.,8,1,1,723,,Peltaria,,,,author_8_1,,,,,329.20074462890625,675.1791000366211,403.6363919576009,725.2041498819987,0.0,1.0
24,27,27.1200008392334,171.6429901123047,71.1030044555664,183.6490020751953,Pennisetum,9,0,0,723,Pennisetum,Pennisetum,,,,,,,genus,,113.00000349680583,715.1791254679362,296.26251856486004,765.2041753133138,0.0,0.0
25,28,40.560001373291016,182.16099548339844,85.05599975585938,193.14999389648438,dichotomum,10,0,0,723,Pennisetum,Pennisetum,dichotomum,Pennisetum_dichotomum_10_0,(Forssk.) Del. ,,,,species,,169.0000057220459,759.0041478474935,354.3999989827474,804.7916412353516,0.0,1.0
26,29,87.12906646728516,181.2429962158203,118.66552734375,193.24900817871094,(Forssk.),10,0,1,723,,Pennisetum,,,,author_10_0,,,,,363.0377769470215,755.1791508992513,494.439697265625,805.2042007446289,0.0,1.0
27,30,120.841552734375,181.2429962158203,136.47265625,193.24900817871094,Del.,10,0,2,723,,Pennisetum,,,,author_10_0,,,,,503.5064697265625,755.1791508992513,568.6360677083334,805.2042007446289,0.0,1.0
28,31,40.79999923706055,191.52098083496094,69.30299377441406,202.50997924804688,divisutn,10,1,0,723,Pennisetum,Pennisetum,divisutn,Pennisetum_divisutn_10_1,(Gmel.) Henr. ,,,,species,,169.9999968210856,798.0040868123373,288.7624740600586,843.7915802001953,0.0,1.0
29,32,72.1669921875,190.6029815673828,100.99699401855469,202.60899353027344,(Gmel.),10,1,1,723,,Pennisetum,,,,author_10_1,,,,,300.69580078125,794.1790898640951,420.82080841064453,844.2041397094727,0.0,1.0
30,33,103.8610610961914,190.6029815673828,125.43217468261719,202.60899353027344,Henr.,10,1,2,723,,Pennisetum,,,,author_10_1,,,,,432.75442123413086,794.1790898640951,522.6340611775717,844.2041397094727,0.0,1.0
31,34,40.560001373291016,200.20298767089844,73.61312866210938,212.20899963378906,orientale,10,2,0,723,Pennisetum,Pennisetum,orientale,Pennisetum_orientale_10_2,L.C. Rich. ,,,,species,,169.0000057220459,834.1791152954102,306.72136942545575,884.2041651407877,0.0,1.0
32,35,77.90972900390625,200.20298767089844,94.78824615478516,212.20899963378906,L.C.,10,2,1,723,,Pennisetum,,,,author_10_2,,,,,324.6238708496094,834.1791152954102,394.95102564493817,884.2041651407877,0.0,1.0
33,36,99.33828735351562,200.20298767089844,119.6718978881836,212.20899963378906,Rich.,10,2,2,723,,Pennisetum,,,,author_10_2,,,,,413.90953063964844,834.1791152954102,498.63290786743164,884.2041651407877,0.0,1.0
34,37,40.31999969482422,210.04298400878906,74.86703491210938,222.0489959716797,setaceum,10,3,0,723,Pennisetum,Pennisetum,setaceum,Pennisetum_setaceum_10_3,(Forssk.) Chiov. ,,,,species,,167.99999872843424,875.1791000366211,311.94597880045575,925.2041498819987,0.0,1.0
35,38,80.25759887695312,210.04298400878906,112.22173309326172,222.0489959716797,(Forssk.),10,3,1,723,,Pennisetum,,,,author_10_3,,,,,334.4066619873047,875.1791000366211,467.59055455525714,925.2041498819987,0.0,1.0
36,39,118.38249969482422,210.04298400878906,143.19190979003906,222.0489959716797,Chiov.,10,3,2,723,,Pennisetum,,,,author_10_3,,,,,493.2604153951009,875.1791000366211,596.6329574584961,925.2041498819987,0.0,1.0
37,40,26.8799991607666,219.6429901123047,49.184696197509766,231.6490020751953,Peplis,11,0,0,723,Peplis,Peplis,,,,,,,genus,,111.99999650319417,915.1791254679362,204.93623415629068,965.2041753133138,0.0,0.0
38,41,40.560001373291016,229.2429962158203,80.52828216552734,241.24900817871094,alternifolia,12,0,0,723,Peplis,Peplis,alternifolia,Peplis_alternifolia_12_0,M. Bieb. ,,,,species,,169.0000057220459,955.1791508992513,335.5345090230306,1005.2042007446289,0.0,1.0
39,42,85.21890258789062,229.2429962158203,95.6059799194336,241.24900817871094,M.,12,0,1,723,,Peplis,,,,author_12_0,,,,,355.0787607828776,955.1791508992513,398.35824966430664,1005.2042007446289,0.0,1.0
40,43,100.29660034179688,229.2429962158203,119.91344451904297,241.24900817871094,Bieb.,12,0,2,723,,Peplis,,,,author_12_0,,,,,417.9025014241536,955.1791508992513,499.639352162679,1005.2042007446289,0.0,1.0
41,44,26.639999389648438,239.76100158691406,54.13500213623047,250.75,Persica,13,0,0,723,Persica,Persica,,,,,,,genus,,110.99999745686848,999.0041732788086,225.5625089009603,1044.7916666666667,0.0,0.0
42,46,40.560001373291016,249.3610076904297,70.06199645996094,260.3500061035156,vutgaris,14,0,0,723,Persica,Persica,vutgaris,Persica_vutgaris_14_0,Mill. ,,,,species,,169.0000057220459,1039.0041987101238,291.9249852498372,1084.7916920979817,0.0,1.0
43,47,71.70639038085938,248.44300842285156,90.1530532836914,260.4490051269531,Mill.,14,0,1,723,,Persica,,,,author_14_0,,,,,298.77662658691406,1035.1792017618816,375.63772201538086,1085.2041880289714,0.0,1.0
44,48,26.8799991607666,258.52301025390625,71.02410125732422,270.52899169921875,Petrorhagia,15,0,0,723,Petrorhagia,Petrorhagia,,,,,,,genus,,111.99999650319417,1077.1792093912761,295.9337552388509,1127.2041320800781,0.0,0.0
45,49,40.31999969482422,268.6029968261719,68.31300354003906,280.6089782714844,arabica,16,0,0,723,Petrorhagia,Petrorhagia,arabica,Petrorhagia_arabica_16_0,(Boiss.) Bail et Heywood ,,,,species,,167.99999872843424,1119.1791534423828,284.6375147501628,1169.2040761311848,0.0,1.0
46,50,72.83531951904297,268.6029968261719,99.10596466064453,280.6089782714844,(Boiss.),16,0,1,723,,Petrorhagia,,,,author_16_0,,,,,303.4804979960124,1119.1791534423828,412.94151941935223,1169.2040761311848,0.0,1.0
47,51,103.62796783447266,268.6029968261719,118.49296569824219,280.6089782714844,Bail,16,0,2,723,,Petrorhagia,,,,author_16_0,,,,,431.78319931030273,1119.1791534423828,493.72069040934247,1169.2040761311848,0.0,1.0
48,52,122.26091003417969,268.6029968261719,128.7810516357422,280.6089782714844,et,16,0,3,723,,Petrorhagia,,,,author_16_0,,,,,509.4204584757487,1119.1791534423828,536.5877151489258,1169.2040761311848,0.0,1.0
49,53,132.29852294921875,268.6029968261719,167.9741668701172,280.6089782714844,Heywood,16,0,4,723,,Petrorhagia,,,,author_16_0,,,,,551.2438456217448,1119.1791534423828,699.8923619588217,1169.2040761311848,0.0,1.0
50,54,40.31999969482422,278.2030029296875,65.56501007080078,290.208984375,eretica,16,1,0,723,Petrorhagia,Petrorhagia,eretica,Petrorhagia_eretica_16_1,(L.) Bail et Heywood ,,,,species,,167.99999872843424,1159.179178873698,273.1875419616699,1209.2041015625,0.0,1.0
51,55,69.78636932373047,278.2030029296875,83.44243621826172,290.208984375,(L.),16,1,1,723,,Petrorhagia,,,,author_16_1,,,,,290.77653884887695,1159.179178873698,347.6768175760905,1209.2041015625,0.0,1.0
52,56,87.66343688964844,278.2030029296875,102.52843475341797,290.208984375,Bail,16,1,2,723,,Petrorhagia,,,,author_16_1,,,,,365.26432037353516,1159.179178873698,427.2018114725749,1209.2041015625,0.0,1.0
53,57,106.2528076171875,278.2030029296875,112.78285217285156,290.208984375,et,16,1,3,723,,Petrorhagia,,,,author_16_1,,,,,442.72003173828125,1159.179178873698,469.92855072021484,1209.2041015625,0.0,1.0
54,58,116.01124572753906,278.2030029296875,151.89479064941406,290.208984375,Heywood,16,1,4,723,,Petrorhagia,,,,author_16_1,,,,,483.3801905314128,1159.179178873698,632.8949610392252,1209.2041015625,0.0,1.0
55,59,40.31999969482422,287.5630187988281,70.74665832519531,299.5690002441406,velutina,16,2,0,723,Petrorhagia,Petrorhagia,velutina,Petrorhagia_velutina_16_2,(Guss.) Bail et Heywood ,,,,species,,167.99999872843424,1198.1792449951172,294.77774302164715,1248.2041676839192,0.0,1.0
56,60,75.36896514892578,287.5630187988281,101.38616180419922,299.5690002441406,(Guss.),16,2,1,723,,Petrorhagia,,,,author_16_2,,,,,314.03735478719074,1198.1792449951172,422.4423408508301,1248.2041676839192,0.0,1.0
57,61,106.26516723632812,287.5630187988281,121.13016510009766,299.5690002441406,Bail,16,2,2,723,,Petrorhagia,,,,author_16_2,,,,,442.7715301513672,1198.1792449951172,504.7090212504069,1248.2041676839192,0.0,1.0
58,62,125.49507141113281,287.5630187988281,132.04689025878906,299.5690002441406,et,16,2,3,723,,Petrorhagia,,,,author_16_2,,,,,522.8961308797201,1198.1792449951172,550.1953760782877,1248.2041676839192,0.0,1.0
59,63,135.89898681640625,287.5630187988281,171.5746307373047,299.5690002441406,Heywood,16,2,4,723,,Petrorhagia,,,,author_16_2,,,,,566.2457784016927,1198.1792449951172,714.8942947387695,1248.2041676839192,0.0,1.0
60,64,26.8799991607666,296.9230041503906,75.9325180053711,308.9289855957031,Petroselinum,17,0,0,723,Petroselinum,Petroselinum,,,,,,,genus,,111.99999650319417,1237.179183959961,316.3854916890462,1287.204106648763,0.0,0.0
61,65,40.08000183105469,306.76300048828125,70.39200592041016,318.76898193359375,crispum,18,0,0,723,Petroselinum,Petroselinum,crispum,Petroselinum_crispum_18_0,(Mill.) A.W. Hill ,,,,species,,167.00000762939453,1278.1791687011719,293.30002466837567,1328.2040913899739,0.0,1.0
62,66,75.57069396972656,306.76300048828125,99.8147964477539,318.76898193359375,(Mill.),18,0,1,723,,Petroselinum,,,,author_18_0,,,,,314.87789154052734,1278.1791687011719,415.8949851989746,1328.2040913899739,0.0,1.0
63,67,104.74796295166016,306.76300048828125,124.8370361328125,318.76898193359375,A.W.,18,0,2,723,,Petroselinum,,,,author_18_0,,,,,436.4498456319173,1278.1791687011719,520.1543172200521,1328.2040913899739,0.0,1.0
64,68,129.77020263671875,306.76300048828125,144.41824340820312,318.76898193359375,Hill,18,0,3,723,,Petroselinum,,,,author_18_0,,,,,540.7091776529948,1278.1791687011719,601.7426808675131,1328.2040913899739,0.0,1.0
65,69,39.84000015258789,317.041015625,70.85181427001953,328.0299987792969,hortense,18,1,0,723,Petroselinum,Petroselinum,hortense,Petroselinum_hortense_18_1,Auct. ,,,,species,,166.00000063578287,1321.0042317708333,295.21589279174805,1366.7916615804036,0.0,1.0
66,70,72.35157775878906,316.1230163574219,93.1241683959961,328.1289978027344,Auct.,18,1,1,723,,Petroselinum,,,,author_18_1,,,,,301.4649073282878,1317.179234822591,388.0173683166504,1367.2041575113933,0.0,1.0
67,71,40.08000183105469,326.6410217285156,68.0790023803711,337.6300048828125,sativum,18,2,0,723,Petroselinum,Petroselinum,sativum,Petroselinum_sativum_18_2,Hoffm. ,,,,species,,167.00000762939453,1361.0042572021484,283.6625099182129,1406.7916870117188,0.0,1.0
68,72,71.91734313964844,325.7230224609375,97.837890625,337.72900390625,Hoffm.,18,2,1,723,,Petroselinum,,,,author_18_2,,,,,299.65559641520184,1357.1792602539062,407.6578776041667,1407.2041829427083,0.0,1.0
69,73,26.8799991607666,335.322998046875,75.31476593017578,347.3289794921875,Peucedanum,19,0,0,723,Peucedanum,Peucedanum,,,,,,,genus,,111.99999650319417,1397.1791585286458,313.81152470906574,1447.204081217448,0.0,0.0
70,74,40.31999969482422,344.9230041503906,95.62799835205078,356.9289855957031,depauperatum,20,0,0,723,Peucedanum,Peucedanum,depauperatum,Peucedanum_depauperatum_20_0,Boiss. et Ba ,,,,species,,167.99999872843424,1437.179183959961,398.4499931335449,1487.204106648763,0.0,1.0
71,75,99.57017517089844,344.9230041503906,120.66905212402344,356.9289855957031,Boiss.,20,0,1,723,,Peucedanum,,,,author_20_0,,,,,414.87572987874347,1437.179183959961,502.78771718343097,1487.204106648763,0.0,1.0
72,76,125.30720520019531,344.9230041503906,131.7986297607422,356.9289855957031,et,20,0,2,723,,Peucedanum,,,,author_20_0,,,,,522.1133550008138,1437.179183959961,549.1609573364258,1487.204106648763,0.0,1.0
73,77,135.7407989501953,344.9230041503906,145.69821166992188,356.9289855957031,Ba,20,0,3,723,,Peucedanum,,,,author_20_0,,,,,565.5866622924805,1437.179183959961,607.0758819580078,1487.204106648763,0.0,1.0
74,78,39.84000015258789,355.9210205078125,79.94392395019531,366.9100036621094,haradjianii,20,1,0,723,Peucedanum,Peucedanum,haradjianii,Peucedanum_haradjianii_20_1,Rech. fil. ,,,,species,,166.00000063578287,1483.0042521158855,333.0996831258138,1528.7916819254558,0.0,1.0
75,79,83.15251159667969,355.0030212402344,105.11566162109375,367.0090026855469,Rech.,20,1,1,723,,Peucedanum,,,,author_20_1,,,,,346.4687983194987,1479.1792551676433,437.98192342122394,1529.2041778564453,0.0,1.0
76,80,107.7896499633789,355.0030212402344,118.47274780273438,367.0090026855469,fil.,20,1,2,723,,Peucedanum,,,,author_20_1,,,,,449.1235415140788,1479.1792551676433,493.6364491780599,1529.2041778564453,0.0,1.0
77,81,38.880001068115234,364.6029968261719,72.74400329589844,376.6089782714844,juriceum,20,2,0,723,Peucedanum,Peucedanum,juriceum,Peucedanum_juriceum_20_2,(Boiss.) Moût. ,,,,species,,162.00000445048013,1519.1791534423828,303.10001373291016,1569.2040761311848,0.0,1.0
78,82,78.38204956054688,364.6029968261719,104.6526870727539,376.6089782714844,(Boiss.),20,2,1,723,,Peucedanum,,,,author_20_2,,,,,326.5918731689453,1519.1791534423828,436.0528628031413,1569.2040761311848,0.0,1.0
79,83,110.78031921386719,364.6029968261719,134.0787353515625,376.6089782714844,Moût.,20,2,2,723,,Peucedanum,,,,author_20_2,,,,,461.5846633911133,1519.1791534423828,558.6613972981771,1569.2040761311848,0.0,1.0
80,84,40.08000183105469,375.1210021972656,83.08200073242188,386.1099853515625,libanoticum,20,3,0,723,Peucedanum,Peucedanum,libanoticum,Peucedanum_libanoticum_20_3,Peyron ,,,,species,,167.00000762939453,1563.0041758219402,346.1750030517578,1608.7916056315105,0.0,1.0
81,85,84.58200073242188,374.2030029296875,110.8689956665039,386.208984375,Peyron,20,3,1,723,,Peucedanum,,,,author_20_3,,,,,352.4250030517578,1559.179178873698,461.9541486104329,1609.2041015625,0.0,1.0
82,86,40.08000183105469,383.8030090332031,88.95000457763672,395.8089904785156,mucronatum,20,4,0,723,Peucedanum,Peucedanum,mucronatum,Peucedanum_mucronatum_20_4,Thiéb. ,,,,species,,167.00000762939453,1599.179204305013,370.6250190734863,1649.2041269938152,0.0,1.0
83,87,92.78031921386719,383.8030090332031,117.84910583496094,395.8089904785156,Thiéb.,20,4,1,723,,Peucedanum,,,,author_20_4,,,,,386.5846633911133,1599.179204305013,491.0379409790039,1649.2041269938152,0.0,1.0
84,89,39.84000015258789,393.84100341796875,93.83999633789062,404.8299865722656,spreitzenhoferi,21,0,0,723,Peucedanum,Peucedanum,spreitzenhoferi,Peucedanum_spreitzenhoferi_21_0,Dingier ,,,,species,,166.00000063578287,1641.0041809082031,390.99998474121094,1686.7916107177734,0.0,1.0
85,90,95.33999633789062,392.9230041503906,123.6989974975586,404.9289855957031,Dingier,21,0,1,723,,Peucedanum,,,,author_21_0,,,,,397.24998474121094,1637.179183959961,515.4124895731608,1687.204106648763,0.0,1.0
86,91,26.15999984741211,404.4010314941406,49.154998779296875,415.3900146484375,Phaca,22,0,0,723,Phaca,Phaca,,,,,,,genus,,108.99999936421712,1685.0042978922527,204.81249491373697,1730.791727701823,0.0,0.0
87,92,39.84000015258789,413.5210266113281,66.3134765625,424.510009765625,baetica,23,0,0,723,Phaca,Phaca,baetica,Phaca_baetica_23_0,L. ,,,,species,,166.00000063578287,1723.0042775472004,276.30615234375,1768.7917073567708,0.0,1.0
88,93,67.81320190429688,412.60302734375,75.70149230957031,424.6090087890625,L.,23,0,1,723,,Phaca,,,,author_23_0,,,,,282.5550079345703,1719.1792805989583,315.42288462320965,1769.2042032877605,0.0,1.0
89,94,25.920000076293945,423.3609924316406,75.41999816894531,434.3499755859375,Phellandrium,24,0,0,723,Phellandrium,Phellandrium,,,,,,,genus,,108.00000031789143,1764.004135131836,314.24999237060547,1809.7915649414062,0.0,0.0
90,95,39.599998474121094,432.9610290527344,77.5979995727539,443.95001220703125,aquaticum,25,0,0,723,Phellandrium,Phellandrium,aquaticum,Phellandrium_aquaticum_25_0,L. ,,,,species,,164.99999364217123,1804.0042877197266,323.3249982198079,1849.7917175292969,0.0,1.0
91,96,79.6968002319336,432.04302978515625,87.51284790039062,444.04901123046875,L.,25,0,1,723,,Phellandrium,,,,author_25_0,,,,,332.07000096638996,1800.1792907714844,364.6368662516276,1850.2042134602864,0.0,1.0
92,97,26.15999984741211,441.88299560546875,69.16200256347656,453.88897705078125,Phragmites,26,0,0,723,Phragmites,Phragmites,,,,,,,genus,,108.99999936421712,1841.1791483561199,288.17501068115234,1891.2040710449219,0.0,0.0
93,98,39.599998474121094,451.4830322265625,70.94800567626953,463.489013671875,australia,27,0,0,723,Phragmites,Phragmites,australia,Phragmites_australia_27_0,(Cav.) Trin. ,,,,species,,164.99999364217123,1881.1793009440105,295.61669031778973,1931.2042236328125,0.0,1.0
94,99,76.5850601196289,451.4830322265625,100.04608154296875,463.489013671875,(Cav.),27,0,1,723,,Phragmites,,,,author_27_0,,,,,319.1044171651204,1881.1793009440105,416.8586730957031,1931.2042236328125,0.0,1.0
95,100,105.68313598632812,451.4830322265625,124.9524917602539,463.489013671875,Trin.,27,0,2,723,,Phragmites,,,,author_27_0,,,,,440.3463999430339,1881.1793009440105,520.6353823343912,1931.2042236328125,0.0,1.0
96,101,39.36000061035156,462.0010070800781,75.80209350585938,472.989990234375,commutas,27,1,0,723,Phragmites,Phragmites,commutas,Phragmites_commutas_27_1,Trin. ,,,,species,,164.0000025431315,1925.0041961669922,315.84205627441406,1970.7916259765625,0.0,1.0
97,102,77.30191802978516,461.0830078125,96.93340301513672,473.0889892578125,Trin.,27,1,1,723,,Phragmites,,,,author_27_1,,,,,322.0913251241048,1921.17919921875,403.8891792297363,1971.204121907552,0.0,1.0
98,103,26.15999984741211,470.6830139160156,56.76982116699219,482.6889953613281,Phyllitis,28,0,0,723,Phyllitis,Phyllitis,,,,,,,genus,,108.99999936421712,1961.1792246500652,236.54092152913412,2011.2041473388672,0.0,0.0
99,104,39.36000061035156,481.2010192871094,76.86299896240234,492.19000244140625,hemionitis,29,0,0,723,Phyllitis,Phyllitis,hemionitis,Phyllitis_hemionitis_29_0,(Lag.) O. Kuntze ,,,,species,,164.0000025431315,2005.0042470296223,320.26249567667645,2050.791676839193,0.0,1.0
100,105,79.75874328613281,480.28302001953125,102.3446044921875,492.28900146484375,(Lag.),29,0,1,723,,Phyllitis,,,,author_29_0,,,,,332.3280970255534,2001.1792500813801,426.43585205078125,2051.204172770182,0.0,1.0
101,106,105.60253143310547,480.28302001953125,114.94882202148438,492.28900146484375,O.,29,0,2,723,,Phyllitis,,,,author_29_0,,,,,440.01054763793945,2001.1792500813801,478.95342508951825,2051.204172770182,0.0,1.0
102,107,117.84457397460938,480.28302001953125,145.45767211914062,492.28900146484375,Kuntze,29,0,3,723,,Phyllitis,,,,author_29_0,,,,,491.01905822753906,2001.1792500813801,606.0736338297526,2051.204172770182,0.0,1.0
103,108,39.36000061035156,489.40301513671875,68.71845245361328,501.40899658203125,hybrida,29,1,0,723,Phyllitis,Phyllitis,hybrida,Phyllitis_hybrida_29_1,"(Milde) Christ, ",,,,species,,164.0000025431315,2039.1792297363281,286.3268852233887,2089.2041524251304,0.0,1.0
104,109,74.44345092773438,489.40301513671875,102.9644546508789,501.40899658203125,(Milde),29,1,1,723,,Phyllitis,,,,author_29_1,,,,,310.18104553222656,2039.1792297363281,429.0185610453288,2089.2041524251304,0.0,1.0
105,110,108.94900512695312,489.40301513671875,134.1256866455078,501.40899658203125,"Christ,",29,1,2,723,,Phyllitis,,,,author_29_1,,,,,453.9541880289714,2039.1792297363281,558.8570276896158,2089.2041524251304,0.0,1.0
106,111,38.400001525878906,499.9630126953125,71.23600006103516,511.968994140625,sapttata,29,2,0,723,Phyllitis,Phyllitis,sapttata,Phyllitis_sapttata_29_2,(D.C.) Guinea et Heywood ,,,,species,,160.00000635782877,2083.1792195638022,296.8166669209798,2133.204142252604,0.0,1.0
107,112,76.3070068359375,499.9630126953125,100.24701690673828,511.968994140625,(D.C.),29,2,1,723,,Phyllitis,,,,author_29_2,,,,,317.94586181640625,2083.1792195638022,417.6959037780762,2133.204142252604,0.0,1.0
108,113,105.58509826660156,499.9630126953125,132.65863037109375,511.968994140625,Guinea,29,2,2,723,,Phyllitis,,,,author_29_2,,,,,439.93790944417316,2083.1792195638022,552.7442932128906,2133.204142252604,0.0,1.0
109,114,137.19679260253906,499.9630126953125,143.96343994140625,511.968994140625,et,29,2,3,723,,Phyllitis,,,,author_29_2,,,,,571.6533025105795,2083.1792195638022,599.847666422526,2133.204142252604,0.0,1.0
110,115,147.9669952392578,499.9630126953125,184.052490234375,511.968994140625,Heywood,29,2,4,723,,Phyllitis,,,,author_29_2,,,,,616.5291468302408,2083.1792195638022,766.8853759765625,2133.204142252604,0.0,1.0
111,116,39.36000061035156,509.0830078125,94.59010314941406,521.0889892578125,scolopendrium,29,3,0,723,Phyllitis,Phyllitis,scolopendrium,Phyllitis_scolopendrium_29_3,(L.) Newm. ,,,,species,,164.0000025431315,2121.17919921875,394.1254297892253,2171.2041219075522,0.0,1.0
112,117,100.52021789550781,509.0830078125,114.35448455810547,521.0889892578125,(L.),29,3,1,723,,Phyllitis,,,,author_29_3,,,,,418.83424123128253,2121.17919921875,476.47701899210614,2171.2041219075522,0.0,1.0
113,118,120.02769470214844,509.0830078125,147.2782440185547,521.0889892578125,Newm.,29,3,2,723,,Phyllitis,,,,author_29_3,,,,,500.11539459228516,2121.17919921875,613.6593500773112,2171.2041219075522,0.0,1.0
114,119,25.68000030517578,518.9230346679688,75.7244873046875,530.9290161132812,Physanthyllis,30,0,0,723,Physanthyllis,Physanthyllis,,,,,,,genus,,107.00000127156575,2162.1793111165366,315.51869710286456,2212.2042338053384,0.0,0.0
115,120,39.36000061035156,528.7630004882812,80.40837097167969,540.7689819335938,tetraphylla,31,0,0,723,Physanthyllis,Physanthyllis,tetraphylla,Physanthyllis_tetraphylla_31_0,(L.) Boiss. ,,,,species,,164.0000025431315,2203.179168701172,335.03487904866535,2253.204091389974,0.0,1.0
116,121,85.80783081054688,528.7630004882812,99.4638900756836,540.7689819335938,(L.),31,0,1,723,,Physanthyllis,,,,author_31_0,,,,,357.5326283772786,2203.179168701172,414.4328753153483,2253.204091389974,0.0,1.0
117,122,104.61683654785156,528.7630004882812,125.9137191772461,540.7689819335938,Boiss.,31,0,2,723,,Physanthyllis,,,,author_31_0,,,,,435.90348561604816,2203.179168701172,524.6404965718588,2253.204091389974,0.0,1.0
118,123,25.920000076293945,538.3629760742188,69.38298797607422,550.3689575195312,Physocaulis,32,0,0,723,Physocaulis,Physocaulis,,,,,,,genus,,108.00000031789143,2243.1790669759116,289.0957832336426,2293.2039896647134,0.0,0.0
119,124,39.119998931884766,547.9630126953125,68.81404876708984,559.968994140625,nodosus,33,0,0,723,Physocaulis,Physocaulis,nodosus,Physocaulis_nodosus_33_0,(L.) Tausch ,,,,species,,162.99999554951987,2283.1792195638022,286.7252031962077,2333.204142252604,0.0,1.0
120,125,75.36982727050781,547.9630126953125,89.38229370117188,559.968994140625,(L.),33,0,1,723,,Physocaulis,,,,author_33_0,,,,,314.0409469604492,2283.1792195638022,372.4262237548828,2333.204142252604,0.0,1.0
121,126,95.43416595458984,547.9630126953125,122.93339538574219,559.968994140625,Tausch,33,0,2,723,,Physocaulis,,,,author_33_0,,,,,397.64235814412433,2283.1792195638022,512.2224807739258,2333.204142252604,0.0,1.0
122,127,25.200000762939453,558.7210083007812,79.68600463867188,569.7100219726562,Pkysospermum,34,0,0,723,Pkysospermum,Pkysospermum,,,,,,,genus,,105.00000317891438,2328.0042012532554,332.0250193277995,2373.791758219401,0.0,0.0
123,128,39.119998931884766,568.5609741210938,91.10095977783203,579.5499877929688,aquilegifolium,35,0,0,723,Pkysospermum,Pkysospermum,aquilegifolium,Pkysospermum_aquilegifolium_35_0,(AU.) Koch ,,,,species,,162.99999554951987,2369.0040588378906,379.5873324076335,2414.7916158040366,0.0,1.0
124,129,93.59395599365234,567.6430053710938,113.68994903564453,579.6489868164062,(AU.),35,0,1,723,,Pkysospermum,,,,author_35_0,,,,,389.9748166402181,2365.179189046224,473.70812098185223,2415.204111735026,0.0,1.0
125,130,116.18276977539062,567.6430053710938,136.37283325195312,579.6489868164062,Koch,35,0,2,723,,Pkysospermum,,,,author_35_0,,,,,484.0948740641276,2365.179189046224,568.2201385498047,2415.204111735026,0.0,1.0
126,131,38.880001068115234,578.1609497070312,82.87200164794922,589.1499633789062,cornubiense,35,1,0,723,Pkysospermum,Pkysospermum,cornubiense,Pkysospermum_cornubiense_35_1,(Torn.) Reichb. ,,,,species,,162.00000445048013,2409.0039571126304,345.3000068664551,2454.791514078776,0.0,1.0
127,132,84.73023223876953,577.2429809570312,111.69783782958984,589.2489624023438,(Torn.),35,1,1,723,,Pkysospermum,,,,author_35_1,,,,,353.04263432820636,2405.1790873209634,465.407657623291,2455.2040100097656,0.0,1.0
128,133,113.46672058105469,577.2429809570312,143.43104553222656,589.2489624023438,Reichb.,35,1,2,723,,Pkysospermum,,,,author_35_1,,,,,472.7780024210612,2405.1790873209634,597.6293563842773,2455.2040100097656,0.0,1.0
129,134,25.68000030517578,586.60302734375,66.74700164794922,598.6090087890625,Pimpinella,36,0,0,723,Pimpinella,Pimpinella,,,,,,,genus,,107.00000127156575,2444.1792805989585,278.1125068664551,2494.2042032877603,0.0,0.0
130,135,38.880001068115234,596.4429931640625,87.9651870727539,608.448974609375,anthriscoides,37,0,0,723,Pimpinella,Pimpinella,anthriscoides,Pimpinella_anthriscoides_37_0,Boiss. ,,,,species,,162.00000445048013,2485.1791381835938,366.5216128031413,2535.204060872396,0.0,1.0
131,136,91.5301742553711,596.4429931640625,112.82705688476562,608.448974609375,Boiss.,37,0,1,723,,Pimpinella,,,,author_37_0,,,,,381.3757260640462,2485.1791381835938,470.11273701985675,2535.204060872396,0.0,1.0
132,196,246.24000549316406,47.32299041748047,286.8999938964844,59.32898712158203,corymbosa,40,0,0,723,Pimpinella,Pimpinella,corymbosa,Pimpinella_corymbosa_40_0,Boiss. ,,,,species,,1026.0000228881836,197.17912673950195,1195.4166412353516,247.2041130065918,1.0,2.0
133,197,290.3758850097656,47.32299041748047,311.67279052734375,59.32898712158203,Boiss.,40,0,1,723,,Pimpinella,,,,author_40_0,,,,,1209.8995208740234,197.17912673950195,1298.6366271972656,247.2041130065918,1.0,2.0
134,198,246.47999572753906,55.96300506591797,271.2705993652344,67.96900177001953,eretica,40,1,0,723,Pimpinella,Pimpinella,eretica,Pimpinella_eretica_40_1,Poir. ,,,,species,,1026.9999821980794,233.1791877746582,1130.2941640218098,283.20417404174805,1.0,2.0
135,199,275.6830139160156,55.96300506591797,293.4327392578125,67.96900177001953,Poir.,40,1,1,723,,Pimpinella,,,,author_40_1,,,,,1148.6792246500652,233.1791877746582,1222.6364135742188,283.20417404174805,1.0,2.0
136,200,246.24000549316406,65.56298065185547,281.5394287109375,77.56897735595703,eriocarpa,40,2,0,723,Pimpinella,Pimpinella,eriocarpa,Pimpinella_eriocarpa_40_2,Banks et Sol. ,,,,species,,1026.0000228881836,273.17908604939777,1173.0809529622395,323.2040723164876,1.0,2.0
137,201,285.2449951171875,65.56298065185547,307.8169860839844,77.56897735595703,Banks,40,2,1,723,,Pimpinella,,,,author_40_2,,,,,1188.5208129882812,273.17908604939777,1282.5707753499348,323.2040723164876,1.0,2.0
138,202,312.052001953125,65.56298065185547,318.89202880859375,77.56897735595703,et,40,2,2,723,,Pimpinella,,,,author_40_2,,,,,1300.2166748046875,273.17908604939777,1328.7167867024739,323.2040723164876,1.0,2.0
139,203,322.59783935546875,65.64398193359375,336.8648681640625,78.10897827148438,Sol.,40,2,3,723,,Pimpinella,,,,author_40_2,,,,,1344.1576639811199,273.51659138997394,1403.6036173502605,325.4540761311849,1.0,2.0
140,204,246.0,75.16301727294922,287.66314697265625,87.16901397705078,kotschyana,40,3,0,723,Pimpinella,Pimpinella,kotschyana,Pimpinella_kotschyana_40_3,Boiss. ,,,,species,,1025.0,313.1792386372884,1198.5964457194011,363.20422490437824,1.0,2.0
141,205,291.57659912109375,75.16301727294922,312.8735046386719,87.16901397705078,Boiss.,40,3,1,723,,Pimpinella,,,,author_40_3,,,,,1214.9024963378906,313.1792386372884,1303.6396026611328,363.20422490437824,1.0,2.0
142,206,246.24000549316406,84.76299285888672,272.30670166015625,96.76898956298828,olivieri,40,4,0,723,Pimpinella,Pimpinella,olivieri,Pimpinella_olivieri_40_4,Boiss. ,,,,species,,1026.0000228881836,353.179136912028,1134.6112569173176,403.20412317911786,1.0,2.0
143,207,275.97564697265625,84.76299285888672,297.2725524902344,96.76898956298828,Boiss.,40,4,1,723,,Pimpinella,,,,author_40_4,,,,,1149.8985290527344,353.179136912028,1238.6356353759766,403.20412317911786,1.0,2.0
144,208,246.0,94.12297821044922,281.85382080078125,106.12897491455078,peregrina,40,5,0,723,Pimpinella,Pimpinella,peregrina,Pimpinella_peregrina_40_5,L. ,,,,species,,1025.0,392.17907587687176,1174.3909200032551,442.2040621439616,1.0,2.0
145,209,287.1592102050781,94.12297821044922,295.1128845214844,106.12897491455078,L.,40,5,1,723,,Pimpinella,,,,author_40_5,,,,,1196.4967091878254,392.17907587687176,1229.6370188395183,442.2040621439616,1.0,2.0
146,210,246.24000549316406,103.96300506591797,279.59906005859375,115.96900177001953,puberala,40,6,0,723,Pimpinella,Pimpinella,puberala,Pimpinella_puberala_40_6,D.C. ,,,,species,,1026.0000228881836,433.1791877746582,1164.9960835774739,483.20417404174805,1.0,2.0
147,211,284.7470703125,103.96300506591797,302.79278564453125,115.96900177001953,D.C.,40,6,1,723,,Pimpinella,,,,author_40_6,,,,,1186.4461263020833,433.1791877746582,1261.6366068522136,483.20417404174805,1.0,2.0
148,212,246.24000549316406,113.56298065185547,276.2070007324219,125.56897735595703,tragium,40,7,0,723,Pimpinella,Pimpinella,tragium,Pimpinella_tragium_40_7,Vill. ,,,,species,,1026.0000228881836,473.17908604939777,1150.8625030517578,523.2040723164877,1.0,2.0
149,213,280.01934814453125,113.56298065185547,296.7910461425781,125.56897735595703,Vill.,40,7,1,723,,Pimpinella,,,,author_40_7,,,,,1166.7472839355469,473.17908604939777,1236.629358927409,523.2040723164877,1.0,2.0
150,214,246.0,124.08101654052734,280.7345275878906,135.07000732421875,triradiata,40,8,0,723,Pimpinella,Pimpinella,triradiata,Pimpinella_triradiata_40_8,Boiss. ,,,,species,,1025.0,517.0042355855306,1169.7271982828777,562.7916971842448,1.0,2.0
151,215,282.2346496582031,123.16301727294922,303.57733154296875,135.1690216064453,Boiss.,40,8,1,723,,Pimpinella,,,,author_40_8,,,,,1175.9777069091797,513.1792386372884,1264.9055480957031,563.2042566935221,1.0,2.0
152,216,232.55999755859375,132.7629852294922,251.8360137939453,144.7689971923828,Pirus,41,0,0,723,Pirus,Pirus,,,,,,,genus,,968.999989827474,553.1791051228842,1049.3167241414387,603.2041549682617,1.0,3.0
153,217,246.0,143.28099060058594,276.49200439453125,154.26998901367188,boveana,42,0,0,723,Pirus,Pirus,boveana,Pirus_boveana_42_0,Decne ,,,,species,,1025.0,597.0041275024414,1152.0500183105469,642.7916208902994,1.0,2.0
154,218,277.99200439453125,142.3629913330078,301.9980163574219,154.36900329589844,Decne,42,0,1,723,,Pirus,,,,author_42_0,,,,,1158.3000183105469,593.1791305541992,1258.3250681559246,643.2041803995768,1.0,2.0
155,219,246.24000549316406,152.88099670410156,265.74688720703125,163.8699951171875,bovei,42,1,0,723,Pirus,Pirus,bovei,Pirus_bovei_42_1,Steud. ,,,,species,,1026.0000228881836,637.0041529337565,1107.2786966959636,682.7916463216146,1.0,2.0
156,220,267.2468566894531,151.96299743652344,291.15960693359375,163.96900939941406,Steud.,42,1,1,723,,Pirus,,,,author_42_1,,,,,1113.528569539388,633.1791559855143,1213.1650288899739,683.204205830892,1.0,2.0
157,221,245.75999450683594,162.04298400878906,271.985107421875,174.0489959716797,syriaca,42,2,0,723,Pirus,Pirus,syriaca,Pirus_syriaca_42_2,Boiss. ,,,,species,,1023.9999771118164,675.1791000366211,1133.2712809244792,725.2041498819987,1.0,2.0
158,222,275.4956359863281,162.04298400878906,296.79254150390625,174.0489959716797,Boiss.,42,2,1,723,,Pirus,,,,author_42_2,,,,,1147.8984832763672,675.1791000366211,1236.6355895996094,725.2041498819987,1.0,2.0
159,223,245.0399932861328,172.5609893798828,276.2338562011719,183.54998779296875,trilobata,42,3,0,723,Pirus,Pirus,trilobata,Pirus_trilobata_42_3,(Lab.) D.C. ,,,,species,,1020.9999720255533,719.0041224161783,1150.974400838216,764.7916158040365,1.0,2.0
160,224,280.9809265136719,171.6429901123047,303.75982666015625,183.6490020751953,(Lab.),42,3,1,723,,Pirus,,,,author_42_3,,,,,1170.7538604736328,715.1791254679362,1265.6659444173176,765.2041753133138,1.0,2.0
161,225,308.50689697265625,171.6429901123047,326.5526123046875,183.6490020751953,D.C.,42,3,2,723,,Pirus,,,,author_42_3,,,,,1285.4454040527344,715.1791254679362,1360.6358846028645,765.2041753133138,1.0,2.0
162,226,232.55999755859375,181.0030059814453,260.98590087890625,193.00901794433594,Pistacia,43,0,0,723,Pistacia,Pistacia,,,,,,,genus,,968.999989827474,754.1791915893555,1087.4412536621094,804.204241434733,1.0,3.0
163,227,245.52000427246094,191.76100158691406,278.3884582519531,202.75,atlantica,44,0,0,723,Pistacia,Pistacia,atlantica,Pistacia_atlantica_44_0,Desf. ,,,,species,,1023.0000178019205,799.0041732788086,1159.951909383138,844.7916666666666,1.0,2.0
164,228,279.888916015625,190.84300231933594,298.1676330566406,202.84901428222656,Desf.,44,0,1,723,,Pistacia,,,,author_44_0,,,,,1166.2038167317708,795.1791763305664,1242.3651377360027,845.204226175944,1.0,2.0
165,229,245.75999450683594,200.44300842285156,273.4938659667969,212.4490203857422,khinjuk,44,1,0,723,Pistacia,Pistacia,khinjuk,Pistacia_khinjuk_44_1,Stokes ,,,,species,,1023.9999771118164,835.1792017618815,1139.5577748616536,885.2042516072592,1.0,2.0
166,230,278.8467712402344,200.44300842285156,302.47113037109375,212.4490203857422,Stokes,44,1,1,723,,Pistacia,,,,author_44_1,,,,,1161.8615468343098,835.1792017618815,1260.2963765462239,885.2042516072592,1.0,2.0
167,231,245.52000427246094,210.04298400878906,277.3545227050781,222.0489959716797,lentiscus,44,2,0,723,Pistacia,Pistacia,lentiscus,Pistacia_lentiscus_44_2,L. ,,,,species,,1023.0000178019205,875.1791000366211,1155.6438446044922,925.2041498819987,1.0,2.0
168,232,281.6778259277344,210.04298400878906,289.5938720703125,222.0489959716797,L.,44,2,1,723,,Pistacia,,,,author_44_2,,,,,1173.6576080322266,875.1791000366211,1206.641133626302,925.2041498819987,1.0,2.0
169,233,245.52000427246094,219.6429901123047,271.1590576171875,231.6490020751953,mutica,44,3,0,723,Pistacia,Pistacia,mutica,Pistacia_mutica_44_3,Fisch et Mey. ,,,,species,,1023.0000178019205,915.1791254679362,1129.8294067382812,965.2041753133138,1.0,2.0
170,234,275.90216064453125,219.6429901123047,295.3923034667969,231.6490020751953,Fisch,44,3,1,723,,Pistacia,,,,author_44_3,,,,,1149.5923360188801,915.1791254679362,1230.801264444987,965.2041753133138,1.0,2.0
171,235,299.8722839355469,219.6429901123047,306.4722900390625,231.6490020751953,et,44,3,2,723,,Pistacia,,,,author_44_3,,,,,1249.4678497314453,915.1791254679362,1276.9678751627605,965.2041753133138,1.0,2.0
172,236,311.21539306640625,219.6429901123047,330.6332702636719,231.6490020751953,Mey.,44,3,3,723,,Pistacia,,,,author_44_3,,,,,1296.7308044433594,915.1791254679362,1377.6386260986328,965.2041753133138,1.0,2.0
173,237,245.27999877929688,229.2429962158203,283.0762939453125,241.24900817871094,palaestina,44,4,0,723,Pistacia,Pistacia,palaestina,Pistacia_palaestina_44_4,Boiss. ,,,,species,,1021.9999949137369,955.1791508992513,1179.4845581054688,1005.2042007446289,1.0,2.0
174,238,287.7362060546875,229.2429962158203,309.0331115722656,241.24900817871094,Boiss.,44,4,1,723,,Pistacia,,,,author_44_4,,,,,1198.900858561198,955.1791508992513,1287.6379648844402,1005.2042007446289,1.0,2.0
175,239,245.27999877929688,238.84300231933594,282.8623962402344,250.84901428222656,palaestina,44,5,0,723,Pistacia,Pistacia,palaestina,Pistacia_palaestina_44_5,X lentiscus ,,,,species,,1021.9999949137369,995.1791763305664,1178.5933176676433,1045.204226175944,1.0,2.0
176,240,288.9954528808594,238.84300231933594,295.428466796875,250.84901428222656,X,44,5,1,723,,Pistacia,,,,author_44_5,,,,,1204.147720336914,995.1791763305664,1230.9519449869792,1045.204226175944,1.0,2.0
177,241,302.05157470703125,238.84300231933594,333.6722412109375,250.84901428222656,lentiscus,44,5,2,723,,Pistacia,,,,author_44_5,,,,,1258.5482279459636,995.1791763305664,1390.301005045573,1045.204226175944,1.0,2.0
178,242,245.75999450683594,249.3610076904297,286.2256164550781,260.3500061035156,terebinthus,44,6,0,723,Pistacia,Pistacia,terebinthus,Pistacia_terebinthus_44_6,L. ,,,,species,,1023.9999771118164,1039.0041987101238,1192.6067352294922,1084.7916920979817,1.0,2.0
179,243,287.725341796875,248.44300842285156,295.6136169433594,260.4490051269531,L.,44,6,1,723,,Pistacia,,,,author_44_6,,,,,1198.8555908203125,1035.1792017618816,1231.723403930664,1085.2041880289714,1.0,2.0
180,244,245.52000427246094,258.96099853515625,261.51300048828125,269.9499816894531,vera,44,7,0,723,Pistacia,Pistacia,vera,Pistacia_vera_44_7,L. ,,,,species,,1023.0000178019205,1079.0041605631511,1089.6375020345051,1124.7915903727214,1.0,2.0
181,245,263.04498291015625,258.0429992675781,270.8789978027344,270.0489807128906,L.,44,7,1,723,,Pistacia,,,,author_44_7,,,,,1096.0207621256511,1075.179163614909,1128.6624908447266,1125.204086303711,1.0,2.0
182,246,232.32000732421875,268.6029968261719,255.29701232910156,280.6089782714844,Pisum,45,0,0,723,Pisum,Pisum,,,,,,,genus,,968.0000305175781,1119.1791534423828,1063.7375513712566,1169.2040761311848,1.0,3.0
183,247,245.75999450683594,278.2030029296875,273.6958312988281,290.208984375,arvense,46,0,0,723,Pisum,Pisum,arvense,Pisum_arvense_46_0,L. ,,,,species,,1023.9999771118164,1159.179178873698,1140.3992970784504,1209.2041015625,1.0,2.0
184,248,278.5953369140625,278.2030029296875,286.4717712402344,290.208984375,L.,46,0,1,723,,Pisum,,,,author_46_0,,,,,1160.8139038085938,1159.179178873698,1193.6323801676433,1209.2041015625,1.0,2.0
185,249,245.75999450683594,287.322998046875,270.1650390625,299.3289794921875,elâtius,46,1,0,723,Pisum,Pisum,elâtius,Pisum_elâtius_46_1,Bieb. ,,,,species,,1023.9999771118164,1197.1791585286458,1125.6876627604167,1247.204081217448,1.0,2.0
186,250,273.29046630859375,287.322998046875,292.7132873535156,299.3289794921875,Bieb.,46,1,1,723,,Pisum,,,,author_46_1,,,,,1138.7102762858074,1197.1791585286458,1219.6386973063152,1247.204081217448,1.0,2.0
187,251,245.75999450683594,296.9230041503906,282.8780212402344,308.9289855957031,formosum,46,2,0,723,Pisum,Pisum,formosum,Pisum_formosum_46_2,Stev. ,,,,species,,1023.9999771118164,1237.179183959961,1178.6584218343098,1287.204106648763,1.0,2.0
188,252,288.464599609375,296.9230041503906,307.1122741699219,308.9289855957031,Stev.,46,2,1,723,,Pisum,,,,author_46_2,,,,,1201.9358317057292,1237.179183959961,1279.6344757080078,1287.204106648763,1.0,2.0
189,253,245.27999877929688,306.0429992675781,271.2388000488281,318.0489807128906,fulvum,46,3,0,723,Pisum,Pisum,fulvum,Pisum_fulvum_46_3,Sibth. er Smith ,,,,species,,1021.9999949137369,1275.179163614909,1130.1616668701172,1325.204086303711,1.0,2.0
190,254,275.48095703125,306.0429992675781,297.78369140625,318.0489807128906,Sibth.,46,3,1,723,,Pisum,,,,author_46_3,,,,,1147.8373209635417,1275.179163614909,1240.765380859375,1325.204086303711,1.0,2.0
191,255,302.5921325683594,306.0429992675781,309.7340087890625,318.0489807128906,er,46,3,2,723,,Pisum,,,,author_46_3,,,,,1260.800552368164,1275.179163614909,1290.558369954427,1325.204086303711,1.0,2.0
192,256,313.6930236816406,306.0429992675781,336.05316162109375,318.0489807128906,Smith,46,3,3,723,,Pisum,,,,author_46_3,,,,,1307.0542653401692,1275.179163614909,1400.2215067545574,1325.204086303711,1.0,2.0
193,257,245.27999877929688,316.1230163574219,271.4031677246094,328.1289978027344,humile,46,4,0,723,Pisum,Pisum,humile,Pisum_humile_46_4,Boiss. et Noë ,,,,species,,1021.9999949137369,1317.179234822591,1130.8465321858723,1367.2041575113933,1.0,2.0
194,258,274.7394714355469,316.1230163574219,296.036376953125,328.1289978027344,Boiss.,46,4,1,723,,Pisum,,,,author_46_4,,,,,1144.747797648112,1317.179234822591,1233.4849039713542,1367.2041575113933,1.0,2.0
195,259,300.08648681640625,316.1230163574219,306.62744140625,328.1289978027344,et,46,4,2,723,,Pisum,,,,author_46_4,,,,,1250.3603617350261,1317.179234822591,1277.6143391927083,1367.2041575113933,1.0,2.0
196,260,310.20135498046875,316.1230163574219,325.459228515625,328.1289978027344,Noë,46,4,3,723,,Pisum,,,,author_46_4,,,,,1292.5056457519531,1317.179234822591,1356.0801188151042,1367.2041575113933,1.0,2.0
197,261,245.27999877929688,326.1610107421875,272.9989929199219,337.1499938964844,sativum,46,5,0,723,Pisum,Pisum,sativum,Pisum_sativum_46_5,L. ,,,,species,,1021.9999949137369,1359.0042114257812,1137.4958038330078,1404.7916412353516,1.0,2.0
198,262,275.05718994140625,325.2430114746094,282.8732604980469,337.2489929199219,L.,46,5,1,723,,Pisum,,,,author_46_5,,,,,1146.0716247558594,1355.179214477539,1178.6385854085286,1405.204137166341,1.0,2.0
199,263,232.0800018310547,335.0830078125,300.822998046875,347.0889892578125,PLATANACEAE,47,0,0,723,,,,,,,,,,,967.0000076293945,1396.17919921875,1253.4291585286458,1446.204121907552,1.0,3.0
200,264,232.32000732421875,344.9230041503906,264.7600402832031,356.9289855957031,Platanus,47,1,0,723,Platanus,Platanus,,,,,,,genus,,968.0000305175781,1437.179183959961,1103.1668345133464,1487.204106648763,1.0,3.0
201,265,245.27999877929688,355.9210205078125,280.28106689453125,366.9100036621094,acerifolia,48,0,0,723,Platanus,Platanus,acerifolia,Platanus_acerifolia_48_0,(Aiton) Willd. ,,,,species,,1021.9999949137369,1483.0042521158855,1167.8377787272136,1528.7916819254558,1.0,2.0
202,266,283.1976013183594,355.0030212402344,310.0701599121094,367.0090026855469,(Aiton),48,0,1,723,,Platanus,,,,author_48_0,,,,,1179.990005493164,1479.1792551676433,1291.958999633789,1529.2041778564453,1.0,2.0
203,267,312.71063232421875,355.0030212402344,336.6391906738281,367.0090026855469,Willd.,48,0,2,723,,Platanus,,,,author_48_0,,,,,1302.9609680175781,1479.1792551676433,1402.663294474284,1529.2041778564453,1.0,2.0
204,268,245.27999877929688,365.52099609375,273.79278564453125,376.5099792480469,cuneata,48,1,0,723,Platanus,Platanus,cuneata,Platanus_cuneata_48_1,Willd. ,,,,species,,1021.9999949137369,1523.004150390625,1140.8032735188801,1568.7915802001953,1.0,2.0
205,269,275.29278564453125,364.6029968261719,299.0054626464844,376.6089782714844,Willd.,48,1,1,723,,Platanus,,,,author_48_1,,,,,1147.0532735188801,1519.1791534423828,1245.8560943603516,1569.2040761311848,1.0,2.0
206,270,245.0399932861328,375.1210021972656,273.0390319824219,386.1099853515625,hybrida,48,2,0,723,Platanus,Platanus,hybrida,Platanus_hybrida_48_2,Brot. ,,,,species,,1020.9999720255533,1563.0041758219402,1137.662633260091,1608.7916056315105,1.0,2.0
207,271,274.53887939453125,374.2030029296875,293.4774475097656,386.208984375,Brot.,48,2,1,723,,Platanus,,,,author_48_2,,,,,1143.9119974772136,1559.179178873698,1222.8226979573567,1609.2041015625,1.0,2.0
208,272,245.52000427246094,383.8030090332031,279.9125671386719,395.8089904785156,orientalis,48,3,0,723,Platanus,Platanus,orientalis,Platanus_orientalis_48_3,L. ,,,,species,,1023.0000178019205,1599.179204305013,1166.3023630777996,1649.2041269938152,1.0,2.0
209,273,284.8279113769531,383.8030090332031,292.7122802734375,395.8089904785156,L.,48,3,1,723,,Platanus,,,,author_48_3,,,,,1186.782964070638,1599.179204305013,1219.634501139323,1649.2041269938152,1.0,2.0
210,274,232.0800018310547,392.6830139160156,264.2698974609375,404.6889953613281,Polygala,49,0,0,723,Polygala,Polygala,,,,,,,genus,,967.0000076293945,1636.1792246500652,1101.1245727539062,1686.2041473388672,1.0,3.0
211,275,245.27999877929688,403.4830322265625,279.4964294433594,415.489013671875,anatolica,50,0,0,723,Polygala,Polygala,anatolica,Polygala_anatolica_50_0,Boiss. et Heldr. ,,,,species,,1021.9999949137369,1681.1793009440105,1164.5684560139973,1731.2042236328125,1.0,2.0
212,276,283.77423095703125,403.4830322265625,305.0711364746094,415.489013671875,Boiss.,50,0,1,723,,Polygala,,,,author_50_0,,,,,1182.3926289876301,1681.1793009440105,1271.1297353108723,1731.2042236328125,1.0,2.0
213,277,309.8518371582031,403.4830322265625,316.48187255859375,415.489013671875,et,50,0,2,723,,Polygala,,,,author_50_0,,,,,1291.049321492513,1681.1793009440105,1318.6744689941406,1731.2042236328125,1.0,2.0
214,278,320.5074462890625,403.4830322265625,345.0400390625,415.489013671875,Heldr.,50,0,3,723,,Polygala,,,,author_50_0,,,,,1335.4476928710938,1681.1793009440105,1437.6668294270833,1731.2042236328125,1.0,2.0
215,279,245.27999877929688,412.1230163574219,291.930908203125,424.1289978027344,monspeliaca,50,1,0,723,Polygala,Polygala,monspeliaca,Polygala_monspeliaca_50_1,L. ,,,,species,,1021.9999949137369,1717.179234822591,1216.3787841796875,1767.2041575113933,1.0,2.0
216,280,295.61370849609375,412.1230163574219,303.5119323730469,424.1289978027344,L.,50,1,1,723,,Polygala,,,,author_50_1,,,,,1231.7237854003906,1717.179234822591,1264.633051554362,1767.2041575113933,1.0,2.0
217,281,245.27999877929688,422.2030029296875,269.7419128417969,434.208984375,supina,50,2,0,723,Polygala,Polygala,supina,Polygala_supina_50_2,Schreb. ,,,,species,,1021.9999949137369,1759.179178873698,1123.9246368408203,1809.2041015625,1.0,2.0
218,282,274.2662048339844,422.2030029296875,302.7930908203125,434.208984375,Schreb.,50,2,1,723,,Polygala,,,,author_50_2,,,,,1142.7758534749348,1759.179178873698,1261.6378784179688,1809.2041015625,1.0,2.0
219,283,231.83999633789062,431.8030090332031,274.9000244140625,443.8089904785156,Polygonum,51,0,0,723,Polygonum,Polygonum,,,,,,,genus,,965.9999847412109,1799.179204305013,1145.416768391927,1849.2041269938152,1.0,3.0
220,284,245.27999877929688,441.88299560546875,287.736083984375,453.88897705078125,arenastrum,52,0,0,723,Polygonum,Polygonum,arenastrum,Polygonum_arenastrum_52_0,Boreau ,,,,species,,1021.9999949137369,1841.1791483561199,1198.9003499348958,1891.2040710449219,1.0,2.0
221,285,292.97418212890625,441.88299560546875,319.4487609863281,453.88897705078125,Boreau,52,0,1,723,,Polygonum,,,,author_52_0,,,,,1220.7257588704426,1841.1791483561199,1331.0365041097004,1891.2040710449219,1.0,2.0
222,286,245.0399932861328,451.4830322265625,279.8729553222656,463.489013671875,aviculare,52,1,0,723,Polygonum,Polygonum,aviculare,Polygonum_aviculare_52_1,L. ,,,,species,,1020.9999720255533,1881.1793009440105,1166.1373138427734,1931.2042236328125,1.0,2.0
223,287,283.82305908203125,451.4830322265625,291.7529602050781,463.489013671875,L.,52,1,1,723,,Polygonum,,,,author_52_1,,,,,1182.5960795084636,1881.1793009440105,1215.6373341878254,1931.2042236328125,1.0,2.0
224,288,231.83999633789062,461.0830078125,277.0849304199219,473.0889892578125,Polypodium,53,0,0,723,Polypodium,Polypodium,,,,,,,genus,,965.9999847412109,1921.17919921875,1154.520543416341,1971.204121907552,1.0,3.0
225,289,245.0399932861328,470.6830139160156,274.5103454589844,482.6889953613281,australe,54,0,0,723,Polypodium,Polypodium,australe,Polypodium_australe_54_0,Fée ,,,,species,,1020.9999720255533,1961.1792246500652,1143.7931060791016,2011.2041473388672,1.0,2.0
226,290,280.1256408691406,470.6830139160156,293.2986145019531,482.6889953613281,Fée,54,0,1,723,,Polypodium,,,,author_54_0,,,,,1167.190170288086,1961.1792246500652,1222.0775604248047,2011.2041473388672,1.0,2.0
227,291,245.0399932861328,481.2010192871094,272.2600402832031,492.19000244140625,vulgare,54,1,0,723,Polypodium,Polypodium,vulgare,Polypodium_vulgare_54_1,L. ,,,,species,,1020.9999720255533,2005.0042470296223,1134.4168345133464,2050.791676839193,1.0,2.0
228,292,274.81719970703125,480.28302001953125,282.6332702636719,492.28900146484375,L.,54,1,1,723,,Polypodium,,,,author_54_1,,,,,1145.0716654459636,2001.1792500813801,1177.6386260986328,2051.204172770182,1.0,2.0
229,293,231.60000610351562,490.1230163574219,271.411865234375,502.1289978027344,Polypogon,55,0,0,723,Polypogon,Polypogon,,,,,,,genus,,965.0000254313151,2042.179234822591,1130.8827718098958,2092.204157511393,1.0,3.0
230,294,244.8000030517578,499.9630126953125,305.57318115234375,511.968994140625,semiyerticillatus,56,0,0,723,Polypogon,Polypogon,semiyerticillatus,Polypogon_semiyerticillatus_56_0,(Forssk.) Hyl. ,,,,species,,1020.0000127156576,2083.1792195638022,1273.2215881347656,2133.204142252604,1.0,2.0
231,295,310.7508850097656,499.9630126953125,342.715087890625,511.968994140625,(Forssk.),56,0,1,723,,Polypogon,,,,author_56_0,,,,,1294.7953542073567,2083.1792195638022,1427.9795328776042,2133.204142252604,1.0,2.0
232,296,347.6336364746094,499.9630126953125,364.23040771484375,511.968994140625,Hyl.,56,0,2,723,,Polypogon,,,,author_56_0,,,,,1448.4734853108723,2083.1792195638022,1517.6266988118489,2133.204142252604,1.0,2.0
233,297,231.36000061035156,509.0830078125,277.8289794921875,521.0889892578125,Polystichum,57,0,0,723,Polystichum,Polystichum,,,,,,,genus,,964.0000025431315,2121.17919921875,1157.6207478841145,2171.2041219075522,1.0,3.0
234,298,244.8000030517578,518.6830444335938,283.7565002441406,530.6890258789062,aculeatum,58,0,0,723,Polystichum,Polystichum,aculeatum,Polystichum_aculeatum_58_0,(L.) Roth ,,,,species,,1020.0000127156576,2161.1793518066406,1182.3187510172527,2211.204274495443,1.0,2.0
235,299,288.618408203125,518.6830444335938,302.45269775390625,530.6890258789062,(L.),58,0,1,723,,Polystichum,,,,author_58_0,,,,,1202.5767008463542,2161.1793518066406,1260.2195739746094,2211.204274495443,1.0,2.0
236,300,307.5858459472656,518.6830444335938,326.21368408203125,530.6890258789062,Roth,58,0,2,723,,Polystichum,,,,author_58_0,,,,,1281.6076914469402,2161.1793518066406,1359.2236836751301,2211.204274495443,1.0,2.0
237,301,244.55999755859375,528.7630004882812,278.9690246582031,540.7689819335938,setiferum,58,1,0,723,Polystichum,Polystichum,setiferum,Polystichum_setiferum_58_1,(Forssk.) Woynar ,,,,species,,1018.999989827474,2203.179168701172,1162.3709360758464,2253.204091389974,1.0,2.0
238,302,284.63677978515625,528.7630004882812,316.3871154785156,540.7689819335938,(Forssk.),58,1,1,723,,Polystichum,,,,author_58_1,,,,,1185.9865824381511,2203.179168701172,1318.2796478271484,2253.204091389974,1.0,2.0
239,303,321.78558349609375,528.7630004882812,352.2666931152344,540.7689819335938,Woynar,58,1,2,723,,Polystichum,,,,author_58_1,,,,,1340.7732645670574,2203.179168701172,1467.7778879801433,2253.204091389974,1.0,2.0
240,304,231.36000061035156,538.60302734375,267.2940368652344,550.6090087890625,Potentilla,59,0,0,723,Potentilla,Potentilla,,,,,,,genus,,964.0000025431315,2244.1792805989585,1113.7251536051433,2294.2042032877603,1.0,3.0
241,305,244.55999755859375,547.9630126953125,275.7311706542969,559.968994140625,anserina,60,0,0,723,Potentilla,Potentilla,anserina,Potentilla_anserina_60_0,L. ,,,,species,,1018.999989827474,2283.1792195638022,1148.879877726237,2333.204142252604,1.0,2.0
242,306,280.9514465332031,547.9630126953125,288.8734436035156,559.968994140625,L.,60,0,1,723,,Potentilla,,,,author_60_0,,,,,1170.6310272216797,2283.1792195638022,1203.6393483479817,2333.204142252604,1.0,2.0
243,307,244.55999755859375,558.7210083007812,286.0590515136719,569.7100219726562,babiskensis,60,1,0,723,Potentilla,Potentilla,babiskensis,Potentilla_babiskensis_60_1,Post et Beauv. ,,,,species,,1018.999989827474,2328.0042012532554,1191.9127146402996,2373.791758219401,1.0,2.0
244,308,288.1905517578125,557.8030395507812,303.777099609375,569.8090209960938,Post,60,1,1,723,,Potentilla,,,,author_60_1,,,,,1200.793965657552,2324.1793314615884,1265.7379150390625,2374.2042541503906,1.0,2.0
245,309,306.06005859375,557.8030395507812,312.5762634277344,569.8090209960938,et,60,1,2,723,,Potentilla,,,,author_60_1,,,,,1275.250244140625,2324.1793314615884,1302.4010976155598,2374.2042541503906,1.0,2.0
246,310,314.7077331542969,557.8030395507812,340.47247314453125,569.8090209960938,Beauv.,60,1,3,723,,Potentilla,,,,author_60_1,,,,,1311.282221476237,2324.1793314615884,1418.6353047688801,2374.2042541503906,1.0,2.0
247,311,244.55999755859375,567.6430053710938,287.02105712890625,579.6489868164062,geranioides,60,2,0,723,Potentilla,Potentilla,geranioides,Potentilla_geranioides_60_2,Willd. ,,,,species,,1018.999989827474,2365.179189046224,1195.9210713704426,2415.204111735026,1.0,2.0
248,312,291.17706298828125,567.6430053710938,315.0330810546875,579.6489868164062,Willd.,60,2,1,723,,Potentilla,,,,author_60_2,,,,,1213.2377624511719,2365.179189046224,1312.6378377278645,2415.204111735026,1.0,2.0
249,313,244.55999755859375,577.2429809570312,262.28594970703125,589.2489624023438,hirta,60,3,0,723,Potentilla,Potentilla,hirta,Potentilla_hirta_60_3,L. ,,,,species,,1018.999989827474,2405.1790873209634,1092.8581237792969,2455.2040100097656,1.0,2.0
250,314,266.96173095703125,577.2429809570312,274.9520263671875,589.2489624023438,L.,60,3,1,723,,Potentilla,,,,author_60_3,,,,,1112.3405456542969,2405.1790873209634,1145.6334431966145,2455.2040100097656,1.0,2.0
251,315,244.8000030517578,586.363037109375,286.463134765625,598.3690185546875,kotschyana,60,4,0,723,Potentilla,Potentilla,kotschyana,Potentilla_kotschyana_60_4,Fenzl ,,,,species,,1020.0000127156576,2443.1793212890625,1193.5963948567708,2493.2042439778647,1.0,2.0
252,316,291.7309265136719,586.363037109375,312.1784362792969,598.3690185546875,Fenzl,60,4,1,723,,Potentilla,,,,author_60_4,,,,,1215.5455271402996,2443.1793212890625,1300.7434844970703,2493.2042439778647,1.0,2.0
253,317,244.8000030517578,596.4429931640625,281.9012451171875,608.448974609375,libanotica,60,5,0,723,Potentilla,Potentilla,libanotica,Potentilla_libanotica_60_5,Boiss. ,,,,species,,1020.0000127156576,2485.1791381835938,1174.5885213216145,2535.204060872396,1.0,2.0
254,318,286.5364074707031,596.4429931640625,307.83331298828125,608.448974609375,Boiss.,60,5,1,723,,Potentilla,,,,author_60_5,,,,,1193.9016977945964,2485.1791381835938,1282.6388041178386,2535.204060872396,1.0,2.0
0,3,43.439998626708984,42.19888687133789,81.8973617553711,53.804683685302734,micrantha,1,0,0,724,Potentilla,Potentilla,micrantha,Potentilla_micrantha_1_0,Ramond ,,,,species,,180.9999942779541,175.8286952972412,341.2390073140462,224.18618202209473,0.0,0.0
1,4,87.33779907226562,42.19888687133789,120.00141906738281,53.804683685302734,Ramond,1,0,1,724,,Potentilla,,,,author_1_0,,,,,363.9074961344401,175.8286952972412,500.0059127807617,224.18618202209473,0.0,0.0
2,6,42.0,52.92631149291992,66.155029296875,63.54901123046875,pedata,2,0,0,724,Potentilla,Potentilla,pedata,Potentilla_pedata_2_0,Willd. ,,,,species,,175.0,220.52629788716635,275.6459554036458,264.7875467936198,0.0,0.0
3,7,67.63402557373047,52.03891372680664,91.19969177246094,63.644710540771484,Willd.,2,0,1,724,,Potentilla,,,,author_2_0,,,,,281.80843989054364,216.82880719502768,379.9987157185872,265.18629391988117,0.0,0.0
4,9,43.20000076293945,61.63888931274414,70.85994720458984,73.24468994140625,reptans,3,0,0,724,Potentilla,Potentilla,reptans,Potentilla_reptans_3_0,L. ,,,,species,,180.0000031789144,256.82870546976727,295.24978001912433,305.1862080891927,0.0,0.0
5,10,74.53704833984375,61.63888931274414,82.56005859375,73.24468994140625,L.,3,0,1,724,,Potentilla,,,,author_3_0,,,,,310.57103474934894,256.82870546976727,344.000244140625,305.1862080891927,0.0,0.0
6,12,43.20000076293945,71.23892211914062,73.27224731445312,82.8447265625,speciosa,4,0,0,724,Potentilla,Potentilla,speciosa,Potentilla_speciosa_4_0,Willd. ,,,,species,,180.0000031789144,296.82884216308594,305.301030476888,345.1863606770833,0.0,0.0
7,13,77.71332550048828,71.23892211914062,101.27899169921875,82.8447265625,Willd.,4,0,1,724,,Potentilla,,,,author_4_0,,,,,323.8055229187012,296.82884216308594,421.9957987467448,345.1863606770833,0.0,0.0
8,15,42.959999084472656,80.83889770507812,67.32341766357422,92.4447021484375,supina,5,0,0,724,Potentilla,Potentilla,supina,Potentilla_supina_5_0,L. ,,,,species,,178.99999618530273,336.8287404378255,280.5142402648926,385.18625895182294,0.0,0.0
9,16,71.72064208984375,80.83889770507812,79.67939758300781,92.4447021484375,L.,5,0,1,724,,Potentilla,,,,author_5_0,,,,,298.8360087076823,336.8287404378255,331.9974899291992,385.18625895182294,0.0,0.0
10,18,29.520000457763672,90.43887329101562,64.56463623046875,102.044677734375,Poterium,6,0,0,724,Poterium,Poterium,,,,,,,genus,,123.00000190734863,376.8286387125651,269.0193176269531,425.1861572265625,0.0,1.0
11,20,42.959999084472656,100.03890991210938,87.560791015625,111.64471435546875,compactum,7,0,0,724,Poterium,Poterium,compactum,Poterium_compactum_7_0,Boiss. ,,,,species,,178.99999618530273,416.82879130045575,364.8366292317708,465.1863098144531,0.0,0.0
12,21,91.5887680053711,100.03890991210938,112.79977416992188,111.64471435546875,Boiss.,7,0,1,724,,Poterium,,,,author_7_0,,,,,381.6198666890462,416.82879130045575,469.9990590413411,465.1863098144531,0.0,0.0
13,24,42.720001220703125,109.63888549804688,84.12517547607422,121.24468994140625,gaillardotii,8,0,0,724,Poterium,Poterium,gaillardotii,Poterium_gaillardotii_8_0,Boiss. ,,,,species,,178.00000508626303,456.8286895751953,350.5215644836426,505.1862080891927,0.0,0.0
14,25,88.50505828857422,109.63888549804688,109.9200668334961,121.24468994140625,Boiss.,8,0,1,724,,Poterium,,,,author_8_0,,,,,368.7710762023926,456.8286895751953,458.0002784729004,505.1862080891927,0.0,0.0
15,27,42.959999084472656,119.2388916015625,88.61071014404297,130.84469604492188,lasiocarpum,9,0,0,724,Poterium,Poterium,lasiocarpum,Poterium_lasiocarpum_9_0,Boiss. et Hausskn. ,,,,species,,178.99999618530273,496.82871500651044,369.2112922668457,545.1862335205078,0.0,0.0
16,28,92.494873046875,119.2388916015625,113.90988159179688,130.84469604492188,Boiss.,9,0,1,724,,Poterium,,,,author_9_0,,,,,385.3953043619792,496.82871500651044,474.624506632487,545.1862335205078,0.0,0.0
17,29,118.52334594726562,119.2388916015625,125.05481719970703,130.84469604492188,et,9,0,2,724,,Poterium,,,,author_9_0,,,,,493.84727478027344,496.82871500651044,521.0617383321127,545.1862335205078,0.0,0.0
18,30,129.18173217773438,119.2388916015625,163.48313903808594,130.84469604492188,Hausskn.,9,0,3,724,,Poterium,,,,author_9_0,,,,,538.2572174072266,496.82871500651044,681.1797459920248,545.1862335205078,0.0,0.0
19,33,42.959999084472656,129.72630310058594,81.957275390625,140.3489990234375,muricatum,10,0,0,724,Poterium,Poterium,muricatum,Poterium_muricatum_10_0,Spach ,,,,species,,178.99999618530273,540.526262919108,341.4886474609375,584.7874959309896,0.0,0.0
20,34,84.5348129272461,128.83889770507812,107.27959442138672,140.4447021484375,Spach,10,0,1,724,,Poterium,,,,author_10_0,,,,,352.2283871968587,536.8287404378256,446.9983100891113,585.1862589518229,0.0,0.0
21,36,42.720001220703125,138.43890380859375,88.08094024658203,150.04470825195312,polygamum,11,0,0,724,Poterium,Poterium,polygamum,Poterium_polygamum_11_0,Waldst. et Kit. ,,,,species,,178.00000508626303,576.8287658691406,367.0039176940918,625.1862843831381,0.0,0.0
22,37,91.79476165771484,138.43890380859375,120.76898956298828,150.04470825195312,Waldst.,11,0,1,724,,Poterium,,,,author_11_0,,,,,382.47817357381183,576.8287658691406,503.20412317911786,625.1862843831381,0.0,0.0
23,38,125.47425079345703,138.43890380859375,132.11790466308594,150.04470825195312,et,11,0,2,724,,Poterium,,,,author_11_0,,,,,522.8093783060709,576.8287658691406,550.4912694295248,625.1862843831381,0.0,0.0
24,39,136.1101837158203,138.43890380859375,150.9609832763672,150.04470825195312,Kit.,11,0,3,724,,Poterium,,,,author_11_0,,,,,567.1257654825846,576.8287658691406,629.0040969848633,625.1862843831381,0.0,0.0
25,42,42.720001220703125,148.03890991210938,77.66397857666016,159.64471435546875,spinosum,12,0,0,724,Poterium,Poterium,spinosum,Poterium_spinosum_12_0,L. ,,,,species,,178.00000508626303,616.8287913004557,323.599910736084,665.1863098144531,0.0,0.0
26,43,82.83538055419922,148.03890991210938,90.71967315673828,159.64471435546875,L.,12,0,1,724,,Poterium,,,,author_12_0,,,,,345.1474189758301,616.8287913004557,377.9986381530762,665.1863098144531,0.0,0.0
27,46,42.720001220703125,157.63888549804688,86.3216323852539,169.24468994140625,verrucosum,13,0,0,724,Poterium,Poterium,verrucosum,Poterium_verrucosum_13_0,Ehrenb. ,,,,species,,178.00000508626303,656.8286895751953,359.6734682718913,705.1862080891927,0.0,0.0
28,47,93.21275329589844,157.63888549804688,123.59915924072266,169.24468994140625,Ehrenb.,13,0,1,724,,Poterium,,,,author_13_0,,,,,388.38647206624347,656.8286895751953,514.9964968363444,705.1862080891927,0.0,0.0
29,49,42.720001220703125,168.1262969970703,72.79398345947266,178.74899291992188,villosum,14,0,0,724,Poterium,Poterium,villosum,Poterium_villosum_14_0,Sibth. et Smith ,,,,species,,178.00000508626303,700.526237487793,303.3082644144694,744.7874704996744,0.0,0.0
30,50,75.95291900634766,167.2388916015625,98.16280364990234,178.84469604492188,Sibth.,14,0,1,724,,Poterium,,,,author_14_0,,,,,316.4704958597819,696.8287150065104,409.0116818745931,745.1862335205078,0.0,0.0
31,51,101.71648406982422,167.2388916015625,108.29589080810547,178.84469604492188,et,14,0,2,724,,Poterium,,,,author_14_0,,,,,423.8186836242676,696.8287150065104,451.23287836710614,745.1862335205078,0.0,0.0
32,52,111.89138793945312,167.2388916015625,134.16104125976562,178.84469604492188,Smith,14,0,3,724,,Poterium,,,,author_14_0,,,,,466.214116414388,696.8287150065104,559.0043385823568,745.1862335205078,0.0,0.0
33,55,29.280000686645508,177.31890869140625,59.18782424926758,188.92471313476562,Prangos,15,0,0,724,Prangos,Prangos,,,,,,,genus,,122.00000286102295,738.8287862141927,246.61593437194824,787.1863047281901,0.0,1.0
34,57,42.720001220703125,186.91888427734375,73.93036651611328,198.52468872070312,asperula,16,0,0,724,Prangos,Prangos,asperula,Prangos_asperula_16_0,Boiss. ,,,,species,,178.00000508626303,778.8286844889323,308.0431938171387,827.1862030029297,0.0,0.0
35,58,77.18926239013672,186.91888427734375,98.4002685546875,198.52468872070312,Boiss.,16,0,1,724,,Prangos,,,,author_16_0,,,,,321.62192662556964,778.8286844889323,410.00111897786456,827.1862030029297,0.0,0.0
36,60,42.47999954223633,196.51889038085938,67.1356430053711,208.12469482421875,deserti,17,0,0,724,Prangos,Prangos,deserti,Prangos_deserti_17_0,Post et Beauv. ,,,,species,,176.99999809265137,818.8287099202474,279.7318458557129,867.1862284342448,0.0,0.0
37,61,71.35232543945312,196.51889038085938,87.0522689819336,208.12469482421875,Post,17,0,1,724,,Prangos,,,,author_17_0,,,,,297.3013559977214,818.8287099202474,362.7177874247233,867.1862284342448,0.0,0.0
38,62,91.00476837158203,196.51889038085938,97.58417510986328,208.12469482421875,et,17,0,2,724,,Prangos,,,,author_17_0,,,,,379.1865348815918,818.8287099202474,406.60072962443036,867.1862284342448,0.0,0.0
39,63,101.3438949584961,196.51889038085938,127.1993637084961,208.12469482421875,Beauv.,17,0,3,724,,Prangos,,,,author_17_0,,,,,422.2662289937337,818.8287099202474,529.9973487854004,867.1862284342448,0.0,0.0
40,65,42.2400016784668,206.118896484375,76.86839294433594,217.72470092773438,hermonis,18,0,0,724,Prangos,Prangos,hermonis,Prangos_hermonis_18_0,Boiss. ,,,,species,,176.00000699361166,858.8287353515625,320.2849706013997,907.1862538655599,0.0,0.0
41,66,80.78926849365234,206.118896484375,102.00027465820312,217.72470092773438,Boiss.,18,0,1,724,,Prangos,,,,author_18_0,,,,,336.62195205688477,858.8287353515625,425.0011444091797,907.1862538655599,0.0,0.0
42,68,42.47999954223633,215.71890258789062,98.86152648925781,227.32470703125,meliocarpoides,19,0,0,724,Prangos,Prangos,meliocarpoides,Prangos_meliocarpoides_19_0,Boiss. ,,,,species,,176.99999809265137,898.8287607828776,411.9230270385742,947.186279296875,0.0,0.0
43,69,103.17102813720703,215.71890258789062,124.5860366821289,227.32470703125,Boiss.,19,0,1,724,,Prangos,,,,author_19_0,,,,,429.8792839050293,898.8287607828776,519.1084861755371,947.186279296875,0.0,0.0
44,72,42.2400016784668,226.20631408691406,83.64608001708984,236.82901000976562,microcarpa,20,0,0,724,Prangos,Prangos,microcarpa,Prangos_microcarpa_20_0,Benth. et Hook. ,,,,species,,176.00000699361166,942.5263086954752,348.525333404541,986.7875417073568,0.0,0.0
45,73,86.08184051513672,225.31890869140625,110.6733169555664,236.92471313476562,Benth.,20,0,1,724,,Prangos,,,,author_20_0,,,,,358.6743354797363,938.8287862141927,461.13882064819336,987.1863047281901,0.0,0.0
46,74,113.39569854736328,225.31890869140625,119.95470428466797,236.92471313476562,et,20,0,2,724,,Prangos,,,,author_20_0,,,,,472.48207728068036,938.8287862141927,499.8112678527832,987.1863047281901,0.0,0.0
47,75,122.37516021728516,225.31890869140625,145.20114135742188,236.92471313476562,Hook.,20,0,3,724,,Prangos,,,,author_20_0,,,,,509.8965009053548,938.8287862141927,605.0047556559244,987.1863047281901,0.0,0.0
48,77,28.799999237060547,235.80628967285156,60.35593795776367,246.42898559570312,Prosopis,21,0,0,724,Prosopis,Prosopis,,,,,,,genus,,119.99999682108562,982.5262069702148,251.4830748240153,1026.7874399820964,0.0,1.0
49,80,41.7599983215332,245.4062957763672,85.14496612548828,256.02899169921875,stephaniana,22,0,0,724,Prosopis,Prosopis,stephaniana,Prosopis_stephaniana_22_0,(Willd.) Kunth ,,,,species,,173.99999300638834,1022.5262324015299,354.7706921895345,1066.7874654134114,0.0,0.0
50,81,89.4769058227539,244.51889038085938,118.5987319946289,256.12469482421875,(Willd.),22,0,1,724,,Prosopis,,,,author_22_0,,,,,372.8204409281413,1018.8287099202474,494.1613833109538,1067.1862284342449,0.0,0.0
51,82,123.58959197998047,244.51889038085938,148.07980346679688,256.12469482421875,Kunth,22,0,2,724,,Prosopis,,,,author_22_0,,,,,514.9566332499186,1018.8287099202474,616.9991811116537,1067.1862284342449,0.0,0.0
52,84,29.040000915527344,254.59890747070312,55.456573486328125,266.2047119140625,Prunus,23,0,0,724,Prunus,Prunus,,,,,,,genus,,121.00000381469727,1060.8287811279297,231.06905619303384,1109.186299641927,0.0,1.0
53,86,42.0,265.0862731933594,70.50348663330078,275.708984375,agrestis,24,0,0,724,Prunus,Prunus,agrestis,Prunus_agrestis_24_0,(Boiss.) n. comb. ,,,,species,,175.0,1104.526138305664,293.76452763875324,1148.7874348958333,0.0,0.0
54,87,73.6430435180664,264.1988830566406,100.22047424316406,275.8046875,(Boiss.),24,0,1,724,,Prunus,,,,author_24_0,,,,,306.84601465861004,1100.8286794026692,417.5853093465169,1149.1861979166667,0.0,0.0
55,88,103.54566955566406,264.1988830566406,110.29705047607422,275.8046875,n.,24,0,2,724,,Prunus,,,,author_24_0,,,,,431.4402898152669,1100.8286794026692,459.57104365030926,1149.1861979166667,0.0,0.0
56,89,113.1571273803711,264.1988830566406,136.32174682617188,275.8046875,comb.,24,0,3,724,,Prunus,,,,author_24_0,,,,,471.4880307515462,1100.8286794026692,568.0072784423828,1149.1861979166667,0.0,0.0
57,91,42.0,274.686279296875,80.99651336669922,285.3089904785156,amygdalus,25,0,0,724,Prunus,Prunus,amygdalus,Prunus_amygdalus_25_0,(L.) Stokes ,,,,species,,175.0,1144.5261637369792,337.48547236124676,1188.7874603271484,0.0,0.0
58,92,83.77295684814453,273.79888916015625,97.72747802734375,285.4046936035156,(L.),25,0,1,724,,Prunus,,,,author_25_0,,,,,349.05398686726886,1140.8287048339844,407.1978251139323,1189.1862233479817,0.0,0.0
59,93,100.83235931396484,273.79888916015625,124.56051635742188,285.4046936035156,Stokes,25,0,2,724,,Prunus,,,,author_25_0,,,,,420.1348304748535,1140.8287048339844,519.0021514892578,1189.1862233479817,0.0,0.0
60,96,41.7599983215332,284.2862854003906,69.36701202392578,294.90899658203125,arabica,26,0,0,724,Prunus,Prunus,arabica,Prunus_arabica_26_0,(Oliv.) Meikle ,,,,species,,173.99999300638834,1184.5261891682942,289.0292167663574,1228.7874857584636,0.0,0.0
61,97,73.72037506103516,283.3988952636719,98.33684539794922,295.00469970703125,(Oliv.),26,0,1,724,,Prunus,,,,author_26_0,,,,,307.1682294209798,1180.8287302652996,409.7368558247884,1229.1862487792969,0.0,0.0
62,98,102.61334228515625,283.3988952636719,128.88070678710938,295.00469970703125,Meikle,26,0,2,724,,Prunus,,,,author_26_0,,,,,427.5555928548177,1180.8287302652996,537.0029449462891,1229.1862487792969,0.0,0.0
63,100,41.7599983215332,293.88629150390625,73.30706024169922,304.5090026855469,argentea,27,0,0,724,Prunus,Prunus,argentea,Prunus_argentea_27_0,(Lam.) Rehder ,,,,species,,173.99999300638834,1224.5262145996094,305.4460843404134,1268.7875111897786,0.0,0.0
64,101,76.66507720947266,292.9989013671875,102.69469451904297,304.6047058105469,(Lam.),27,0,1,724,,Prunus,,,,author_27_0,,,,,319.43782170613605,1220.8287556966145,427.8945604960124,1269.186274210612,0.0,0.0
65,102,106.42483520507812,292.9989013671875,133.9195556640625,304.6047058105469,Rehder,27,0,2,724,,Prunus,,,,author_27_0,,,,,443.4368133544922,1220.8287556966145,557.9981486002604,1269.186274210612,0.0,0.0
66,104,41.7599983215332,303.4862976074219,80.2302017211914,314.1090087890625,armeniaca,28,0,0,724,Prunus,Prunus,armeniaca,Prunus_armeniaca_28_0,L. ,,,,species,,173.99999300638834,1264.5262400309246,334.29250717163086,1308.7875366210938,0.0,0.0
67,105,84.67739868164062,302.5989074707031,92.52803039550781,314.2047119140625,L.,28,0,1,724,,Prunus,,,,author_28_0,,,,,352.82249450683594,1260.8287811279297,385.53345998128253,1309.186299641927,0.0,0.0
68,107,41.7599983215332,312.1988830566406,67.20205688476562,323.8046875,cerasia,29,0,0,724,Prunus,Prunus,cerasia,Prunus_cerasia_29_0,Bl. ,,,,species,,173.99999300638834,1300.8286794026692,280.0085703531901,1349.1861979166667,0.0,0.0
69,108,71.35343170166016,312.1988830566406,81.83970642089844,323.8046875,Bl.,29,0,1,724,,Prunus,,,,author_29_0,,,,,297.305965423584,1300.8286794026692,340.99877675374347,1349.1861979166667,0.0,0.0
70,111,41.279998779296875,322.686279296875,85.64112091064453,333.3089904785156,korschinskyi,30,0,0,724,Prunus,Prunus,korschinskyi,Prunus_korschinskyi_30_0,Hand-Mazz. ,,,,species,,171.99999491373697,1344.5261637369792,356.83800379435223,1388.7874603271484,0.0,0.0
71,112,87.25578308105469,321.79888916015625,135.83941650390625,333.4046936035156,Hand-Mazz.,30,0,1,724,,Prunus,,,,author_30_0,,,,,363.56576283772785,1340.8287048339844,565.997568766276,1389.1862233479817,0.0,0.0
72,114,41.279998779296875,332.2862854003906,70.77349090576172,342.90899658203125,kotschyi,31,0,0,724,Prunus,Prunus,kotschyi,Prunus_kotschyi_31_0,(Boiss. et Huet) Meikle ,,,,species,,171.99999491373697,1384.5261891682942,294.8895454406738,1428.7874857584636,0.0,0.0
73,115,74.16192626953125,331.3988952636719,98.20557403564453,343.00469970703125,(Boiss.,31,0,1,724,,Prunus,,,,author_31_0,,,,,309.0080261230469,1380.8287302652996,409.18989181518555,1429.1862487792969,0.0,0.0
74,116,101.59400939941406,331.3988952636719,108.06019592285156,343.00469970703125,et,31,0,2,724,,Prunus,,,,author_31_0,,,,,423.3083724975586,1380.8287302652996,450.25081634521484,1429.1862487792969,0.0,0.0
75,117,111.04981231689453,331.3988952636719,132.6104736328125,343.00469970703125,Huet),31,0,3,724,,Prunus,,,,author_31_0,,,,,462.70755132039386,1380.8287302652996,552.5436401367188,1429.1862487792969,0.0,0.0
76,118,136.7781982421875,331.3988952636719,162.479248046875,343.00469970703125,Meikle,31,0,4,724,,Prunus,,,,author_31_0,,,,,569.9091593424479,1380.8287302652996,676.9968668619791,1429.1862487792969,0.0,0.0
77,120,41.7599983215332,341.88629150390625,83.10256958007812,352.5090026855469,laurocerasus,32,0,0,724,Prunus,Prunus,laurocerasus,Prunus_laurocerasus_32_0,L. ,,,,species,,173.99999300638834,1424.5262145996094,346.2607065836589,1468.7875111897786,0.0,0.0
78,121,85.91877746582031,340.9989013671875,93.60065460205078,352.6047058105469,L.,32,0,1,724,,Prunus,,,,author_32_0,,,,,357.99490610758465,1420.8287556966145,390.0027275085449,1469.186274210612,0.0,0.0
79,124,41.52000045776367,351.4862976074219,73.51492309570312,362.1090087890625,lycioides,33,0,0,724,Prunus,Prunus,lycioides,Prunus_lycioides_33_0,(Spach) W.K. Schneider ,,,,species,,173.00000190734863,1464.5262400309246,306.3121795654297,1508.7875366210938,0.0,0.0
80,125,77.32564544677734,350.5989074707031,106.12329864501953,362.2047119140625,(Spach),33,0,1,724,,Prunus,,,,author_33_0,,,,,322.19018936157227,1460.8287811279297,442.18041102091473,1509.186299641927,0.0,0.0
81,126,110.12577819824219,350.5989074707031,130.80648803710938,362.2047119140625,W.K.,33,0,2,724,,Prunus,,,,author_33_0,,,,,458.85740915934247,1460.8287811279297,545.0270334879557,1509.186299641927,0.0,0.0
82,127,135.45973205566406,350.5989074707031,172.79917907714844,362.2047119140625,Schneider,33,0,3,724,,Prunus,,,,author_33_0,,,,,564.4155502319336,1460.8287811279297,719.9965794881185,1509.186299641927,0.0,0.0
83,129,41.52000045776367,360.1988830566406,74.53223419189453,371.8046875,mahaleb,34,0,0,724,Prunus,Prunus,mahaleb,Prunus_mahaleb_34_0,L. ,,,,species,,173.00000190734863,1500.8286794026692,310.55097579956055,1549.1861979166667,0.0,0.0
84,130,78.12671661376953,360.1988830566406,85.9192123413086,371.8046875,L.,34,0,1,724,,Prunus,,,,author_34_0,,,,,325.52798589070636,1500.8286794026692,357.9967180887858,1549.1861979166667,0.0,0.0
85,133,41.52000045776367,369.79888916015625,84.20761108398438,381.4046936035156,microcarpa,35,0,0,724,Prunus,Prunus,microcarpa,Prunus_microcarpa_35_0,C.A. Mey. ,,,,species,,173.00000190734863,1540.8287048339844,350.86504618326825,1589.1862233479817,0.0,0.0
86,134,89.25253295898438,369.79888916015625,106.27867889404297,381.4046936035156,C.A.,35,0,1,724,,Prunus,,,,author_35_0,,,,,371.88555399576825,1540.8287048339844,442.827828725179,1589.1862233479817,0.0,0.0
87,135,111.70201873779297,369.79888916015625,131.04029846191406,381.4046936035156,Mey.,35,0,2,724,,Prunus,,,,author_35_0,,,,,465.4250780741374,1540.8287048339844,546.0012435913086,1589.1862233479817,0.0,0.0
88,138,41.52000045776367,380.2862854003906,77.5198974609375,390.90899658203125,monticola,36,0,0,724,Prunus,Prunus,monticola,Prunus_monticola_36_0,C. Koch ,,,,species,,173.00000190734863,1584.5261891682942,322.99957275390625,1628.7874857584636,0.0,0.0
89,139,79.3395767211914,379.3988952636719,87.64635467529297,391.00469970703125,C.,36,0,1,724,,Prunus,,,,author_36_0,,,,,330.58156967163086,1580.8287302652996,365.1931444803874,1629.1862487792969,0.0,0.0
90,140,89.81181335449219,379.3988952636719,109.92029571533203,391.00469970703125,Koch,36,0,2,724,,Prunus,,,,author_36_0,,,,,374.2158889770508,1580.8287302652996,458.0012321472168,1629.1862487792969,0.0,0.0
91,142,41.279998779296875,388.9989013671875,75.24324798583984,400.6047058105469,prostrata,37,0,0,724,Prunus,Prunus,prostrata,Prunus_prostrata_37_0,Labili. ,,,,species,,171.99999491373697,1620.8287556966145,313.5135332743327,1669.186274210612,0.0,0.0
92,143,79.93321228027344,388.9989013671875,105.12036895751953,400.6047058105469,Labili.,37,0,1,724,,Prunus,,,,author_37_0,,,,,333.05505116780597,1620.8287556966145,438.00153732299805,1669.186274210612,0.0,0.0
93,146,41.279998779296875,399.4862976074219,81.2848892211914,410.1090087890625,spartioides,38,0,0,724,Prunus,Prunus,spartioides,Prunus_spartioides_38_0,(Spach) W.K. Schneider ,,,,species,,171.99999491373697,1664.5262400309246,338.68703842163086,1708.7875366210938,0.0,0.0
94,147,85.29450988769531,398.5989074707031,113.89020538330078,410.2047119140625,(Spach),38,0,1,724,,Prunus,,,,author_38_0,,,,,355.39379119873047,1660.8287811279297,474.5425224304199,1709.186299641927,0.0,0.0
95,148,118.11102294921875,398.5989074707031,139.19850158691406,410.2047119140625,W.K.,38,0,2,724,,Prunus,,,,author_38_0,,,,,492.12926228841144,1660.8287811279297,579.993756612142,1709.186299641927,0.0,0.0
96,149,143.4192657470703,398.5989074707031,180.3425750732422,410.2047119140625,Schneider,38,0,3,724,,Prunus,,,,author_38_0,,,,,597.5802739461263,1660.8287811279297,751.4273961385092,1709.186299641927,0.0,0.0
97,151,41.040000915527344,408.43890380859375,68.38416290283203,420.0447082519531,spinosa,39,0,0,724,Prunus,Prunus,spinosa,Prunus_spinosa_39_0,L. ,,,,species,,171.00000381469727,1701.8287658691406,284.9340120951335,1750.186284383138,0.0,0.0
98,152,73.12614440917969,408.43890380859375,81.02981567382812,420.0447082519531,L.,39,0,1,724,,Prunus,,,,author_39_0,,,,,304.69226837158203,1701.8287658691406,337.6242319742839,1750.186284383138,0.0,0.0
99,153,41.279998779296875,418.0389099121094,71.57135009765625,429.64471435546875,tortuosa,39,1,0,724,Prunus,Prunus,tortuosa,Prunus_tortuosa_39_1,Boiss. et Hausskn. ,,,,species,,171.99999491373697,1741.8287913004558,298.2139587402344,1790.1863098144531,0.0,0.0
100,154,75.73192596435547,418.0389099121094,97.14693450927734,429.64471435546875,Boiss.,39,1,1,724,,Prunus,,,,author_39_1,,,,,315.54969151814777,1741.8287913004558,404.7788937886556,1790.1863098144531,0.0,0.0
101,155,101.82771301269531,418.0389099121094,108.3928451538086,429.64471435546875,et,39,1,2,724,,Prunus,,,,author_39_1,,,,,424.28213755289715,1741.8287913004558,451.6368548075358,1790.1863098144531,0.0,0.0
102,156,112.55342102050781,418.0389099121094,147.26893615722656,429.64471435546875,Hausskn.,39,1,3,724,,Prunus,,,,author_39_1,,,,,468.9725875854492,1741.8287913004558,613.6205673217773,1790.1863098144531,0.0,0.0
103,157,41.040000915527344,427.6388854980469,63.992855072021484,439.24468994140625,ursina,39,2,0,724,Prunus,Prunus,ursina,Prunus_ursina_39_2,Ky ,,,,species,,171.00000381469727,1781.8286895751953,266.63689613342285,1830.1862080891926,0.0,0.0
104,158,68.99187469482422,427.6388854980469,80.21330261230469,439.24468994140625,Ky,39,2,1,724,,Prunus,,,,author_39_2,,,,,287.4661445617676,1781.8286895751953,334.2220942179362,1830.1862080891926,0.0,0.0
105,159,27.84000015258789,437.2388916015625,80.20974731445312,448.8446960449219,Psammogeton,40,0,0,724,Psammogeton,Psammogeton,,,,,,,genus,,116.00000063578288,1821.8287150065105,334.207280476888,1870.1862335205078,0.0,1.0
106,160,41.040000915527344,447.0788879394531,77.22817993164062,458.6846923828125,canescens,41,0,0,724,Psammogeton,Psammogeton,canescens,Psammogeton_canescens_41_0,(D.C.) Vatke ,,,,species,,171.00000381469727,1862.8286997477214,321.7840830485026,1911.1862182617188,0.0,0.0
107,161,82.59031677246094,447.0788879394531,106.19668579101562,458.6846923828125,(D.C.),41,0,1,724,,Psammogeton,,,,author_41_0,,,,,344.1263198852539,1862.8286997477214,442.48619079589844,1911.1862182617188,0.0,0.0
108,162,111.55882263183594,447.0788879394531,134.17794799804688,458.6846923828125,Vatke,41,0,2,724,,Psammogeton,,,,author_41_0,,,,,464.8284276326497,1862.8286997477214,559.0747833251953,1911.1862182617188,0.0,0.0
109,163,40.79999923706055,457.5662841796875,67.6307144165039,468.1889953613281,crinitum,41,1,0,724,Psammogeton,Psammogeton,crinitum,Psammogeton_crinitum_41_1,Boiss. ,,,,species,,169.9999968210856,1906.5261840820312,281.7946434020996,1950.7874806722004,0.0,0.0
110,164,72.85775756835938,456.67889404296875,93.6832046508789,468.2846984863281,Boiss.,41,1,1,724,,Psammogeton,,,,author_41_1,,,,,303.57398986816406,1902.8287251790364,390.3466860453288,1951.186243693034,0.0,0.0
111,165,40.79999923706055,466.2789001464844,76.92145538330078,477.88470458984375,setifolium,41,2,0,724,Psammogeton,Psammogeton,setifolium,Psammogeton_setifolium_41_2,Boiss. ,,,,species,,169.9999968210856,1942.8287506103516,320.5060640970866,1991.1862691243489,0.0,0.0
112,166,81.69505310058594,466.2789001464844,103.11006164550781,477.88470458984375,Boiss.,41,2,1,724,,Psammogeton,,,,author_41_2,,,,,340.3960545857747,1942.8287506103516,429.62525685628253,1991.1862691243489,0.0,0.0
113,167,40.79999923706055,476.7662658691406,81.74443817138672,487.38897705078125,triternatum,41,3,0,724,Psammogeton,Psammogeton,triternatum,Psammogeton_triternatum_41_3,Edgew. ,,,,species,,169.9999968210856,1986.526107788086,340.6018257141113,2030.7874043782551,0.0,0.0
114,168,83.19474029541016,475.8788757324219,111.49313354492188,487.48468017578125,Edgew.,41,3,1,724,,Psammogeton,,,,author_41_3,,,,,346.64475123087567,1982.828648885091,464.5547231038411,2031.1861673990886,0.0,0.0
115,169,27.360000610351562,485.4789123535156,73.051513671875,497.084716796875,Pseudorlaya,42,0,0,724,Pseudorlaya,Pseudorlaya,,,,,,,genus,,114.00000254313152,2022.8288014729817,304.3813069661458,2071.186319986979,0.0,1.0
116,170,40.560001373291016,496.6863098144531,73.1009521484375,507.30902099609375,maritima,43,0,0,724,Pseudorlaya,Pseudorlaya,maritima,Pseudorlaya_maritima_43_0,(Gou.) Murbeck ,,,,species,,169.0000057220459,2069.5262908935547,304.58730061848956,2113.787587483724,0.0,0.0
117,171,77.97553253173828,495.7989196777344,102.0991439819336,507.40472412109375,(Gou.),43,0,1,724,,Pseudorlaya,,,,author_43_0,,,,,324.8980522155762,2065.82883199056,425.4130999247233,2114.186350504557,0.0,0.0
118,172,107.19506072998047,495.7989196777344,141.0662078857422,507.40472412109375,Murbeck,43,0,2,724,,Pseudorlaya,,,,author_43_0,,,,,446.64608637491864,2065.82883199056,587.7758661905924,2114.186350504557,0.0,0.0
119,173,40.560001373291016,505.3988952636719,67.34149932861328,517.0046997070312,pumila,43,1,0,724,Pseudorlaya,Pseudorlaya,pumila,Pseudorlaya_pumila_43_1,(L.) Grande ,,,,species,,169.0000057220459,2105.8287302652993,280.5895805358887,2154.186248779297,0.0,0.0
120,174,72.69752502441406,505.3988952636719,86.47456359863281,517.0046997070312,(L.),43,1,1,724,,Pseudorlaya,,,,author_43_1,,,,,302.9063542683919,2105.8287302652993,360.31068166097003,2154.186248779297,0.0,0.0
121,175,91.83058166503906,505.3988952636719,120.25706481933594,517.0046997070312,Grande,43,1,2,724,,Pseudorlaya,,,,author_43_1,,,,,382.6274236043294,2105.8287302652993,501.0711034138997,2154.186248779297,0.0,0.0
122,176,27.360000610351562,514.9989624023438,59.11946487426758,526.604736328125,Psoralea,44,0,0,724,Psoralea,Psoralea,,,,,,,genus,,114.00000254313152,2145.8290100097656,246.33110364278158,2194.1864013671875,0.0,1.0
123,177,40.560001373291016,524.5989379882812,83.013916015625,536.2047119140625,bituminosa,45,0,0,724,Psoralea,Psoralea,bituminosa,Psoralea_bituminosa_45_0,L. ,,,,species,,169.0000057220459,2185.8289082845054,345.8913167317708,2234.1862996419272,0.0,0.0
124,178,87.45295715332031,524.5989379882812,95.43006896972656,536.2047119140625,L.,45,0,1,724,,Psoralea,,,,author_45_0,,,,,364.38732147216797,2185.8289082845054,397.62528737386066,2234.1862996419272,0.0,0.0
125,179,39.599998474121094,534.1989135742188,83.62738037109375,545.8046875,jaubertiana,45,1,0,724,Psoralea,Psoralea,jaubertiana,Psoralea_jaubertiana_45_1,Fenzl ,,,,species,,164.99999364217123,2225.8288065592446,348.4474182128906,2274.1861979166665,0.0,0.0
126,180,89.2540283203125,534.1989135742188,110.10065460205078,545.8046875,Fenzl,45,1,1,724,,Psoralea,,,,author_45_1,,,,,371.89178466796875,2225.8288065592446,458.7527275085449,2274.1861979166665,0.0,0.0
127,181,26.8799991607666,543.7989501953125,47.85997009277344,555.4047241210938,Pteris,46,0,0,724,Pteris,Pteris,,,,,,,genus,,111.99999650319417,2265.8289591471353,199.41654205322266,2314.186350504557,0.0,1.0
128,182,40.560001373291016,554.7662963867188,75.56990814208984,565.3889770507812,longifolia,47,0,0,724,Pteris,Pteris,longifolia,Pteris_longifolia_47_0,Auct. ,,,,species,,169.0000057220459,2311.5262349446616,314.8746172587077,2355.7874043782554,0.0,0.0
129,183,77.01995849609375,553.87890625,97.98490905761719,565.4846801757812,Auct.,47,0,1,724,,Pteris,,,,author_47_0,,,,,320.91649373372394,2307.8287760416665,408.2704544067383,2356.1861673990884,0.0,0.0
130,184,40.31999969482422,563.4789428710938,65.12841796875,575.084716796875,vïttata,47,1,0,724,Pteris,Pteris,vïttata,Pteris_vïttata_47_1,L. ,,,,species,,167.99999872843424,2347.828928629557,271.368408203125,2396.186319986979,0.0,0.0
131,185,70.11621856689453,563.4789428710938,78.14942932128906,575.084716796875,L.,47,1,1,724,,Pteris,,,,author_47_1,,,,,292.15091069539386,2347.828928629557,325.6226221720378,2396.186319986979,0.0,0.0
132,186,26.399999618530273,573.96630859375,55.8670768737793,584.5889892578125,Ptychotis,48,0,0,724,Ptychotis,Ptychotis,,,,,,,genus,,109.9999984105428,2391.5262858072915,232.7794869740804,2435.7874552408853,0.0,1.0
133,187,39.36000061035156,583.5663452148438,67.94828796386719,594.1890258789062,puberala,49,0,0,724,Ptychotis,Ptychotis,puberala,Ptychotis_puberala_49_0,D;C. ,,,,species,,164.0000025431315,2431.526438395182,283.1178665161133,2475.787607828776,0.0,0.0
134,188,75.43549346923828,582.678955078125,92.95968627929688,594.2847290039062,D;C.,49,0,1,724,,Ptychotis,,,,author_49_0,,,,,314.3145561218262,2427.8289794921875,387.332026163737,2476.1863708496094,0.0,0.0
135,189,26.399999618530273,593.1663208007812,61.06399154663086,603.7890014648438,Pucànellia,50,0,0,724,Pucànellia,Pucànellia,,,,,,,genus,,109.9999984105428,2471.526336669922,254.4332981109619,2515.7875061035156,0.0,1.0
136,214,248.8800048828125,44.28629684448242,279.8848876953125,54.90899658203125,fupestris,54,0,0,724,Pucànellia,Pucànellia,fupestris,Pucànellia_fupestris_54_0,(Whit.) Fern et Weath ,,,,species,,1037.000020345052,184.5262368520101,1166.187032063802,228.78748575846353,1.0,2.0
137,215,284.1393127441406,43.39889907836914,311.2705383300781,55.004695892333984,(Whit.),54,0,1,724,,Pucànellia,,,,author_54_0,,,,,1183.913803100586,180.82874615987143,1296.9605763753254,229.18623288472494,1.0,2.0
138,216,315.74835205078125,43.39889907836914,332.80389404296875,55.004695892333984,Fern,54,0,2,724,,Pucànellia,,,,author_54_0,,,,,1315.6181335449219,180.82874615987143,1386.6828918457031,229.18623288472494,1.0,2.0
139,217,336.6095275878906,43.39889907836914,343.23382568359375,55.004695892333984,et,54,0,3,724,,Pucànellia,,,,author_54_0,,,,,1402.5396982828777,180.82874615987143,1430.1409403483074,229.18623288472494,1.0,2.0
140,218,346.5926818847656,43.39889907836914,371.33282470703125,55.004695892333984,Weath,54,0,4,724,,Pucànellia,,,,author_54_0,,,,,1444.1361745198567,180.82874615987143,1547.2201029459636,229.18623288472494,1.0,2.0
141,219,235.1999969482422,52.51889419555664,260.9309387207031,64.12469482421875,Punica,55,0,0,724,Punica,Punica,,,,,,,genus,,979.9999872843424,218.82872581481934,1087.2122446695964,267.1862284342448,1.0,3.0
142,220,248.63999938964844,61.63888931274414,284.9631042480469,73.24468994140625,granatum,56,0,0,724,Punica,Punica,granatum,Punica_granatum_56_0,,,,,species,,1035.9999974568684,256.82870546976727,1187.3462677001953,305.1862080891927,1.0,2.0
143,221,235.1999969482422,71.71890258789062,295.51165771484375,83.32470703125,PUNICACEAE,57,0,0,724,,,,,,,,,,,979.9999872843424,298.8287607828776,1231.2985738118489,347.186279296875,1.0,3.0
144,222,235.1999969482422,80.83889770507812,277.9228515625,92.4447021484375,Pyracantha,57,1,0,724,Pyracantha,Pyracantha,,,,,,,genus,,979.9999872843424,336.8287404378255,1158.0118815104167,385.18625895182294,1.0,3.0
145,223,248.39999389648438,90.91891479492188,280.24810791015625,102.52471923828125,coccinea,58,0,0,724,Pyracantha,Pyracantha,coccinea,Pyracantha_coccinea_58_0,Roem. ,,,,species,,1034.9999745686848,378.8288116455078,1167.7004496256511,427.1863301595052,1.0,2.0
146,224,285.93182373046875,90.91891479492188,310.9567565917969,102.52471923828125,Roem.,58,0,1,724,,Pyracantha,,,,author_58_0,,,,,1191.3825988769531,378.8288116455078,1295.6531524658203,427.1863301595052,1.0,2.0
147,226,234.47999572753906,133.56629943847656,266.9786071777344,144.18899536132812,Radicala,60,0,0,724,Radicala,Radicala,,,,,,,genus,,976.9999821980795,556.526247660319,1112.4108632405598,600.7874806722006,1.0,3.0
148,227,248.16000366210938,143.1663055419922,328.1607971191406,153.78900146484375,nasturtium-aquaticum,61,0,0,724,Radicala,Radicala,nasturtium-aquaticum,Radicala_nasturtium-aquaticum_61_0,(L.) Druce ,,,,species,,1034.000015258789,596.5262730916342,1367.336654663086,640.7875061035156,1.0,2.0
149,228,330.5659484863281,142.27890014648438,344.3429870605469,153.88470458984375,(L.),61,0,1,724,,Radicala,,,,author_61_0,,,,,1377.358118693034,592.8287506103516,1434.762446085612,641.186269124349,1.0,2.0
150,229,346.7481384277344,142.27890014648438,369.61865234375,153.88470458984375,Druce,61,0,2,724,,Radicala,,,,author_61_0,,,,,1444.7839101155598,592.8287506103516,1540.0777180989583,641.186269124349,1.0,2.0
151,230,234.72000122070312,152.35888671875,264.4384460449219,163.96469116210938,Radiola,62,0,0,724,Radiola,Radiola,,,,,,,genus,,978.0000050862631,634.8286946614584,1101.8268585205078,683.1862131754557,1.0,3.0
152,231,248.16000366210938,161.47891235351562,276.9993591308594,173.084716796875,linoides,63,0,0,724,Radiola,Radiola,linoides,Radiola_linoides_63_0,Roth ,,,,species,,1034.000015258789,672.8288014729818,1154.1639963785808,721.1863199869791,1.0,2.0
153,232,281.0823974609375,161.47891235351562,299.8141784667969,173.084716796875,Roth,63,0,1,724,,Radiola,,,,author_63_0,,,,,1171.1766560872395,672.8288014729818,1249.2257436116536,721.1863199869791,1.0,2.0
154,233,234.47999572753906,171.96629333496094,271.4579772949219,182.5889892578125,RANALES,64,0,0,724,,,,,,,,,,,976.9999821980795,716.5262222290039,1131.0749053955078,760.7874552408854,1.0,3.0
155,234,234.72000122070312,180.67889404296875,320.40655517578125,192.28469848632812,RANUNGULAGEAE,64,1,0,724,,,,,,,,,,,978.0000050862631,752.8287251790365,1335.0273132324219,801.1862436930338,1.0,3.0
156,235,234.72000122070312,190.27890014648438,280.2950439453125,201.88470458984375,Ranunculus,64,2,0,724,Ranunculus,Ranunculus,,,,,,,genus,,978.0000050862631,792.8287506103516,1167.896016438802,841.186269124349,1.0,3.0
157,236,248.16000366210938,200.7663116455078,277.94366455078125,211.38900756835938,aqUatilis,65,0,0,724,Ranunculus,Ranunculus,aqUatilis,Ranunculus_aqUatilis_65_0,L. ,,,,species,,1034.000015258789,836.5262985229492,1158.0986022949219,880.7875315348307,1.0,2.0
158,237,282.3052978515625,199.87890625,289.5213317871094,211.48471069335938,L.,65,0,1,724,,Ranunculus,,,,author_65_0,,,,,1176.2720743815105,832.8287760416666,1206.338882446289,881.1862945556641,1.0,2.0
159,238,248.39999389648438,209.95889282226562,277.9798583984375,221.564697265625,arvensis,65,1,0,724,Ranunculus,Ranunculus,arvensis,Ranunculus_arvensis_65_1,L. ,,,,species,,1034.9999745686848,874.8287200927734,1158.2494099934895,923.1862386067709,1.0,2.0
160,239,282.1904296875,209.95889282226562,290.06964111328125,221.564697265625,L.,65,1,1,724,,Ranunculus,,,,author_65_1,,,,,1175.79345703125,874.8287200927734,1208.6235046386719,923.1862386067709,1.0,2.0
161,240,248.39999389648438,218.83889770507812,279.8351745605469,230.4447021484375,asiaticus,65,2,0,724,Ranunculus,Ranunculus,asiaticus,Ranunculus_asiaticus_65_2,L. ,,,,species,,1034.9999745686848,911.8287404378256,1165.9798940022786,960.1862589518229,1.0,2.0
162,241,285.0524597167969,218.83889770507812,292.95001220703125,230.4447021484375,L.,65,2,1,724,,Ranunculus,,,,author_65_2,,,,,1187.7185821533203,911.8287404378256,1220.6250508626301,960.1862589518229,1.0,2.0
163,242,248.16000366210938,229.56629943847656,288.6692810058594,240.18899536132812,calthifolius,65,3,0,724,Ranunculus,Ranunculus,calthifolius,Ranunculus_calthifolius_65_3,(Guss.) Jord. ,,,,species,,1034.000015258789,956.526247660319,1202.7886708577473,1000.7874806722006,1.0,2.0
164,243,292.85943603515625,228.67889404296875,318.57073974609375,240.28469848632812,(Guss.),65,3,1,724,,Ranunculus,,,,author_65_3,,,,,1220.2476501464844,952.8287251790365,1327.3780822753906,1001.1862436930338,1.0,2.0
165,244,322.0316162109375,228.67889404296875,341.9097595214844,240.28469848632812,Jord.,65,3,2,724,,Ranunculus,,,,author_65_3,,,,,1341.7984008789062,952.8287251790365,1424.6239980061848,1001.1862436930338,1.0,2.0
166,245,248.16000366210938,238.9263153076172,271.2717590332031,249.54901123046875,cassius,65,4,0,724,Ranunculus,Ranunculus,cassius,Ranunculus_cassius_65_4,Boiss. ,,,,species,,1034.000015258789,995.5263137817383,1130.2989959716797,1039.7875467936199,1.0,2.0
167,246,274.6969909667969,238.03890991210938,295.52239990234375,249.64471435546875,Boiss.,65,4,1,724,,Ranunculus,,,,author_65_4,,,,,1144.570795694987,991.8287913004557,1231.3433329264324,1040.1863098144531,1.0,2.0
168,247,248.16000366210938,248.7663116455078,293.4875793457031,259.3890075683594,chaerophyllos,65,5,0,724,Ranunculus,Ranunculus,chaerophyllos,Ranunculus_chaerophyllos_65_5,Auct. ,,,,species,,1034.000015258789,1036.5262985229492,1222.8649139404297,1080.7875315348308,1.0,2.0
169,248,297.5616455078125,247.87890625,317.8488464355469,259.4847106933594,Auct.,65,5,1,724,,Ranunculus,,,,author_65_5,,,,,1239.8401896158855,1032.8287760416667,1324.3701934814453,1081.186294555664,1.0,2.0
170,249,248.16000366210938,257.4789123535156,295.86322021484375,269.084716796875,chionophilus,65,6,0,724,Ranunculus,Ranunculus,chionophilus,Ranunculus_chionophilus_65_6,Boiss. ,,,,species,,1034.000015258789,1072.8288014729817,1232.7634175618489,1121.1863199869792,1.0,2.0
171,250,300.4980773925781,257.4789123535156,321.5101623535156,269.084716796875,Boiss.,65,6,1,724,,Ranunculus,,,,author_65_6,,,,,1252.0753224690754,1072.8288014729817,1339.6256764729817,1121.1863199869792,1.0,2.0
172,251,248.16000366210938,267.0788879394531,267.301025390625,278.6846923828125,chius,65,7,0,724,Ranunculus,Ranunculus,chius,Ranunculus_chius_65_7,D.C. ,,,,species,,1034.000015258789,1112.8286997477214,1113.7542724609375,1161.1862182617188,1.0,2.0
173,252,271.3779602050781,267.0788879394531,289.34967041015625,278.6846923828125,D.C.,65,7,1,724,,Ranunculus,,,,author_65_7,,,,,1130.7415008544922,1112.8286997477214,1205.6236267089844,1161.1862182617188,1.0,2.0
174,253,248.16000366210938,276.1988830566406,326.09576416015625,287.8046875,constantinopolitanus,65,8,0,724,Ranunculus,Ranunculus,constantinopolitanus,Ranunculus_constantinopolitanus_65_8,d'Urv. ,,,,species,,1034.000015258789,1150.8286794026692,1358.7323506673176,1199.1861979166667,1.0,2.0
175,254,333.2235107421875,276.1988830566406,357.5091857910156,287.8046875,d'Urv.,65,8,1,724,,Ranunculus,,,,author_65_8,,,,,1388.4312947591145,1150.8286794026692,1489.6216074625652,1199.1861979166667,1.0,2.0
176,255,248.16000366210938,286.7589111328125,280.61419677734375,298.3647155761719,cornutus,65,9,0,724,Ranunculus,Ranunculus,cornutus,Ranunculus_cornutus_65_9,D.C. ,,,,species,,1034.000015258789,1194.8287963867188,1169.2258199055989,1243.186314900716,1.0,2.0
177,256,285.5377502441406,286.7589111328125,303.50946044921875,298.3647155761719,D.C.,65,9,1,724,,Ranunculus,,,,author_65_9,,,,,1189.7406260172527,1194.8287963867188,1264.6227518717449,1243.186314900716,1.0,2.0
178,257,247.9199981689453,295.87890625,280.8479309082031,307.4847106933594,cuneatus,65,10,0,724,Ranunculus,Ranunculus,cuneatus,Ranunculus_cuneatus_65_10,Boiss ,,,,species,,1032.9999923706055,1232.8287760416667,1170.199712117513,1281.186294555664,1.0,2.0
179,258,286.0978698730469,295.87890625,304.8700866699219,307.4847106933594,Boiss,65,10,1,724,,Ranunculus,,,,author_65_10,,,,,1192.074457804362,1232.8287760416667,1270.292027791341,1281.186294555664,1.0,2.0
180,259,247.67999267578125,305.2388916015625,293.13232421875,316.8446960449219,damascenus,65,11,0,724,Ranunculus,Ranunculus,damascenus,Ranunculus_damascenus_65_11,Boiss. et Gaill. ,,,,species,,1031.9999694824219,1271.8287150065105,1221.3846842447917,1320.1862335205078,1.0,2.0
181,260,296.5982666015625,305.2388916015625,317.77191162109375,316.8446960449219,Boiss.,65,11,1,724,,Ranunculus,,,,author_65_11,,,,,1235.8261108398438,1271.8287150065105,1324.0496317545574,1320.1862335205078,1.0,2.0
182,261,321.9304504394531,305.2388916015625,328.4302978515625,316.8446960449219,et,65,11,2,724,,Ranunculus,,,,author_65_11,,,,,1341.3768768310547,1271.8287150065105,1368.4595743815105,1320.1862335205078,1.0,2.0
183,262,332.12744140625,305.2388916015625,353.1940002441406,316.8446960449219,Gaill.,65,11,3,724,,Ranunculus,,,,author_65_11,,,,,1383.8643391927083,1271.8287150065105,1471.6416676839192,1320.1862335205078,1.0,2.0
184,263,247.67999267578125,315.7262878417969,283.74188232421875,326.3489990234375,dasycarpus,65,12,0,724,Ranunculus,Ranunculus,dasycarpus,Ranunculus_dasycarpus_65_12,Boiss. ,,,,species,,1031.9999694824219,1315.5261993408203,1182.2578430175781,1359.7874959309895,1.0,2.0
185,264,291.25665283203125,314.8388977050781,312.08203125,326.4447021484375,Boiss.,65,12,1,724,,Ranunculus,,,,author_65_12,,,,,1213.5693868001301,1311.8287404378254,1300.341796875,1360.186258951823,1.0,2.0
186,265,247.67999267578125,324.67889404296875,280.6401062011719,336.2846984863281,demissus,65,13,0,724,Ranunculus,Ranunculus,demissus,Ranunculus_demissus_65_13,D.C. ,,,,species,,1031.9999694824219,1352.8287251790364,1169.333775838216,1401.186243693034,1.0,2.0
187,266,286.0185546875,324.67889404296875,303.9902648925781,336.2846984863281,D.C.,65,13,1,724,,Ranunculus,,,,author_65_13,,,,,1191.7439778645833,1352.8287251790364,1266.6261037190754,1401.186243693034,1.0,2.0
188,267,247.44000244140625,334.686279296875,287.3730773925781,345.3089904785156,eriophyllus,65,14,0,724,Ranunculus,Ranunculus,eriophyllus,Ranunculus_eriophyllus_65_14,C. Koch ,,,,species,,1031.0000101725261,1394.5261637369792,1197.3878224690754,1438.7874603271484,1.0,2.0
189,268,290.6023864746094,333.79888916015625,298.9234619140625,345.4046936035156,C.,65,14,1,724,,Ranunculus,,,,author_65_14,,,,,1210.843276977539,1390.8287048339844,1245.514424641927,1439.1862233479817,1.0,2.0
190,269,302.4603576660156,333.79888916015625,322.85430908203125,345.4046936035156,Koch,65,14,2,724,,Ranunculus,,,,author_65_14,,,,,1260.2514902750652,1390.8287048339844,1345.2262878417969,1439.1862233479817,1.0,2.0
191,270,245.52000427246094,344.76629638671875,271.5206604003906,355.3890075683594,fakatus,65,15,0,724,Ranunculus,Ranunculus,fakatus,Ranunculus_fakatus_65_15,L. ,,,,species,,1023.0000178019205,1436.5262349446614,1131.3360850016277,1480.7875315348308,1.0,2.0
192,271,277.7263488769531,343.87890625,285.51068115234375,355.4847106933594,L.,65,15,1,724,,Ranunculus,,,,author_65_15,,,,,1157.193120320638,1432.8287760416667,1189.6278381347656,1481.186294555664,1.0,2.0
193,272,245.27999877929688,354.3663024902344,271.3827209472656,364.989013671875,ficaria,65,16,0,724,Ranunculus,Ranunculus,ficaria,Ranunculus_ficaria_65_16,L. ,,,,species,,1021.9999949137369,1476.5262603759766,1130.7613372802734,1520.7875569661458,1.0,2.0
194,273,273.6236572265625,353.4789123535156,281.6701354980469,365.084716796875,L.,65,16,1,724,,Ranunculus,,,,author_65_16,,,,,1140.0985717773438,1472.8288014729817,1173.6255645751953,1521.1863199869792,1.0,2.0
195,274,245.52000427246094,363.9662780761719,293.2460021972656,374.5889892578125,ficariiformis,65,17,0,724,Ranunculus,Ranunculus,ficariiformis,Ranunculus_ficariiformis_65_17,F. Schultz ,,,,species,,1023.0000178019205,1516.526158650716,1221.8583424886067,1560.7874552408855,1.0,2.0
196,275,294.7769470214844,363.0788879394531,302.1762390136719,374.6846923828125,F.,65,17,1,724,,Ranunculus,,,,author_65_17,,,,,1228.2372792561848,1512.8286997477214,1259.067662556966,1561.1862182617188,1.0,2.0
197,276,304.1811218261719,363.0788879394531,331.58062744140625,374.6846923828125,Schultz,65,17,2,724,,Ranunculus,,,,author_65_17,,,,,1267.4213409423828,1512.8286997477214,1381.5859476725261,1561.1862182617188,1.0,2.0
198,277,245.27999877929688,373.5662841796875,286.5579528808594,384.1889953613281,ficarioides,65,18,0,724,Ranunculus,Ranunculus,ficarioides,Ranunculus_ficarioides_65_18,Bory et Chaub. ,,,,species,,1021.9999949137369,1556.5261840820312,1193.991470336914,1600.7874806722004,1.0,2.0
199,278,288.0079650878906,372.67889404296875,307.2154846191406,384.2846984863281,Bory,65,18,1,724,,Ranunculus,,,,author_65_18,,,,,1200.033187866211,1552.8287251790364,1280.0645192464192,1601.186243693034,1.0,2.0
200,279,308.6659240722656,372.67889404296875,315.4044494628906,384.2846984863281,et,65,18,2,724,,Ranunculus,,,,author_65_18,,,,,1286.1080169677734,1552.8287251790364,1314.1852060953777,1601.186243693034,1.0,2.0
201,280,316.8548889160156,372.67889404296875,344.5843200683594,384.2846984863281,Chaub.,65,18,3,724,,Ranunculus,,,,author_65_18,,,,,1320.2287038167317,1552.8287251790364,1435.7680002848308,1601.186243693034,1.0,2.0
202,281,245.27999877929688,383.1662902832031,280.605224609375,393.78900146484375,flabellatus,65,19,0,724,Ranunculus,Ranunculus,flabellatus,Ranunculus_flabellatus_65_19,Desf. ,,,,species,,1021.9999949137369,1596.5262095133464,1169.1884358723958,1640.7875061035156,1.0,2.0
203,282,285.73773193359375,382.2789001464844,304.01605224609375,393.88470458984375,Desf.,65,19,1,724,,Ranunculus,,,,author_65_19,,,,,1190.5738830566406,1592.8287506103516,1266.7335510253906,1641.1862691243489,1.0,2.0
204,283,246.9600067138672,391.8788757324219,310.96929931640625,403.48468017578125,hierosolymitanus,65,20,0,724,Ranunculus,Ranunculus,hierosolymitanus,Ranunculus_hierosolymitanus_65_20,Boiss. ,,,,species,,1029.0000279744465,1632.828648885091,1295.7054138183594,1681.1861673990886,1.0,2.0
205,284,316.1396789550781,391.8788757324219,337.3507080078125,403.48468017578125,Boiss.,65,20,1,724,,Ranunculus,,,,author_65_20,,,,,1317.2486623128254,1632.828648885091,1405.627950032552,1681.1861673990886,1.0,2.0
206,285,246.9600067138672,401.4789123535156,287.5332946777344,413.084716796875,lateriflorus,65,21,0,724,Ranunculus,Ranunculus,lateriflorus,Ranunculus_lateriflorus_65_21,D.C. ,,,,species,,1029.0000279744465,1672.8288014729817,1198.0553944905598,1721.1863199869792,1.0,2.0
207,286,292.7373352050781,401.4789123535156,310.70904541015625,413.084716796875,D.C.,65,21,1,724,,Ranunculus,,,,author_65_21,,,,,1219.7388966878254,1672.8288014729817,1294.6210225423176,1721.1863199869792,1.0,2.0
208,287,247.1999969482422,411.4862976074219,287.2044982910156,422.1090087890625,libanoticus,65,22,0,724,Ranunculus,Ranunculus,libanoticus,Ranunculus_libanoticus_65_22,Freyn ,,,,species,,1029.9999872843425,1714.5262400309246,1196.6854095458984,1758.7875366210938,1.0,2.0
209,288,288.65484619140625,410.5989074707031,310.55364990234375,422.2047119140625,Freyn,65,22,1,724,,Ranunculus,,,,author_65_22,,,,,1202.7285257975261,1710.8287811279297,1293.9735412597656,1759.186299641927,1.0,2.0
210,289,246.9600067138672,421.5662841796875,296.4593505859375,432.1889953613281,lomatocarpus,65,23,0,724,Ranunculus,Ranunculus,lomatocarpus,Ranunculus_lomatocarpus_65_23,Fisch et Mey. ,,,,species,,1029.0000279744465,1756.5261840820312,1235.247294108073,1800.7874806722004,1.0,2.0
211,290,298.46978759765625,420.67889404296875,317.8833923339844,432.2846984863281,Fisch,65,23,1,724,,Ranunculus,,,,author_65_23,,,,,1243.6241149902344,1752.8287251790364,1324.5141347249348,1801.186243693034,1.0,2.0
212,291,320.0274353027344,420.67889404296875,326.5711364746094,432.2846984863281,et,65,23,2,724,,Ranunculus,,,,author_65_23,,,,,1333.4476470947266,1752.8287251790364,1360.7130686442058,1801.186243693034,1.0,2.0
213,292,328.8488464355469,420.67889404296875,348.3975524902344,432.2846984863281,Mey.,65,23,3,724,,Ranunculus,,,,author_65_23,,,,,1370.2035268147786,1752.8287251790364,1451.6564687093098,1801.186243693034,1.0,2.0
214,293,246.9600067138672,430.2789001464844,309.41241455078125,441.88470458984375,macrorrhynchup,65,24,0,724,Ranunculus,Ranunculus,macrorrhynchup,Ranunculus_macrorrhynchup_65_24,Boiss.- ,,,,species,,1029.0000279744465,1792.8287506103516,1289.2183939615886,1841.1862691243489,1.0,2.0
215,294,312.94671630859375,430.2789001464844,336.58642578125,441.88470458984375,Boiss.-,65,24,1,724,,Ranunculus,,,,author_65_24,,,,,1303.9446512858074,1792.8287506103516,1402.4434407552083,1841.1862691243489,1.0,2.0
216,295,246.72000122070312,441.6567077636719,289.663818359375,452.8013916015625,marginaţus,65,25,0,724,Ranunculus,Ranunculus,marginaţus,Ranunculus_marginaţus_65_25,d'Urv. ,,,,species,,1028.000005086263,1840.2362823486328,1206.9325764973958,1886.6724650065105,1.0,2.0
217,296,294.6658630371094,441.6567077636719,319.400634765625,452.8013916015625,d'Urv.,65,25,1,724,,Ranunculus,,,,author_65_25,,,,,1227.774429321289,1840.2362823486328,1330.8359781901042,1886.6724650065105,1.0,2.0
218,297,246.72000122070312,450.2967224121094,292.759033203125,461.44140625,millefoliatus,65,26,0,724,Ranunculus,Ranunculus,millefoliatus,Ranunculus_millefoliatus_65_26,Vahl ,,,,species,,1028.000005086263,1876.236343383789,1219.8293050130208,1922.6725260416667,1.0,2.0
219,298,296.99072265625,450.2967224121094,315.42138671875,461.44140625,Vahl,65,26,1,724,,Ranunculus,,,,author_65_26,,,,,1237.4613444010417,1876.236343383789,1314.2557779947917,1922.6725260416667,1.0,2.0
220,299,246.72000122070312,459.6567077636719,285.17169189453125,470.8013916015625,millefolius,65,27,0,724,Ranunculus,Ranunculus,millefolius,Ranunculus_millefolius_65_27,Banks et Sol. ,,,,species,,1028.000005086263,1915.2362823486328,1188.2153828938801,1961.6724650065105,1.0,2.0
221,300,288.3021545410156,459.6567077636719,311.35223388671875,470.8013916015625,Banks,65,27,1,724,,Ranunculus,,,,author_65_27,,,,,1201.2589772542317,1915.2362823486328,1297.3009745279949,1961.6724650065105,1.0,2.0
222,301,314.48272705078125,459.6567077636719,321.4529113769531,470.8013916015625,et,65,27,2,724,,Ranunculus,,,,author_65_27,,,,,1310.3446960449219,1915.2362823486328,1339.3871307373047,1961.6724650065105,1.0,2.0
223,302,324.5828857421875,459.6567077636719,339.08013916015625,470.8013916015625,Sol.,65,27,3,724,,Ranunculus,,,,author_65_27,,,,,1352.428690592448,1915.2362823486328,1412.8339131673176,1961.6724650065105,1.0,2.0
224,303,246.72000122070312,469.0166931152344,284.508056640625,480.161376953125,muricatus,65,28,0,724,Ranunculus,Ranunculus,muricatus,Ranunculus_muricatus_65_28,L. ,,,,species,,1028.000005086263,1954.2362213134766,1185.4502360026042,2000.6724039713542,1.0,2.0
225,304,288.4656982421875,469.0166931152344,296.86669921875,480.161376953125,L.,65,28,1,724,,Ranunculus,,,,author_65_28,,,,,1201.940409342448,1954.2362213134766,1236.944580078125,2000.6724039713542,1.0,2.0
226,305,246.47999572753906,478.8567199707031,294.49664306640625,490.00140380859375,myosuroides,65,29,0,724,Ranunculus,Ranunculus,myosuroides,Ranunculus_myosuroides_65_29,Boiss. et Ky ,,,,species,,1026.9999821980794,1995.236333211263,1227.0693461100261,2041.6725158691406,1.0,2.0
227,306,297.5087890625,478.8567199707031,318.9256591796875,490.00140380859375,Boiss.,65,29,1,724,,Ranunculus,,,,author_65_29,,,,,1239.6199544270833,1995.236333211263,1328.856913248698,2041.6725158691406,1.0,2.0
228,307,322.3682556152344,478.8567199707031,329.4088134765625,490.00140380859375,et,65,29,2,724,,Ranunculus,,,,author_65_29,,,,,1343.2010650634766,1995.236333211263,1372.5367228190105,2041.6725158691406,1.0,2.0
229,308,332.63720703125,478.8567199707031,343.8041687011719,490.00140380859375,Ky,65,29,3,724,,Ranunculus,,,,author_65_29,,,,,1385.9883626302083,1995.236333211263,1432.517369588216,2041.6725158691406,1.0,2.0
230,309,246.47999572753906,488.67059326171875,290.62994384765625,499.5020751953125,myriophyllus,65,30,0,724,Ranunculus,Ranunculus,myriophyllus,Ranunculus_myriophyllus_65_30,D.C. ,,,,species,,1026.9999821980794,2036.1274719238281,1210.9580993652344,2081.2586466471353,1.0,2.0
231,310,293.7337341308594,488.6966857910156,312.9180908203125,499.84136962890625,D.C.,65,30,1,724,,Ranunculus,,,,author_65_30,,,,,1223.8905588785808,2036.2361907958984,1303.8253784179688,2082.672373453776,1.0,2.0
232,311,246.24000549316406,498.2967224121094,294.6197204589844,509.44140625,neapolitanus,65,31,0,724,Ranunculus,Ranunculus,neapolitanus,Ranunculus_neapolitanus_65_31,Ten ,,,,species,,1026.0000228881836,2076.236343383789,1227.5821685791016,2122.6725260416665,1.0,2.0
233,312,298.5237121582031,498.2967224121094,313.67987060546875,509.44140625,Ten,65,31,1,724,,Ranunculus,,,,author_65_31,,,,,1243.8488006591797,2076.236343383789,1306.9994608561199,2122.6725260416665,1.0,2.0
234,313,246.47999572753906,507.8966979980469,307.9618835449219,519.0413818359375,ophioglossifolius,65,32,0,724,Ranunculus,Ranunculus,ophioglossifolius,Ranunculus_ophioglossifolius_65_32,Vill. ,,,,species,,1026.9999821980794,2116.236241658529,1283.1745147705078,2162.6724243164062,1.0,2.0
235,314,312.0911560058594,507.8966979980469,329.29339599609375,519.0413818359375,Vill.,65,32,1,724,,Ranunculus,,,,author_65_32,,,,,1300.3798166910808,2116.236241658529,1372.0558166503906,2162.6724243164062,1.0,2.0
236,315,246.72000122070312,517.4966430664062,290.26837158203125,528.641357421875,orbiculatus,65,33,0,724,Ranunculus,Ranunculus,orbiculatus,Ranunculus_orbiculatus_65_33,Boiss. et Bo. ,,,,species,,1028.000005086263,2156.236012776693,1209.4515482584636,2202.672322591146,1.0,2.0
237,316,292.4196472167969,517.4966430664062,313.8365173339844,528.641357421875,Boiss.,65,33,1,724,,Ranunculus,,,,author_65_33,,,,,1218.4151967366536,2156.236012776693,1307.6521555582683,2202.672322591146,1.0,2.0
238,317,316.16632080078125,517.4966430664062,323.1528015136719,528.641357421875,et,65,33,2,724,,Ranunculus,,,,author_65_33,,,,,1317.3596700032551,2156.236012776693,1346.470006306966,2202.672322591146,1.0,2.0
239,318,325.3040771484375,517.4966430664062,338.3812255859375,528.641357421875,Bo.,65,33,3,724,,Ranunculus,,,,author_65_33,,,,,1355.4336547851562,2156.236012776693,1409.9217732747395,2202.672322591146,1.0,2.0
240,319,246.72000122070312,527.77197265625,277.19061279296875,537.0745849609375,orientalis,65,34,0,724,Ranunculus,Ranunculus,orientalis,Ranunculus_orientalis_65_34,L. ,,,,species,,1028.000005086263,2199.0498860677085,1154.9608866373699,2237.8107706705728,1.0,2.0
241,320,282.1587829589844,527.7943725585938,290.06689453125,537.3660278320312,L.,65,34,1,724,,Ranunculus,,,,author_65_34,,,,,1175.6615956624348,2199.1432189941406,1208.612060546875,2239.025115966797,1.0,2.0
242,321,246.72000122070312,536.2166748046875,291.3053894042969,547.3613891601562,oxyspermus,65,35,0,724,Ranunculus,Ranunculus,oxyspermus,Ranunculus_oxyspermus_65_35,M. Bieb. ,,,,species,,1028.000005086263,2234.2361450195312,1213.772455851237,2280.6724548339844,1.0,2.0
243,322,294.9234313964844,536.2166748046875,306.2073059082031,547.3613891601562,M.,65,35,1,724,,Ranunculus,,,,author_65_35,,,,,1228.8476308186848,2234.2361450195312,1275.863774617513,2280.6724548339844,1.0,2.0
244,323,310.0375061035156,536.2166748046875,329.9803466796875,547.3613891601562,Bieb.,65,35,2,724,,Ranunculus,,,,author_65_35,,,,,1291.8229420979817,2234.2361450195312,1374.9181111653645,2280.6724548339844,1.0,2.0
245,324,245.75999450683594,546.9527587890625,281.5892639160156,556.2802734375,palaestinus,65,36,0,724,Ranunculus,Ranunculus,palaestinus,Ranunculus_palaestinus_65_36,Boiss. ,,,,species,,1023.9999771118164,2278.9698282877603,1173.2885996500652,2317.83447265625,1.0,2.0
246,325,287.74493408203125,546.9752197265625,308.791259765625,556.5724487304688,Boiss.,65,36,1,724,,Ranunculus,,,,author_65_36,,,,,1198.9372253417969,2279.0634155273438,1286.6302490234375,2319.0518697102866,1.0,2.0
247,326,246.9600067138672,555.8966674804688,284.0082092285156,567.0413818359375,paludosus,65,37,0,724,Ranunculus,Ranunculus,paludosus,Ranunculus_paludosus_65_37,Poir. ,,,,species,,1029.0000279744465,2316.236114501953,1183.3675384521484,2362.6724243164062,1.0,2.0
248,327,288.1753234863281,555.8966674804688,306.6744689941406,567.0413818359375,Poir.,65,37,1,724,,Ranunculus,,,,author_65_37,,,,,1200.7305145263672,2316.236114501953,1277.810287475586,2362.6724243164062,1.0,2.0
249,328,246.0,565.9506225585938,300.18280029296875,576.7821044921875,paucistamineus,65,38,0,724,Ranunculus,Ranunculus,paucistamineus,Ranunculus_paucistamineus_65_38,Tausch ,,,,species,,1025.0,2358.1275939941406,1250.7616678873699,2403.2587687174478,1.0,2.0
250,329,301.63330078125,565.9766845703125,329.9868469238281,577.1213989257812,Tausch,65,38,1,724,,Ranunculus,,,,author_65_38,,,,,1256.805419921875,2358.2361857096353,1374.9451955159504,2404.6724955240884,1.0,2.0
251,330,246.0,575.0706176757812,274.8227233886719,585.902099609375,peyronii,65,39,0,724,Ranunculus,Ranunculus,peyronii,Ranunculus_peyronii_65_39,Briquet ,,,,species,,1025.0,2396.1275736490884,1145.0946807861328,2441.258748372396,1.0,2.0
252,331,277.4075012207031,575.0966796875,306.54144287109375,586.2413940429688,Briquet,65,39,1,724,,Ranunculus,,,,author_65_39,,,,,1155.8645884195964,2396.2361653645835,1277.2560119628906,2442.6724751790366,1.0,2.0
253,332,247.1999969482422,584.6966552734375,278.7523193359375,595.8413696289062,pinardii,65,40,0,724,Ranunculus,Ranunculus,pinardii,Ranunculus_pinardii_65_40,Boiss. ,,,,species,,1029.9999872843425,2436.2360636393228,1161.467997233073,2482.672373453776,1.0,2.0
254,333,281.64208984375,584.6966552734375,302.8600158691406,595.8413696289062,Boiss.,65,40,1,724,,Ranunculus,,,,author_65_40,,,,,1173.5087076822917,2436.2360636393228,1261.916732788086,2482.672373453776,1.0,2.0
255,334,247.1999969482422,595.2119750976562,294.9902648925781,604.5145874023438,rhynchocarpus,65,41,0,724,Ranunculus,Ranunculus,rhynchocarpus,Ranunculus_rhynchocarpus_65_41,C.A. Mey. ,,,,species,,1029.9999872843425,2480.0498962402344,1229.1261037190754,2518.810780843099,1.0,2.0
256,335,297.9949951171875,595.234375,315.5868225097656,604.8060302734375,C.A.,65,41,1,724,,Ranunculus,,,,author_65_41,,,,,1241.6458129882812,2480.1432291666665,1314.9450937906902,2520.0251261393228,1.0,2.0
257,336,319.1928405761719,595.234375,339.51580810546875,604.8060302734375,Mey.,65,41,2,724,,Ranunculus,,,,author_65_41,,,,,1329.9701690673828,2480.1432291666665,1414.6492004394531,2520.0251261393228,1.0,2.0
